0.0000000	0.0000000
0.020000000	183.92805
0.040000000	182.92067
0.060000000	180.32263
0.080000000	178.40682
0.10000000	178.58483
0.12000000	177.99379
0.14000000	176.88515
0.16000000	175.95338
0.18000000	175.54096
0.20000000	175.60877
0.22000000	175.29811
0.24000000	175.06377
0.26000000	175.01116
0.28000000	176.06639
0.30000000	177.85978
0.32000000	183.71166
0.34000000	193.15448
0.36000000	210.37005
0.38000000	232.03316
0.40000000	255.62154
0.42000000	282.94109
0.44000000	301.26790
0.46000000	321.91992
0.48000000	339.43086
0.50000000	355.24497
0.52000000	369.83197
0.54000000	389.45599
0.56000000	402.60982
0.58000000	418.41330
0.60000000	439.77963
0.62000000	463.18178
0.64000000	500.91729
0.66000000	555.13584
0.68000000	634.15758
0.70000000	730.32952
0.72000000	856.48356
0.74000000	965.66824
0.76000000	1079.5031
0.78000000	1158.6533
0.80000000	1211.7163
0.82000000	1249.9948
0.84000000	1270.5827
0.86000000	1285.1026
0.88000000	1294.8366
0.90000000	1303.1481
0.92000000	1309.8530
0.94000000	1316.7023
0.96000000	1322.1471
0.98000000	1327.0562
1.0000000	1331.4224
1.0200000	1334.6538
1.0400000	1337.6949
1.0600000	1340.6039
1.0800000	1343.3794
1.1000000	1346.6058
1.1200000	1350.2699
1.1400000	1353.6966
1.1600000	1356.7730
1.1800000	1359.9009
1.2000000	1363.0435
1.2200000	1366.6492
1.2400000	1370.5004
1.2600000	1374.5331
1.2800000	1378.9170
1.3000000	1383.3382
1.3200000	1387.9337
1.3400000	1392.9665
1.3600000	1397.6511
1.3800000	1402.9897
1.4000000	1408.8413
1.4200000	1415.9465
1.4400000	1424.7814
1.4600000	1435.8063
1.4800000	1447.4591
1.5000000	1462.1485
1.5200000	1482.5517
1.5400000	1511.9222
1.5600000	1555.2318
1.5800000	1630.8448
1.6000000	1757.7810
1.6200000	2010.0933
1.6400000	2551.4100
1.6600000	3542.9625
1.6800000	5390.3506
1.7000000	7833.3866
1.7200000	9906.5275
1.7400000	10405.513
1.7600000	8739.1025
1.7800000	6255.1534
1.8000000	4023.6501
1.8200000	2838.3643
1.8400000	2255.3883
1.8600000	1996.4217
1.8800000	1934.8844
1.9000000	2003.1958
1.9200000	2246.4059
1.9400000	2734.6046
1.9600000	3476.9507
1.9800000	4368.9460
2.0000000	4777.2519
2.0200000	4514.4535
2.0400000	3679.1776
2.0600000	2869.0956
2.0800000	2299.2255
2.1000000	2021.7242
2.1200000	1887.4475
2.1400000	1831.6307
2.1600000	1804.0345
2.1800000	1790.8253
2.2000000	1786.4346
2.2200000	1788.7010
2.2400000	1792.9136
2.2600000	1795.3430
2.2800000	1793.3543
2.3000000	1788.7501
2.3200000	1783.2130
2.3400000	1779.2363
2.3600000	1776.9879
2.3800000	1777.3274
2.4000000	1779.1563
2.4200000	1783.3077
2.4400000	1792.7141
2.4600000	1809.5862
2.4800000	1839.1768
2.5000000	1898.6292
2.5200000	2008.5524
2.5400000	2245.1920
2.5600000	2739.1196
2.5800000	3648.3875
2.6000000	5181.8830
2.6200000	7013.9096
2.6400000	8227.8445
2.6600000	8034.1170
2.6800000	6562.2193
2.7000000	4853.1410
2.7200000	3692.1840
2.7400000	3410.9536
2.7600000	3896.1204
2.7800000	5209.9112
2.8000000	6928.8615
2.8200000	8287.3551
2.8400000	8230.4931
2.8600000	6850.0912
2.8800000	4918.7657
2.9000000	3414.1163
2.9200000	2587.0725
2.9400000	2174.5451
2.9600000	1995.0500
2.9800000	1927.0041
3.0000000	1924.7213
3.0200000	1994.5031
3.0400000	2163.6298
3.0600000	2541.7975
3.0800000	3335.2577
3.1000000	4758.1857
3.1200000	7074.9184
3.1400000	9564.9253
3.1600000	10952.850
3.1800000	10237.423
3.2000000	7933.7770
3.2200000	5424.2620
3.2400000	3728.4073
3.2600000	2956.8377
3.2800000	2711.5520
3.3000000	2727.7945
3.3200000	2785.4560
3.3400000	2851.6368
3.3600000	3070.7174
3.3800000	3762.9521
3.4000000	5264.0050
3.4200000	7924.6367
3.4400000	10836.993
3.4600000	12773.076
3.4800000	12106.163
3.5000000	9532.7075
3.5200000	6345.2727
3.5400000	4203.1954
3.5600000	3019.2501
3.5800000	2472.3022
3.6000000	2242.7919
3.6200000	2088.3328
3.6400000	1940.7849
3.6600000	1821.6452
3.6800000	1744.0492
3.7000000	1708.5988
3.7200000	1714.5999
3.7400000	1765.1560
3.7600000	1895.1849
3.7800000	2182.0388
3.8000000	2733.9776
3.8200000	3748.9376
3.8400000	5048.4895
3.8600000	6175.8549
3.8800000	6391.6938
3.9000000	5543.3557
3.9200000	4177.9417
3.9400000	3006.5174
3.9600000	2334.7582
3.9800000	2007.9271
4.0000000	1849.4584
4.0200000	1749.6952
4.0400000	1659.9815
4.0600000	1590.2947
4.0800000	1546.0729
4.1000000	1522.4302
4.1200000	1512.0947
4.1400000	1510.1538
4.1600000	1515.7318
4.1800000	1531.5032
4.2000000	1562.3090
4.2200000	1624.7690
4.2400000	1746.5053
4.2600000	1988.9408
4.2800000	2470.3339
4.3000000	3338.9711
4.3200000	4541.5501
4.3400000	5838.0347
4.3600000	6355.1783
4.3800000	5913.0709
4.4000000	4737.7333
4.4200000	3755.8134
4.4400000	3237.2010
4.4600000	3082.6335
4.4800000	2922.7757
4.5000000	2624.4592
4.5200000	2224.5929
4.5400000	1920.9541
4.5600000	1727.1544
4.5800000	1630.3670
4.6000000	1585.4108
4.6200000	1564.7370
4.6400000	1559.0676
4.6600000	1566.2886
4.6800000	1590.5343
4.7000000	1643.9907
4.7200000	1745.4243
4.7400000	1923.9775
4.7600000	2172.3180
4.7800000	2397.7318
4.8000000	2499.9595
4.8200000	2422.7156
4.8400000	2277.2044
4.8600000	2177.8727
4.8800000	2163.6455
4.9000000	2151.1028
4.9200000	2084.4545
4.9400000	1988.1499
4.9600000	1922.8007
4.9800000	1943.3728
5.0000000	2087.7926
5.0200000	2407.5120
5.0400000	3011.8539
5.0600000	3865.0142
5.0800000	4755.9563
5.1000000	5282.6391
5.1200000	5239.5816
5.1400000	4955.7032
5.1600000	4914.8498
5.1800000	5231.1333
5.2000000	5724.9384
5.2200000	6398.8051
5.2400000	7588.3091
5.2600000	9406.2826
5.2800000	11055.802
5.3000000	11122.598
5.3200000	9427.1150
5.3400000	6792.1874
5.3600000	4624.5082
5.3800000	3262.9472
5.4000000	2563.0463
5.4200000	2234.1926
5.4400000	2084.7706
5.4600000	2052.4753
5.4800000	2116.1478
5.5000000	2302.7445
5.5200000	2647.3455
5.5400000	3071.8978
5.5600000	3470.6313
5.5800000	3672.7105
5.6000000	3779.5718
5.6200000	3944.9982
5.6400000	4167.5581
5.6600000	4184.8575
5.6800000	3794.8121
5.7000000	3160.5129
5.7200000	2563.8458
5.7400000	2160.3290
5.7600000	1951.7370
5.7800000	1839.6627
5.8000000	1790.3183
5.8200000	1783.2060
5.8400000	1813.5298
5.8600000	1891.2057
5.8800000	2005.6736
5.9000000	2126.0158
5.9200000	2199.3055
5.9400000	2211.0246
5.9600000	2203.7441
5.9800000	2214.0634
6.0000000	2205.2011
6.0200000	2134.8703
6.0400000	1999.1473
6.0600000	1871.5106
6.0800000	1778.1954
6.1000000	1729.1248
6.1200000	1709.8907
6.1400000	1714.3276
6.1600000	1751.1154
6.1800000	1827.1893
6.2000000	1964.2318
6.2200000	2168.3416
6.2400000	2433.5018
6.2600000	2799.2875
6.2800000	3308.5945
6.3000000	3860.0826
6.3200000	4229.9906
6.3400000	4115.2217
6.3600000	3621.3480
6.3800000	3022.1483
6.4000000	2690.8128
6.4200000	2712.3616
6.4400000	3035.6466
6.4600000	3485.4890
6.4800000	3793.8684
6.5000000	3827.6262
6.5200000	3670.6001
6.5400000	3530.0214
6.5600000	3498.6494
6.5800000	3580.5053
6.6000000	3748.9013
6.6200000	3912.4404
6.6400000	3843.9010
6.6600000	3480.4243
6.6800000	2908.7804
6.7000000	2425.3685
6.7200000	2103.9170
6.7400000	1934.1819
6.7600000	1877.9457
6.7800000	1909.7340
6.8000000	2037.3543
6.8200000	2235.7719
6.8400000	2429.5383
6.8600000	2520.7722
6.8800000	2457.2664
6.9000000	2302.1200
6.9200000	2142.4963
6.9400000	2015.6940
6.9600000	1913.4293
6.9800000	1823.5701
7.0000000	1761.6631
7.0200000	1718.0720
7.0400000	1694.0762
7.0600000	1697.9341
7.0800000	1735.3348
7.1000000	1814.2303
7.1200000	1906.2432
7.1400000	1981.6345
7.1600000	2014.6512
7.1800000	2013.5071
7.2000000	1995.5304
7.2200000	1957.2919
7.2400000	1890.9378
7.2600000	1812.9187
7.2800000	1750.6898
7.3000000	1731.2688
7.3200000	1760.5368
7.3400000	1852.5027
7.3600000	2024.3217
7.3800000	2259.7434
7.4000000	2493.0486
7.4200000	2586.5250
7.4400000	2496.7107
7.4600000	2277.4009
7.4800000	2075.9547
7.5000000	1962.0628
7.5200000	1971.1104
7.5400000	2103.1305
7.5600000	2373.2011
7.5800000	2776.1209
7.6000000	3168.9498
7.6200000	3424.1524
7.6400000	3441.8018
7.6600000	3356.9722
7.6800000	3338.7705
7.7000000	3520.8480
7.7200000	3810.4416
7.7400000	4021.8616
7.7600000	3901.2454
7.7800000	3466.2245
7.8000000	2880.0961
7.8200000	2422.6451
7.8400000	2168.8345
7.8600000	2098.0716
7.8800000	2180.8868
7.9000000	2371.5203
7.9200000	2639.2454
7.9400000	2900.7601
7.9600000	3102.6716
7.9800000	3219.9362
8.0000000	3188.1441
8.0200000	2982.7901
8.0400000	2638.2665
8.0600000	2289.6744
8.0800000	2052.4398
8.1000000	1938.1092
8.1200000	1939.2176
8.1400000	2019.8992
8.1600000	2143.8057
8.1800000	2242.2883
8.2000000	2253.4525
8.2200000	2169.5368
8.2400000	2043.9659
8.2600000	1924.4216
8.2800000	1830.7954
8.3000000	1766.3948
8.3200000	1730.3394
8.3400000	1724.1244
8.3600000	1749.5047
8.3800000	1809.3498
8.4000000	1911.2056
8.4200000	2053.2477
8.4400000	2225.8498
8.4600000	2404.1310
8.4800000	2520.8201
8.5000000	2513.9178
8.5200000	2387.2128
8.5400000	2230.6064
8.5600000	2142.3875
8.5800000	2153.4554
8.6000000	2245.0514
8.6200000	2383.7297
8.6400000	2583.2700
8.6600000	2863.6532
8.6800000	3208.7705
8.7000000	3543.5143
8.7200000	3666.8870
8.7400000	3477.2628
8.7600000	3021.9096
8.7800000	2519.4937
8.8000000	2151.5809
8.8200000	1940.5135
8.8400000	1863.1668
8.8600000	1855.9056
8.8800000	1872.5326
8.9000000	1871.9401
8.9200000	1841.3915
8.9400000	1788.0914
8.9600000	1733.6545
8.9800000	1690.3301
9.0000000	1663.6468
9.0200000	1662.9074
9.0400000	1694.3836
9.0600000	1764.0915
9.0800000	1863.7938
9.1000000	1956.6647
9.1200000	2004.8629
9.1400000	1981.6067
9.1600000	1910.0823
9.1800000	1821.6405
9.2000000	1743.0105
9.2200000	1687.7999
9.2400000	1660.5368
9.2600000	1667.8734
9.2800000	1707.5048
9.3000000	1769.1909
9.3200000	1828.3395
9.3400000	1854.3802
9.3600000	1841.9299
9.3800000	1810.3559
9.4000000	1800.2455
9.4200000	1839.8800
9.4400000	1948.8310
9.4600000	2109.3444
9.4800000	2278.8916
9.5000000	2404.4170
9.5200000	2461.6283
9.5400000	2489.0090
9.5600000	2521.4069
9.5800000	2542.6840
9.6000000	2500.7175
9.6200000	2351.8249
9.6400000	2143.1976
9.6600000	1940.0149
9.6800000	1802.1515
9.7000000	1741.2686
9.7200000	1739.6967
9.7400000	1780.6461
9.7600000	1842.5730
9.7800000	1903.6413
9.8000000	1932.6818
9.8200000	1906.0841
9.8400000	1836.7043
9.8600000	1755.6091
9.8800000	1703.4419
9.9000000	1689.6482
9.9200000	1711.8841
9.9400000	1752.9653
9.9600000	1794.5120
9.9800000	1821.4878
10.000000	1822.9875
10.020000	1801.0194
10.040000	1764.0353
10.060000	1734.5342
10.080000	1733.9039
10.100000	1777.2391
10.120000	1861.7486
10.140000	1962.9468
10.160000	2052.5453
10.180000	2097.9469
10.200000	2096.9054
10.220000	2063.9683
10.240000	2031.8511
10.260000	2033.0810
10.280000	2079.0115
10.300000	2154.6778
10.320000	2242.7826
10.340000	2358.5936
10.360000	2522.8393
10.380000	2690.9667
10.400000	2772.2400
10.420000	2674.7922
10.440000	2437.2356
10.460000	2164.6225
10.480000	1960.2589
10.500000	1850.3107
10.520000	1808.6375
10.540000	1799.8946
10.560000	1784.8049
10.580000	1755.4759
10.600000	1716.5883
10.620000	1682.9938
10.640000	1664.1136
10.660000	1668.1214
10.680000	1697.3924
10.700000	1744.0238
10.720000	1788.3315
10.740000	1801.9460
10.760000	1778.0579
10.780000	1725.7488
10.800000	1672.4815
10.820000	1632.6774
10.840000	1611.3128
10.860000	1607.8944
10.880000	1617.0729
10.900000	1631.6675
10.920000	1642.3783
10.940000	1646.3117
10.960000	1649.6585
10.980000	1667.5846
11.000000	1711.1840
11.020000	1784.9726
11.040000	1878.6635
11.060000	1975.3600
11.080000	2075.6854
11.100000	2183.7374
11.120000	2287.4263
11.140000	2346.6451
11.160000	2306.0211
11.180000	2170.8422
11.200000	1996.0123
11.220000	1854.2851
11.240000	1779.6240
11.260000	1757.2011
11.280000	1759.0958
11.300000	1754.3761
11.320000	1731.6024
11.340000	1692.0212
11.360000	1647.5333
11.380000	1609.8184
11.400000	1586.1895
11.420000	1579.6309
11.440000	1585.3811
11.460000	1596.6517
11.480000	1606.3991
11.500000	1610.0347
11.520000	1607.4631
11.540000	1604.5112
11.560000	1611.8904
11.580000	1639.6530
11.600000	1692.3012
11.620000	1762.8977
11.640000	1835.7788
11.660000	1891.3271
11.680000	1913.2390
11.700000	1907.5429
11.720000	1894.6529
11.740000	1895.3774
11.760000	1909.4100
11.780000	1924.9009
11.800000	1930.9837
11.820000	1924.6364
11.840000	1899.5909
11.860000	1847.0898
11.880000	1773.5821
11.900000	1696.1045
11.920000	1640.1834
11.940000	1610.9908
11.960000	1600.3104
11.980000	1594.1318
12.000000	1581.8904
12.020000	1563.6092
12.040000	1544.9711
12.060000	1533.9071
12.080000	1533.7882
12.100000	1545.7715
12.120000	1565.2172
12.140000	1584.1102
12.160000	1593.9532
12.180000	1589.7323
12.200000	1574.3592
12.220000	1554.9780
12.240000	1541.9663
12.260000	1539.9324
12.280000	1548.0669
12.300000	1558.3659
12.320000	1564.5766
12.340000	1567.0222
12.360000	1574.3601
12.380000	1594.1075
12.400000	1626.5464
12.420000	1661.9548
12.440000	1688.2591
12.460000	1702.6527
12.480000	1706.4906
12.500000	1700.6861
12.520000	1681.9170
12.540000	1650.1767
12.560000	1619.9702
12.580000	1606.2672
12.600000	1619.3881
12.620000	1655.2330
12.640000	1697.8687
12.660000	1726.5727
12.680000	1722.8410
12.700000	1689.2969
12.720000	1643.4598
12.740000	1608.2891
12.760000	1592.1160
12.780000	1587.1519
12.800000	1581.5632
12.820000	1569.1445
12.840000	1552.6984
12.860000	1539.3312
12.880000	1537.0317
12.900000	1549.0253
12.920000	1575.4220
12.940000	1610.2087
12.960000	1642.7636
12.980000	1663.0256
13.000000	1666.0876
13.020000	1660.7735
13.040000	1661.7402
13.060000	1681.6905
13.080000	1721.2885
13.100000	1770.5738
13.120000	1809.2446
13.140000	1812.3907
13.160000	1773.1291
13.180000	1702.9579
13.200000	1632.6061
13.220000	1579.7225
13.240000	1546.8839
13.260000	1526.6290
13.280000	1509.6451
13.300000	1493.3112
13.320000	1479.8754
13.340000	1471.3904
13.360000	1469.1343
13.380000	1472.7221
13.400000	1479.4488
13.420000	1485.4379
13.440000	1487.1175
13.460000	1483.1462
13.480000	1475.8288
13.500000	1468.7124
13.520000	1465.5104
13.540000	1465.5152
13.560000	1467.0456
13.580000	1469.4432
13.600000	1475.6794
13.620000	1490.4630
13.640000	1517.2645
13.660000	1555.3877
13.680000	1600.7962
13.700000	1645.1492
13.720000	1673.3977
13.740000	1675.3800
13.760000	1647.5406
13.780000	1604.4949
13.800000	1564.9804
13.820000	1543.4517
13.840000	1542.5425
13.860000	1551.2652
13.880000	1556.1888
13.900000	1546.8708
13.920000	1524.8047
13.940000	1499.0534
13.960000	1479.1984
13.980000	1469.0710
14.000000	1464.7584
14.020000	1461.5804
14.040000	1456.8941
14.060000	1452.3362
14.080000	1451.2354
14.100000	1456.8782
14.120000	1468.8007
14.140000	1484.6826
14.160000	1500.4289
14.180000	1513.9477
14.200000	1526.8534
14.220000	1539.7898
14.240000	1550.0004
14.260000	1553.4277
14.280000	1547.1544
14.300000	1532.3163
14.320000	1510.9273
14.340000	1486.0381
14.360000	1462.7278
14.380000	1445.8794
14.400000	1436.0747
14.420000	1430.2190
14.440000	1423.8966
14.460000	1414.7466
14.480000	1403.9036
14.500000	1394.5243
14.520000	1388.8216
14.540000	1386.8269
14.560000	1387.1529
14.580000	1387.2058
14.600000	1385.6320
14.620000	1382.5593
14.640000	1379.6819
14.660000	1378.2542
14.680000	1378.9830
14.700000	1381.2719
14.720000	1384.9574
14.740000	1391.1561
14.760000	1402.1551
14.780000	1419.6431
14.800000	1444.2729
14.820000	1474.2883
14.840000	1502.5398
14.860000	1521.2551
14.880000	1520.8280
14.900000	1500.6864
14.920000	1470.9666
14.940000	1442.0975
14.960000	1420.7884
14.980000	1404.7478
15.000000	1391.1852
15.020000	1379.3235
15.040000	1371.0573
15.060000	1366.9730
15.080000	1366.9870
15.100000	1369.1350
15.120000	1371.1705
15.140000	1371.8939
15.160000	1371.7233
15.180000	1373.3393
15.200000	1379.0822
15.220000	1390.4661
15.240000	1405.4711
15.260000	1420.7204
15.280000	1431.8632
15.300000	1437.3105
15.320000	1439.0108
15.340000	1439.4152
15.360000	1439.1697
15.380000	1436.8415
15.400000	1429.7953
15.420000	1416.3342
15.440000	1398.9281
15.460000	1380.9177
15.480000	1366.3713
15.500000	1356.6843
15.520000	1350.9138
15.540000	1347.8594
15.560000	1347.0667
15.580000	1348.5298
15.600000	1351.9061
15.620000	1356.0291
15.640000	1358.7356
15.660000	1358.9126
15.680000	1356.7247
15.700000	1354.0439
15.720000	1352.6382
15.740000	1353.1478
15.760000	1355.4586
15.780000	1359.1648
15.800000	1365.1518
15.820000	1374.9748
15.840000	1388.8494
15.860000	1405.1857
15.880000	1420.9980
15.900000	1431.4824
15.920000	1432.5340
15.940000	1422.8934
15.960000	1405.1274
15.980000	1386.2411
16.000000	1370.9272
16.020000	1360.5550
16.040000	1352.9860
16.060000	1346.3033
16.080000	1339.6377
16.100000	1333.5078
16.120000	1329.0074
16.140000	1325.9408
16.160000	1323.5829
16.180000	1321.5678
16.200000	1320.3577
16.220000	1320.7988
16.240000	1323.8993
16.260000	1329.1265
16.280000	1335.0401
16.300000	1340.4182
16.320000	1345.1210
16.340000	1350.7607
16.360000	1359.1221
16.380000	1370.4223
16.400000	1381.0183
16.420000	1385.6123
16.440000	1379.7702
16.460000	1365.0107
16.480000	1346.5730
16.500000	1329.4943
16.520000	1316.3147
16.540000	1306.7210
16.560000	1299.4949
16.580000	1294.3044
16.600000	1291.1118
16.620000	1289.4941
16.640000	1288.6267
16.660000	1287.6505
16.680000	1286.1144
16.700000	1284.4280
16.720000	1283.0970
16.740000	1282.5708
16.760000	1282.6535
16.780000	1283.2751
16.800000	1284.7090
16.820000	1287.6858
16.840000	1291.8219
16.860000	1295.8437
16.880000	1297.9950
16.900000	1297.3113
16.920000	1294.0530
16.940000	1289.6013
16.960000	1286.0075
16.980000	1284.4150
17.000000	1284.7282
17.020000	1285.0418
17.040000	1283.5898
17.060000	1280.0052
17.080000	1275.5466
17.100000	1271.8661
17.120000	1269.3515
17.140000	1267.7413
17.160000	1266.0998
17.180000	1264.4916
17.200000	1263.3830
17.220000	1263.4002
17.240000	1264.6780
17.260000	1266.9791
17.280000	1270.0282
17.300000	1273.7380
17.320000	1277.9176
17.340000	1281.7788
17.360000	1283.9248
17.380000	1282.9013
17.400000	1277.9464
17.420000	1269.8634
17.440000	1260.8251
17.460000	1253.0948
17.480000	1247.6083
17.500000	1244.2683
17.520000	1242.4811
17.540000	1241.9372
17.560000	1241.8807
17.580000	1241.7701
17.600000	1241.0400
17.620000	1239.5040
17.640000	1237.2481
17.660000	1234.9606
17.680000	1233.3262
17.700000	1232.8671
17.720000	1233.4177
17.740000	1235.2407
17.760000	1238.4289
17.780000	1242.7004
17.800000	1247.3648
17.820000	1251.4016
17.840000	1253.6472
17.860000	1253.2074
17.880000	1250.8079
17.900000	1247.8347
17.920000	1245.3394
17.940000	1243.6535
17.960000	1241.9628
17.980000	1239.6374
18.000000	1236.8913
18.020000	1234.4971
18.040000	1232.7960
18.060000	1232.1300
18.080000	1232.6036
18.100000	1233.9995
18.120000	1236.5399
18.140000	1240.0082
18.160000	1243.7922
18.180000	1246.9194
18.200000	1248.6331
18.220000	1248.8773
18.240000	1248.5968
18.260000	1248.2515
18.280000	1247.3125
18.300000	1245.0260
18.320000	1240.7984
18.340000	1235.2091
18.360000	1229.6063
18.380000	1224.9816
18.400000	1221.5068
18.420000	1219.1914
18.440000	1217.9043
18.460000	1217.5824
18.480000	1217.5611
18.500000	1217.6536
18.520000	1217.5318
18.540000	1217.2107
18.560000	1216.7054
18.580000	1216.5538
18.600000	1216.7443
18.620000	1217.4876
18.640000	1218.8138
18.660000	1221.1858
18.680000	1224.0073
18.700000	1227.0328
18.720000	1228.8080
18.740000	1228.5858
18.760000	1226.3584
18.780000	1222.7747
18.800000	1218.7759
18.820000	1215.5173
18.840000	1212.7233
18.860000	1210.2826
18.880000	1207.9726
18.900000	1205.9607
18.920000	1204.3427
18.940000	1203.0036
18.960000	1201.8502
18.980000	1201.0409
19.000000	1201.0355
19.020000	1201.7877
19.040000	1203.0812
19.060000	1204.3498
19.080000	1205.3692
19.100000	1206.4912
19.120000	1207.6154
19.140000	1208.1788
19.160000	1207.7506
19.180000	1205.7145
19.200000	1202.3952
19.220000	1198.4595
19.240000	1194.4094
19.260000	1190.5573
19.280000	1187.1503
19.300000	1184.1933
19.320000	1181.9617
19.340000	1180.3064
19.360000	1179.0701
19.380000	1178.1033
19.400000	1177.3053
19.420000	1176.4298
19.440000	1175.5315
19.460000	1175.0193
19.480000	1175.0662
19.500000	1175.4009
19.520000	1175.8112
19.540000	1175.9208
19.560000	1175.4524
19.580000	1174.4336
19.600000	1172.7698
19.620000	1170.6462
19.640000	1168.7631
19.660000	1167.3215
19.680000	1165.9420
19.700000	1164.8863
19.720000	1164.5448
19.740000	1164.2041
19.760000	1163.9124
19.780000	1163.6272
19.800000	1163.3353
19.820000	1162.8511
19.840000	1162.4455
19.860000	1162.0337
19.880000	1161.9386
19.900000	1162.1201
19.920000	1162.2112
19.940000	1162.1618
19.960000	1162.2261
19.980000	1161.9783
20.000000	1161.2004
20.020000	1159.6040
20.040000	1157.5715
20.060000	1155.2237
20.080000	1152.9075
20.100000	1150.8499
20.120000	1149.0311
20.140000	1147.7952
20.160000	1146.8179
20.180000	1146.1280
20.200000	1145.6031
20.220000	1145.1739
20.240000	1144.6793
20.260000	1144.3670
20.280000	1144.1982
20.300000	1144.3963
20.320000	1145.8164
20.340000	1148.0243
20.360000	1150.4923
20.380000	1152.6121
20.400000	1153.8647
20.420000	1153.7841
20.440000	1151.9180
20.460000	1149.0684
20.480000	1146.1653
20.500000	1143.8723
20.520000	1141.8022
20.540000	1139.8729
20.560000	1138.4558
20.580000	1137.5127
20.600000	1136.8970
20.620000	1136.4298
20.640000	1136.3308
20.660000	1136.5071
20.680000	1136.7959
20.700000	1136.9436
20.720000	1137.0169
20.740000	1136.6524
20.760000	1135.9388
20.780000	1135.0721
20.800000	1134.0938
20.820000	1132.6927
20.840000	1130.7943
20.860000	1129.0646
20.880000	1127.7268
20.900000	1126.4614
20.920000	1125.4871
20.940000	1125.0124
20.960000	1124.4291
20.980000	1123.6912
21.000000	1123.3972
21.020000	1122.9803
21.040000	1122.5506
21.060000	1122.4301
21.080000	1122.5269
21.100000	1122.6725
21.120000	1122.8827
21.140000	1123.4997
21.160000	1124.0717
21.180000	1124.5051
21.200000	1124.4897
21.220000	1123.8424
21.240000	1122.9427
21.260000	1121.8322
21.280000	1120.6451
21.300000	1119.5748
21.320000	1118.6419
21.340000	1117.6161
21.360000	1116.4216
21.380000	1115.2864
21.400000	1114.3415
21.420000	1113.6171
21.440000	1113.3135
21.460000	1113.2463
21.480000	1113.1569
21.500000	1113.2801
21.520000	1113.7821
21.540000	1114.0609
21.560000	1114.0023
21.580000	1113.2038
21.600000	1112.1715
21.620000	1110.6054
21.640000	1108.5475
21.660000	1106.6506
21.680000	1104.8096
21.700000	1103.3994
21.720000	1102.5963
21.740000	1101.8118
21.760000	1101.1295
21.780000	1100.6504
21.800000	1099.9397
21.820000	1099.0070
21.840000	1098.2290
21.860000	1097.7682
21.880000	1097.5607
21.900000	1097.3667
21.920000	1097.0710
21.940000	1096.7128
21.960000	1095.9664
21.980000	1095.0460
22.000000	1093.9846
22.020000	1092.9378
22.040000	1091.7114
22.060000	1090.6997
22.080000	1089.7503
22.100000	1089.0640
22.120000	1088.8683
22.140000	1088.8906
22.160000	1088.8622
22.180000	1088.7103
22.200000	1088.6354
22.220000	1088.5451
22.240000	1088.3583
22.260000	1088.1209
22.280000	1087.7519
22.300000	1087.2048
22.320000	1086.5905
22.340000	1086.0146
22.360000	1085.1341
22.380000	1084.0377
22.400000	1082.8950
22.420000	1081.8253
22.440000	1080.9633
22.460000	1080.2537
22.480000	1079.5276
22.500000	1078.8762
22.520000	1078.3910
22.540000	1077.9543
22.560000	1077.3015
22.580000	1076.7932
22.600000	1076.5710
22.620000	1076.6421
22.640000	1076.6711
22.660000	1076.6121
22.680000	1076.5881
22.700000	1076.4332
22.720000	1075.6668
22.740000	1074.7933
22.760000	1073.9962
22.780000	1073.0712
22.800000	1072.3072
22.820000	1071.6289
22.840000	1071.0859
22.860000	1070.5799
22.880000	1070.1799
22.900000	1069.9232
22.920000	1069.8494
22.940000	1069.7426
22.960000	1069.8232
22.980000	1069.7478
23.000000	1069.4213
23.020000	1069.0102
23.040000	1068.4245
23.060000	1067.7042
23.080000	1066.8606
23.100000	1066.1696
23.120000	1065.8860
23.140000	1065.3960
23.160000	1065.0076
23.180000	1064.7931
23.200000	1064.5010
23.220000	1064.2065
23.240000	1063.7675
23.260000	1063.3854
23.280000	1063.2164
23.300000	1063.0829
23.320000	1063.2065
23.340000	1063.1429
23.360000	1063.0067
23.380000	1062.9366
23.400000	1062.6514
23.420000	1062.3384
23.440000	1062.0505
23.460000	1061.5627
23.480000	1061.0233
23.500000	1060.2656
23.520000	1059.5958
23.540000	1058.8660
23.560000	1058.2714
23.580000	1057.9607
23.600000	1057.4527
23.620000	1056.9253
23.640000	1056.3369
23.660000	1056.0941
23.680000	1056.0997
23.700000	1055.8576
23.720000	1055.5488
23.740000	1055.1545
23.760000	1054.6170
23.780000	1054.0178
23.800000	1053.4295
23.820000	1052.6475
23.840000	1051.6552
23.860000	1050.6502
23.880000	1050.1459
23.900000	1049.7926
23.920000	1049.3739
23.940000	1048.8657
23.960000	1048.4092
23.980000	1048.0279
24.000000	1047.5884
24.020000	1047.3758
24.040000	1047.1765
24.060000	1046.7993
24.080000	1046.4464
24.100000	1046.1656
24.120000	1045.8333
24.140000	1045.3273
24.160000	1044.6757
24.180000	1044.1402
24.200000	1043.5270
24.220000	1042.7837
24.240000	1042.2574
24.260000	1041.7772
24.280000	1041.2449
24.300000	1040.8367
24.320000	1040.2412
24.340000	1039.7748
24.360000	1039.9478
24.380000	1039.8732
24.400000	1039.1956
24.420000	1038.4668
24.440000	1038.0238
24.460000	1037.4462
24.480000	1036.7963
24.500000	1036.1634
24.520000	1035.4082
24.540000	1034.7795
24.560000	1034.1585
24.580000	1033.6405
24.600000	1033.0721
24.620000	1032.6312
24.640000	1032.2309
24.660000	1031.8390
24.680000	1031.5079
24.700000	1031.0962
24.720000	1030.6260
24.740000	1030.1408
24.760000	1029.7496
24.780000	1029.3125
24.800000	1028.8256
24.820000	1028.2703
24.840000	1027.8273
24.860000	1027.5253
24.880000	1027.0006
24.900000	1026.5241
24.920000	1025.9424
24.940000	1025.3596
24.960000	1025.0012
24.980000	1024.5524
25.000000	1024.1507
25.020000	1023.8554
25.040000	1023.5647
25.060000	1023.1612
25.080000	1022.7385
25.100000	1022.1653
25.120000	1021.6175
25.140000	1021.1545
25.160000	1020.5921
25.180000	1020.0140
25.200000	1019.4855
25.220000	1019.0888
25.240000	1018.7351
25.260000	1018.2459
25.280000	1017.8955
25.300000	1017.7199
25.320000	1017.2827
25.340000	1016.8477
25.360000	1016.4420
25.380000	1016.0243
25.400000	1015.7445
25.420000	1015.4234
25.440000	1015.0044
25.460000	1014.5652
25.480000	1014.1472
25.500000	1013.8283
25.520000	1013.4608
25.540000	1013.1249
25.560000	1012.6167
25.580000	1012.2228
25.600000	1011.8861
25.620000	1011.6125
25.640000	1011.2624
25.660000	1010.8639
25.680000	1010.6173
25.700000	1010.4827
25.720000	1010.2736
25.740000	1009.8956
25.760000	1009.4889
25.780000	1008.9644
25.800000	1008.5777
25.820000	1008.0086
25.840000	1007.4175
25.860000	1006.9525
25.880000	1006.4887
25.900000	1006.0943
25.920000	1005.7400
25.940000	1005.4665
25.960000	1004.9811
25.980000	1004.4396
26.000000	1004.1008
26.020000	1003.9573
26.040000	1003.7358
26.060000	1003.4192
26.080000	1003.0437
26.100000	1002.7286
26.120000	1002.3896
26.140000	1002.0447
26.160000	1001.6462
26.180000	1001.1812
26.200000	1000.7018
26.220000	1000.3424
26.240000	999.99875
26.260000	999.55299
26.280000	999.17750
26.300000	998.76860
26.320000	998.27217
26.340000	997.93016
26.360000	997.78584
26.380000	997.59748
26.400000	997.21977
26.420000	996.81368
26.440000	996.38244
26.460000	995.91107
26.480000	995.39186
26.500000	994.97672
26.520000	994.65160
26.540000	994.33637
26.560000	993.92872
26.580000	993.49030
26.600000	993.00851
26.620000	992.51716
26.640000	992.26619
26.660000	992.00839
26.680000	991.74350
26.700000	991.40634
26.720000	991.02434
26.740000	990.57045
26.760000	990.20126
26.780000	989.85565
26.800000	989.37591
26.820000	988.92202
26.840000	988.45718
26.860000	988.09137
26.880000	987.72918
26.900000	987.31173
26.920000	986.92018
26.940000	986.59445
26.960000	986.24552
26.980000	985.87188
27.000000	985.53355
27.020000	985.11114
27.040000	984.69050
27.060000	984.35956
27.080000	983.95231
27.100000	983.58644
27.120000	983.04738
27.140000	982.63164
27.160000	982.28848
27.180000	982.06441
27.200000	981.78194
27.220000	981.38961
27.240000	981.11192
27.260000	980.77907
27.280000	980.38161
27.300000	979.94414
27.320000	979.51087
27.340000	979.16896
27.360000	978.74350
27.380000	978.42029
27.400000	978.00693
27.420000	977.61091
27.440000	977.14725
27.460000	976.80071
27.480000	976.49004
27.500000	976.09772
27.520000	975.77221
27.540000	975.45792
27.560000	975.14421
27.580000	974.91588
27.600000	974.65224
27.620000	974.37918
27.640000	974.01772
27.660000	973.69488
27.680000	973.38493
27.700000	973.04431
27.720000	972.67129
27.740000	972.22479
27.760000	971.81349
27.780000	971.34125
27.800000	971.04726
27.820000	970.81920
27.840000	970.41422
27.860000	970.13279
27.880000	969.87546
27.900000	969.56627
27.920000	969.16843
27.940000	968.79467
27.960000	968.50999
27.980000	968.28928
28.000000	967.94968
28.020000	967.53720
28.040000	967.23485
28.060000	967.02473
28.080000	966.84793
28.100000	966.46933
28.120000	966.09184
28.140000	965.84794
28.160000	965.39895
28.180000	964.86198
28.200000	964.65048
28.220000	964.44075
28.240000	964.15274
28.260000	963.80976
28.280000	963.39917
28.300000	962.95667
28.320000	962.64793
28.340000	962.51257
28.360000	962.30977
28.380000	961.99843
28.400000	961.74607
28.420000	961.41575
28.440000	961.03875
28.460000	960.57359
28.480000	960.31952
28.500000	960.11786
28.520000	959.73427
28.540000	959.40971
28.560000	959.08220
28.580000	958.82054
28.600000	958.51014
28.620000	958.16333
28.640000	957.76010
28.660000	957.42606
28.680000	957.18265
28.700000	956.88866
28.720000	956.60405
28.740000	956.37126
28.760000	956.08438
28.780000	955.69726
28.800000	955.34186
28.820000	955.12195
28.840000	954.89085
28.860000	954.59341
28.880000	954.23518
28.900000	953.95675
28.920000	953.66057
28.940000	953.26188
28.960000	952.70766
28.980000	952.37580
29.000000	952.16363
29.020000	951.90368
29.040000	951.65389
29.060000	951.26035
29.080000	950.98897
29.100000	950.77947
29.120000	950.46517
29.140000	949.96697
29.160000	949.59070
29.180000	949.33738
29.200000	949.03450
29.220000	948.77735
29.240000	948.50918
29.260000	948.19265
29.280000	947.83589
29.300000	947.49655
29.320000	947.19821
29.340000	946.80764
29.360000	946.44764
29.380000	946.04584
29.400000	945.63210
29.420000	945.52912
29.440000	945.31127
29.460000	945.01496
29.480000	944.66011
29.500000	944.14980
29.520000	943.71218
29.540000	943.43325
29.560000	943.23006
29.580000	942.96486
29.600000	942.69107
29.620000	942.26111
29.640000	941.89184
29.660000	941.59855
29.680000	941.21075
29.700000	941.01875
29.720000	940.89593
29.740000	940.69614
29.760000	940.45711
29.780000	940.03347
29.800000	939.57588
29.820000	939.27410
29.840000	938.95241
29.860000	938.52512
29.880000	938.06603
29.900000	937.69501
29.920000	937.35314
29.940000	937.21585
29.960000	936.98405
29.980000	936.62739
30.000000	936.33495
30.020000	936.00183
30.040000	935.70695
30.060000	935.53048
30.080000	935.31643
30.100000	934.88889
30.120000	934.45606
30.140000	934.15188
30.160000	933.93628
30.180000	933.68996
30.200000	933.41692
30.220000	933.12615
30.240000	932.81072
30.260000	932.57548
30.280000	932.14886
30.300000	931.76613
30.320000	931.54642
30.340000	931.20018
30.360000	930.94284
30.380000	930.49682
30.400000	930.10781
30.420000	929.70202
30.440000	929.53513
30.460000	929.36532
30.480000	929.05801
30.500000	928.79612
30.520000	928.43782
30.540000	928.08695
30.560000	927.87657
30.580000	927.64506
30.600000	927.34012
30.620000	927.07936
30.640000	926.81552
30.660000	926.42951
30.680000	926.08173
30.700000	925.76003
30.720000	925.54149
30.740000	925.26364
30.760000	924.91240
30.780000	924.67084
30.800000	924.49543
30.820000	924.25147
30.840000	923.87355
30.860000	923.52803
30.880000	923.32481
30.900000	923.07938
30.920000	922.67929
30.940000	922.26503
30.960000	922.07441
30.980000	921.88263
31.000000	921.57759
31.020000	921.19021
31.040000	920.95485
31.060000	920.71120
31.080000	920.50060
31.100000	920.27188
31.120000	919.93133
31.140000	919.54960
31.160000	919.29385
31.180000	919.14886
31.200000	918.97540
31.220000	918.60061
31.240000	918.24096
31.260000	917.91810
31.280000	917.61783
31.300000	917.39184
31.320000	917.21692
31.340000	916.85763
31.360000	916.50714
31.380000	916.08793
31.400000	915.74908
31.420000	915.48736
31.440000	915.21290
31.460000	915.01494
31.480000	914.81222
31.500000	914.50716
31.520000	914.16473
31.540000	913.89394
31.560000	913.62879
31.580000	913.49881
31.600000	913.21685
31.620000	912.90176
31.640000	912.64596
31.660000	912.44884
31.680000	912.20782
31.700000	911.82517
31.720000	911.41211
31.740000	911.19187
31.760000	911.08269
31.780000	910.85896
31.800000	910.48462
31.820000	910.18389
31.840000	909.89869
31.860000	909.61514
31.880000	909.44503
31.900000	909.18455
31.920000	908.96096
31.940000	908.75407
31.960000	908.36489
31.980000	907.88880
32.000000	907.55566
32.020000	907.37484
32.040000	907.24939
32.060000	907.00693
32.080000	906.56246
32.100000	906.03468
32.120000	905.90953
32.140000	905.77251
32.160000	905.47694
32.180000	905.27721
32.200000	905.06473
32.220000	904.68293
32.240000	904.35195
32.260000	904.16463
32.280000	903.92436
32.300000	903.62881
32.320000	903.45227
32.340000	903.22043
32.360000	902.85840
32.380000	902.46145
32.400000	902.28218
32.420000	902.08401
32.440000	901.74116
32.460000	901.49880
32.480000	901.24692
32.500000	901.04500
32.520000	900.83778
32.540000	900.58274
32.560000	900.31494
32.580000	899.99376
32.600000	899.69969
32.620000	899.47707
32.640000	899.14993
32.660000	898.85199
32.680000	898.51847
32.700000	898.10641
32.720000	897.76035
32.740000	897.54560
32.760000	897.34976
32.780000	897.23620
32.800000	897.05559
32.820000	896.78211
32.840000	896.54221
32.860000	896.23895
32.880000	895.75057
32.900000	895.45585
32.920000	895.39937
32.940000	895.16776
32.960000	894.95467
32.980000	894.59739
33.000000	894.21241
33.020000	893.91851
33.040000	893.70117
33.060000	893.56718
33.080000	893.33355
33.100000	893.09143
33.120000	892.68326
33.140000	892.33322
33.160000	892.18686
33.180000	892.11856
33.200000	891.89038
33.220000	891.60196
33.240000	891.43576
33.260000	891.25599
33.280000	890.90574
33.300000	890.55902
33.320000	890.31805
33.340000	890.11967
33.360000	889.86366
33.380000	889.47666
33.400000	889.17772
33.420000	888.87693
33.440000	888.68643
33.460000	888.56025
33.480000	888.25716
33.500000	887.99840
33.520000	887.83732
33.540000	887.51722
33.560000	887.20380
33.580000	886.98153
33.600000	886.73349
33.620000	886.50295
33.640000	886.28720
33.660000	886.14643
33.680000	885.87603
33.700000	885.58862
33.720000	885.40838
33.740000	885.10746
33.760000	884.77336
33.780000	884.57010
33.800000	884.34903
33.820000	884.09250
33.840000	883.75986
33.860000	883.49657
33.880000	883.30614
33.900000	883.15108
33.920000	882.96734
33.940000	882.70829
33.960000	882.47128
33.980000	882.31889
34.000000	882.08393
34.020000	881.76351
34.040000	881.51857
34.060000	881.20038
34.080000	880.89332
34.100000	880.60084
34.120000	880.34581
34.140000	880.17453
34.160000	879.96926
34.180000	879.77660
34.200000	879.53289
34.220000	879.18356
34.240000	878.88975
34.260000	878.67032
34.280000	878.43643
34.300000	878.18463
34.320000	878.05588
34.340000	877.90875
34.360000	877.66764
34.380000	877.52628
34.400000	877.36991
34.420000	877.01280
34.440000	876.67926
34.460000	876.34078
34.480000	876.04040
34.500000	875.79016
34.520000	875.53040
34.540000	875.49663
34.560000	875.43412
34.580000	875.08862
34.600000	874.69605
34.620000	874.47542
34.640000	874.26748
34.660000	874.09564
34.680000	873.87630
34.700000	873.55493
34.720000	873.30476
34.740000	873.15729
34.760000	873.02633
34.780000	872.70514
34.800000	872.42030
34.820000	872.20813
34.840000	872.01365
34.860000	871.87875
34.880000	871.77637
34.900000	871.41281
34.920000	871.05850
34.940000	870.82980
34.960000	870.54213
34.980000	870.42175
35.000000	870.24131
35.020000	869.91436
35.040000	869.66458
35.060000	869.46173
35.080000	869.19259
35.100000	868.91879
35.120000	868.69356
35.140000	868.33617
35.160000	868.13230
35.180000	867.99708
35.200000	867.72846
35.220000	867.41183
35.240000	867.22811
35.260000	867.14644
35.280000	866.83285
35.300000	866.53829
35.320000	866.41493
35.340000	866.19389
35.360000	865.92334
35.380000	865.76232
35.400000	865.57340
35.420000	865.32472
35.440000	865.08098
35.460000	864.89610
35.480000	864.58270
35.500000	864.21631
35.520000	863.99602
35.540000	863.83135
35.560000	863.72727
35.580000	863.53533
35.600000	863.23301
35.620000	863.06354
35.640000	862.91066
35.660000	862.69565
35.680000	862.48714
35.700000	862.15112
35.720000	861.99991
35.740000	861.69252
35.760000	861.40312
35.780000	861.28431
35.800000	860.96755
35.820000	860.77267
35.840000	860.64905
35.860000	860.36866
35.880000	860.08372
35.900000	859.89171
35.920000	859.69236
35.940000	859.45834
35.960000	859.27197
35.980000	858.99426
36.000000	858.76162
36.020000	858.55167
36.040000	858.22798
36.060000	857.92616
36.080000	857.82834
36.100000	857.76484
36.120000	857.44353
36.140000	857.17302
36.160000	857.09864
36.180000	856.96772
36.200000	856.62591
36.220000	856.26892
36.240000	856.02489
36.260000	855.90317
36.280000	855.73521
36.300000	855.52350
36.320000	855.41614
36.340000	855.26943
36.360000	855.02478
36.380000	854.69967
36.400000	854.48565
36.420000	854.23670
36.440000	853.96059
36.460000	853.74210
36.480000	853.55573
36.500000	853.46218
36.520000	853.20100
36.540000	852.89137
36.560000	852.72310
36.580000	852.68361
36.600000	852.47000
36.620000	852.15500
36.640000	851.98170
36.660000	851.89485
36.680000	851.55079
36.700000	851.15640
36.720000	850.91185
36.740000	850.71836
36.760000	850.56994
36.780000	850.37272
36.800000	850.04451
36.820000	849.88194
36.840000	849.75340
36.860000	849.34238
36.880000	849.16528
36.900000	849.08237
36.920000	848.95272
36.940000	848.68815
36.960000	848.39468
36.980000	848.19972
37.000000	847.99851
37.020000	847.81800
37.040000	847.63518
37.060000	847.44493
37.080000	847.08932
37.100000	846.84289
37.120000	846.63400
37.140000	846.45876
37.160000	846.23922
37.180000	845.93695
37.200000	845.73228
37.220000	845.66002
37.240000	845.52181
37.260000	845.22990
37.280000	844.98532
37.300000	844.91482
37.320000	844.69615
37.340000	844.33792
37.360000	844.22183
37.380000	844.10433
37.400000	843.87021
37.420000	843.62487
37.440000	843.24245
37.460000	843.04015
37.480000	842.87466
37.500000	842.74316
37.520000	842.62020
37.540000	842.34598
37.560000	842.10366
37.580000	842.01940
37.600000	841.76904
37.620000	841.51314
37.640000	841.18202
37.660000	840.89958
37.680000	840.74705
37.700000	840.74492
37.720000	840.55011
37.740000	840.29513
37.760000	840.05931
37.780000	839.84502
37.800000	839.66503
37.820000	839.28159
37.840000	839.03925
37.860000	838.96671
37.880000	838.70213
37.900000	838.41194
37.920000	838.26297
37.940000	838.09634
37.960000	837.87792
37.980000	837.76516
38.000000	837.57789
38.020000	837.37484
38.040000	837.16980
38.060000	836.88971
38.080000	836.68596
38.100000	836.51204
38.120000	836.31772
38.140000	835.97887
38.160000	835.75150
38.180000	835.55395
38.200000	835.28448
38.220000	835.15447
38.240000	835.09549
38.260000	834.84004
38.280000	834.59457
38.300000	834.44885
38.320000	834.25857
38.340000	834.14575
38.360000	833.96946
38.380000	833.77033
38.400000	833.63365
38.420000	833.28633
38.440000	833.03874
38.460000	832.81716
38.480000	832.56450
38.500000	832.40456
38.520000	832.27625
38.540000	831.96585
38.560000	831.76789
38.580000	831.58284
38.600000	831.30069
38.620000	831.22365
38.640000	831.08072
38.660000	830.83302
38.680000	830.59428
38.700000	830.37932
38.720000	830.14765
38.740000	829.96498
38.760000	829.76512
38.780000	829.57888
38.800000	829.39578
38.820000	829.25662
38.840000	829.04764
38.860000	828.91390
38.880000	828.68077
38.900000	828.34599
38.920000	828.05047
38.940000	827.82899
38.960000	827.62361
38.980000	827.57260
39.000000	827.22457
39.020000	826.96532
39.040000	826.78199
39.060000	826.57160
39.080000	826.43325
39.100000	826.42614
39.120000	826.25211
39.140000	825.91363
39.160000	825.73145
39.180000	825.63986
39.200000	825.48779
39.220000	825.26250
39.240000	825.02988
39.260000	824.77186
39.280000	824.59895
39.300000	824.42470
39.320000	824.16772
39.340000	823.97502
39.360000	823.75833
39.380000	823.54187
39.400000	823.31580
39.420000	823.18688
39.440000	822.96447
39.460000	822.81395
39.480000	822.65176
39.500000	822.52309
39.520000	822.32783
39.540000	822.08278
39.560000	821.97763
39.580000	821.74966
39.600000	821.51916
39.620000	821.30943
39.640000	821.04519
39.660000	820.87651
39.680000	820.71565
39.700000	820.49203
39.720000	820.16343
39.740000	819.93447
39.760000	819.94879
39.780000	819.83008
39.800000	819.64735
39.820000	819.40910
39.840000	819.13532
39.860000	818.83444
39.880000	818.75442
39.900000	818.66197
39.920000	818.44277
39.940000	818.22856
39.960000	817.89939
39.980000	817.55482
40.000000	817.43534
40.020000	817.38431
40.040000	817.28628
40.060000	817.16947
40.080000	816.95001
40.100000	816.70498
40.120000	816.55345
40.140000	816.37817
40.160000	816.07795
40.180000	815.91104
40.200000	815.82645
40.220000	815.67977
40.240000	815.44975
40.260000	815.21400
40.280000	815.12406
40.300000	814.90303
40.320000	814.55962
40.340000	814.30990
40.360000	814.22832
40.380000	814.10584
40.400000	813.77012
40.420000	813.73379
40.440000	813.57187
40.460000	813.31803
40.480000	813.16510
40.500000	812.99604
40.520000	812.76429
40.540000	812.68113
40.560000	812.62116
40.580000	812.41039
40.600000	812.06383
40.620000	811.96294
40.640000	811.82709
40.660000	811.68144
40.680000	811.56249
40.700000	811.28325
40.720000	811.06557
40.740000	810.99128
40.760000	810.77088
40.780000	810.50434
40.800000	810.32386
40.820000	810.13679
40.840000	809.87916
40.860000	809.69894
40.880000	809.58316
40.900000	809.31722
40.920000	809.07485
40.940000	808.81114
40.960000	808.66005
40.980000	808.61482
41.000000	808.52271
41.020000	808.52698
41.040000	808.29732
41.060000	807.97150
41.080000	807.67080
41.100000	807.62474
41.120000	807.62389
41.140000	807.30391
41.160000	807.01185
41.180000	806.79176
41.200000	806.69764
41.220000	806.66963
41.240000	806.34454
41.260000	806.16449
41.280000	805.96970
41.300000	805.76032
41.320000	805.84448
41.340000	805.66065
41.360000	805.24904
41.380000	804.94645
41.400000	804.77456
41.420000	804.64358
41.440000	804.62534
41.460000	804.43294
41.480000	804.19876
41.500000	803.98191
41.520000	803.86259
41.540000	803.70464
41.560000	803.53479
41.580000	803.30869
41.600000	803.13517
41.620000	802.98968
41.640000	802.67761
41.660000	802.59488
41.680000	802.47004
41.700000	802.17646
41.720000	801.91315
41.740000	801.81410
41.760000	801.58482
41.780000	801.57601
41.800000	801.51844
41.820000	801.37839
41.840000	801.15644
41.860000	800.79341
41.880000	800.71844
41.900000	800.69878
41.920000	800.44374
41.940000	800.12455
41.960000	799.92151
41.980000	799.71222
42.000000	799.53932
42.020000	799.42924
42.040000	799.26779
42.060000	799.01612
42.080000	798.85114
42.100000	798.57625
42.120000	798.53308
42.140000	798.40013
42.160000	798.06149
42.180000	797.91862
42.200000	797.82407
42.220000	797.73248
42.240000	797.76063
42.260000	797.60675
42.280000	797.41977
42.300000	797.17393
42.320000	796.93946
42.340000	796.65623
42.360000	796.44703
42.380000	796.28840
42.400000	796.18650
42.420000	796.00450
42.440000	795.83848
42.460000	795.67869
42.480000	795.68940
42.500000	795.49338
42.520000	795.20627
42.540000	795.05021
42.560000	794.89344
42.580000	794.81810
42.600000	794.62836
42.620000	794.47020
42.640000	794.21055
42.660000	793.95028
42.680000	793.77821
42.700000	793.62915
42.720000	793.61454
42.740000	793.48968
42.760000	793.25964
42.780000	793.20586
42.800000	793.10074
42.820000	792.83349
42.840000	792.67224
42.860000	792.42876
42.880000	792.25431
42.900000	792.16210
42.920000	792.11714
42.940000	791.98160
42.960000	791.59337
42.980000	791.51220
43.000000	791.30885
43.020000	791.19581
43.040000	791.01758
43.060000	790.75323
43.080000	790.53745
43.100000	790.35770
43.120000	790.20433
43.140000	790.15950
43.160000	790.08013
43.180000	789.78107
43.200000	789.68462
43.220000	789.52946
43.240000	789.46778
43.260000	789.28203
43.280000	789.04088
43.300000	788.86191
43.320000	788.62213
43.340000	788.56617
43.360000	788.47119
43.380000	788.52321
43.400000	788.18025
43.420000	787.84591
43.440000	787.84551
43.460000	787.68920
43.480000	787.66539
43.500000	787.40558
43.520000	787.06883
43.540000	786.98686
43.560000	786.81940
43.580000	786.65002
43.600000	786.53612
43.620000	786.38229
43.640000	786.21922
43.660000	786.06885
43.680000	785.86664
43.700000	785.60022
43.720000	785.53213
43.740000	785.37743
43.760000	785.18234
43.780000	785.06522
43.800000	785.03833
43.820000	784.81922
43.840000	784.47040
43.860000	784.32699
43.880000	784.28200
43.900000	784.03425
43.920000	783.84853
43.940000	783.79468
43.960000	783.72080
43.980000	783.63049
44.000000	783.40915
44.020000	783.24398
44.040000	783.09501
44.060000	782.82191
44.080000	782.62975
44.100000	782.41057
44.120000	782.32390
44.140000	782.37100
44.160000	782.30300
44.180000	781.86887
44.200000	781.78607
44.220000	781.63482
44.240000	781.58659
44.260000	781.31546
44.280000	781.15740
44.300000	780.88459
44.320000	780.64447
44.340000	780.59384
44.360000	780.40052
44.380000	780.23079
44.400000	780.03631
44.420000	779.91327
44.440000	779.78336
44.460000	779.75800
44.480000	779.62918
44.500000	779.35441
44.520000	779.24797
44.540000	779.02381
44.560000	778.90302
44.580000	778.70583
44.600000	778.39662
44.620000	778.31874
44.640000	778.20833
44.660000	777.85822
44.680000	777.71635
44.700000	777.67548
44.720000	777.65006
44.740000	777.51598
44.760000	777.24834
44.780000	777.09487
44.800000	776.79414
44.820000	776.62227
44.840000	776.41019
44.860000	776.00074
44.880000	775.90900
44.900000	775.79359
44.920000	775.53926
44.940000	775.45443
44.960000	775.25852
44.980000	775.11044
45.000000	775.04632
45.020000	775.00809
45.040000	774.97550
45.060000	774.73136
45.080000	774.68212
45.100000	774.58820
45.120000	774.31799
45.140000	774.06373
45.160000	773.86272
45.180000	773.76250
45.200000	773.60025
45.220000	773.48847
45.240000	773.30500
45.260000	773.13944
45.280000	773.19794
45.300000	772.99958
45.320000	772.80323
45.340000	772.55585
45.360000	772.44509
45.380000	772.32014
45.400000	772.25657
45.420000	772.18488
45.440000	771.91171
45.460000	771.63281
45.480000	771.50082
45.500000	771.60303
45.520000	771.45097
45.540000	771.28902
45.560000	771.24810
45.580000	770.96178
45.600000	770.87745
45.620000	770.76245
45.640000	770.58373
45.660000	770.33419
45.680000	770.18123
45.700000	769.89785
45.720000	769.76507
45.740000	769.50880
45.760000	769.39097
45.780000	769.29939
45.800000	769.19856
45.820000	769.04553
45.840000	768.95615
45.860000	768.72200
45.880000	768.44147
45.900000	768.25030
45.920000	768.40389
45.940000	768.29095
45.960000	767.83049
45.980000	767.48440
46.000000	767.49081
46.020000	767.53959
46.040000	767.31798
46.060000	767.14960
46.080000	767.00468
46.100000	766.83942
46.120000	766.55029
46.140000	766.35533
46.160000	766.16836
46.180000	766.12066
46.200000	766.00123
46.220000	765.85861
46.240000	765.64251
46.260000	765.69293
46.280000	765.63802
46.300000	765.49017
46.320000	765.41211
46.340000	765.16295
46.360000	764.96754
46.380000	764.87736
46.400000	764.67191
46.420000	764.36605
46.440000	764.31879
46.460000	764.04403
46.480000	764.00501
46.500000	763.74627
46.520000	763.53861
46.540000	763.46871
46.560000	763.37650
46.580000	763.09659
46.600000	762.96105
46.620000	762.92185
46.640000	762.72739
46.660000	762.38963
46.680000	762.23373
46.700000	762.25006
46.720000	762.23512
46.740000	762.04479
46.760000	761.81541
46.780000	761.81300
46.800000	761.72705
46.820000	761.53583
46.840000	761.29140
46.860000	761.21349
46.880000	761.04302
46.900000	760.90739
46.920000	760.75425
46.940000	760.66437
46.960000	760.51375
46.980000	760.36116
47.000000	760.06138
47.020000	759.84863
47.040000	759.78659
47.060000	759.68351
47.080000	759.47822
47.100000	759.42364
47.120000	759.35777
47.140000	759.15138
47.160000	758.98133
47.180000	758.85081
47.200000	758.77877
47.220000	758.55831
47.240000	758.40316
47.260000	758.22331
47.280000	758.08211
47.300000	757.89721
47.320000	757.80687
47.340000	757.69672
47.360000	757.47764
47.380000	757.43149
47.400000	757.38517
47.420000	757.25082
47.440000	757.03340
47.460000	756.80789
47.480000	756.70156
47.500000	756.67030
47.520000	756.49626
47.540000	756.43185
47.560000	756.19766
47.580000	756.02234
47.600000	756.04579
47.620000	755.75561
47.640000	755.71712
47.660000	755.59945
47.680000	755.37572
47.700000	755.10650
47.720000	755.00718
47.740000	755.06597
47.760000	754.91258
47.780000	754.62284
47.800000	754.41355
47.820000	754.20659
47.840000	754.02447
47.860000	754.01471
47.880000	753.92780
47.900000	753.93474
47.920000	753.72272
47.940000	753.50114
47.960000	753.37449
47.980000	753.13432
48.000000	752.99025
48.020000	752.92482
48.040000	752.77091
48.060000	752.55895
48.080000	752.57757
48.100000	752.30614
48.120000	752.21207
48.140000	751.94826
48.160000	751.88770
48.180000	751.71822
48.200000	751.63706
48.220000	751.43746
48.240000	751.30274
48.260000	751.31342
48.280000	751.38260
48.300000	751.02981
48.320000	750.70866
48.340000	750.67019
48.360000	750.91599
48.380000	750.76477
48.400000	750.38902
48.420000	750.02991
48.440000	749.78400
48.460000	749.88265
48.480000	749.68824
48.500000	749.51126
48.520000	749.38302
48.540000	749.22116
48.560000	749.10200
48.580000	748.95759
48.600000	748.85680
48.620000	748.76338
48.640000	748.81187
48.660000	748.81439
48.680000	748.66333
48.700000	748.28691
48.720000	747.99312
48.740000	747.74996
48.760000	747.86392
48.780000	747.72757
48.800000	747.62973
48.820000	747.36509
48.840000	747.26054
48.860000	746.97401
48.880000	747.03643
48.900000	746.80260
48.920000	746.58339
48.940000	746.47788
48.960000	746.45589
48.980000	746.31444
49.000000	746.07786
49.020000	746.01984
49.040000	746.01003
49.060000	745.90251
49.080000	745.80372
49.100000	745.54272
49.120000	745.23965
49.140000	745.07500
49.160000	744.98714
49.180000	744.85991
49.200000	744.65189
49.220000	744.43498
49.240000	744.50113
49.260000	744.32684
49.280000	744.27531
49.300000	744.13575
49.320000	743.91960
49.340000	743.63652
49.360000	743.44708
49.380000	743.27899
49.400000	743.28112
49.420000	743.27224
49.440000	743.08520
49.460000	742.99441
49.480000	742.76847
49.500000	742.71505
49.520000	742.51802
49.540000	742.35962
49.560000	742.23810
49.580000	741.92816
49.600000	741.71369
49.620000	741.70833
49.640000	741.61662
49.660000	741.37641
49.680000	741.25271
49.700000	741.16935
49.720000	741.29557
49.740000	741.14407
49.760000	741.03468
49.780000	740.78503
49.800000	740.48751
49.820000	740.32997
49.840000	740.34061
49.860000	740.24473
49.880000	739.87446
49.900000	739.87525
49.920000	739.62870
49.940000	739.39457
49.960000	739.38034
49.980000	739.29864
50.000000	739.15244
50.020000	738.86729
50.040000	738.85409
50.060000	738.59060
50.080000	738.40804
50.100000	738.56307
50.120000	738.42743
50.140000	738.10026
50.160000	737.92415
50.180000	737.80791
50.200000	737.64942
50.220000	737.65781
50.240000	737.56152
50.260000	737.33055
50.280000	737.29424
50.300000	737.12637
50.320000	736.96011
50.340000	736.61462
50.360000	736.46108
50.380000	736.37858
50.400000	736.58494
50.420000	736.28335
50.440000	736.09627
50.460000	736.14053
50.480000	736.12228
50.500000	735.75179
50.520000	735.63164
50.540000	735.43179
50.560000	735.38884
50.580000	735.08769
50.600000	735.03987
50.620000	734.80710
50.640000	734.78562
50.660000	734.91524
50.680000	734.64174
50.700000	734.49188
50.720000	734.45775
50.740000	734.30445
50.760000	734.01501
50.780000	734.12422
50.800000	733.78624
50.820000	733.57756
50.840000	733.57324
50.860000	733.44931
50.880000	733.34597
50.900000	733.29145
50.920000	733.08326
50.940000	732.73458
50.960000	732.64328
50.980000	732.68827
51.000000	732.39219
51.020000	732.31124
51.040000	732.02448
51.060000	731.96869
51.080000	731.91738
51.100000	731.91906
51.120000	731.73852
51.140000	731.66256
51.160000	731.58559
51.180000	731.39787
51.200000	731.20167
51.220000	731.06723
51.240000	730.78834
51.260000	730.63828
51.280000	730.81966
51.300000	730.79796
51.320000	730.54475
51.340000	730.32578
51.360000	730.33331
51.380000	730.25439
51.400000	730.23848
51.420000	730.03044
51.440000	729.80342
51.460000	729.61437
51.480000	729.55972
51.500000	729.57647
51.520000	729.27029
51.540000	729.23568
51.560000	729.06420
51.580000	728.93444
51.600000	729.00712
51.620000	728.95177
51.640000	728.69289
51.660000	728.45878
51.680000	728.51422
51.700000	728.35721
51.720000	727.95235
51.740000	728.02751
51.760000	727.93606
51.780000	727.92109
51.800000	727.53604
51.820000	727.39943
51.840000	727.30002
51.860000	727.26471
51.880000	727.17619
51.900000	726.89848
51.920000	726.70288
51.940000	726.57303
51.960000	726.63653
51.980000	726.42396
52.000000	726.30415
52.020000	726.30834
52.040000	726.31247
52.060000	726.02511
52.080000	725.79575
52.100000	725.73555
52.120000	725.91776
52.140000	725.65682
52.160000	725.38096
52.180000	725.15121
52.200000	725.25313
52.220000	725.14738
52.240000	724.95252
52.260000	724.77734
52.280000	724.69291
52.300000	724.58791
52.320000	724.46466
52.340000	724.39352
52.360000	724.40017
52.380000	724.12960
52.400000	723.75298
52.420000	723.50151
52.440000	723.68295
52.460000	723.66589
52.480000	723.65321
52.500000	723.53515
52.520000	723.17217
52.540000	722.99298
52.560000	722.84402
52.580000	722.93022
52.600000	722.86814
52.620000	722.42675
52.640000	722.24434
52.660000	722.26273
52.680000	722.46346
52.700000	722.23369
52.720000	722.08017
52.740000	721.97422
52.760000	721.74462
52.780000	721.56462
52.800000	721.51014
52.820000	721.34688
52.840000	721.45577
52.860000	721.18402
52.880000	721.00236
52.900000	721.08687
52.920000	720.74973
52.940000	720.72656
52.960000	720.63506
52.980000	720.33392
53.000000	720.17629
53.020000	720.14944
53.040000	719.97972
53.060000	719.87208
53.080000	719.84164
53.100000	719.72913
53.120000	719.39541
53.140000	719.33923
53.160000	719.29474
53.180000	719.19305
53.200000	719.27844
53.220000	719.08387
53.240000	718.91957
53.260000	718.62452
53.280000	718.31715
53.300000	718.21314
53.320000	718.01495
53.340000	718.16986
53.360000	718.23130
53.380000	718.01242
53.400000	717.92540
53.420000	717.77579
53.440000	717.68153
53.460000	717.46470
53.480000	717.21212
53.500000	717.30146
53.520000	717.02956
53.540000	716.71506
53.560000	716.90950
53.580000	716.85796
53.600000	716.72297
53.620000	716.46224
53.640000	716.27520
53.660000	716.27420
53.680000	716.09924
53.700000	715.98842
53.720000	715.86631
53.740000	715.69823
53.760000	715.78364
53.780000	715.79704
53.800000	715.54983
53.820000	715.37550
53.840000	714.98558
53.860000	714.94906
53.880000	715.03252
53.900000	714.73184
53.920000	714.64872
53.940000	714.60560
53.960000	714.30229
53.980000	714.34917
54.000000	714.33350
54.020000	714.17115
54.040000	714.15612
54.060000	713.98498
54.080000	713.65614
54.100000	713.41901
54.120000	713.43634
54.140000	713.47690
54.160000	713.27906
54.180000	713.15529
54.200000	713.10041
54.220000	713.05926
54.240000	712.86160
54.260000	712.85018
54.280000	712.52426
54.300000	712.47561
54.320000	712.36623
54.340000	712.31271
54.360000	712.08522
54.380000	712.00925
54.400000	712.08367
54.420000	711.82583
54.440000	711.60639
54.460000	711.61412
54.480000	711.48392
54.500000	711.53770
54.520000	711.38498
54.540000	710.92438
54.560000	710.63161
54.580000	710.54961
54.600000	710.82523
54.620000	710.71029
54.640000	710.59542
54.660000	710.19807
54.680000	710.35127
54.700000	710.43588
54.720000	710.03370
54.740000	709.91352
54.760000	709.92381
54.780000	709.86783
54.800000	709.60724
54.820000	709.66545
54.840000	709.42149
54.860000	709.27392
54.880000	709.11946
54.900000	708.82200
54.920000	708.78494
54.940000	708.85665
54.960000	708.89805
54.980000	708.78931
55.000000	708.68026
55.020000	708.28472
55.040000	708.36292
55.060000	708.28944
55.080000	707.80939
55.100000	707.77120
55.120000	707.79239
55.140000	707.70789
55.160000	707.61413
55.180000	707.41994
55.200000	707.38203
55.220000	707.10822
55.240000	707.07606
55.260000	706.89797
55.280000	707.01573
55.300000	706.85170
55.320000	706.40473
55.340000	706.56725
55.360000	706.36867
55.380000	706.31711
55.400000	706.05465
55.420000	705.76317
55.440000	705.81456
55.460000	705.76335
55.480000	705.68422
55.500000	705.54953
55.520000	705.46521
55.540000	705.36163
55.560000	705.25865
55.580000	704.88995
55.600000	704.75891
55.620000	704.87963
55.640000	704.74561
55.660000	704.59692
55.680000	704.54595
55.700000	704.21523
55.720000	704.11405
55.740000	704.25241
55.760000	704.19784
55.780000	703.73579
55.800000	703.92034
55.820000	703.86740
55.840000	703.46315
55.860000	703.42919
55.880000	703.25604
55.900000	703.34921
55.920000	703.43005
55.940000	703.15927
55.960000	703.00905
55.980000	702.83532
56.000000	702.77388
56.020000	702.53406
56.040000	702.58400
56.060000	702.56885
56.080000	702.27350
56.100000	702.15529
56.120000	701.95096
56.140000	701.80967
56.160000	701.63295
56.180000	701.42102
56.200000	701.53647
56.220000	701.60376
56.240000	701.36451
56.260000	701.18213
56.280000	701.04017
56.300000	701.24743
56.320000	700.97495
56.340000	700.93828
56.360000	700.61797
56.380000	700.28754
56.400000	700.49593
56.420000	700.54126
56.440000	700.14915
56.460000	699.93963
56.480000	700.02389
56.500000	699.93486
56.520000	699.57240
56.540000	699.67719
56.560000	699.66520
56.580000	699.43972
56.600000	699.32883
56.620000	699.27356
56.640000	699.40094
56.660000	699.12614
56.680000	698.75138
56.700000	698.78079
56.720000	698.64595
56.740000	698.73414
56.760000	698.48121
56.780000	698.47480
56.800000	698.18288
56.820000	697.97422
56.840000	697.89617
56.860000	697.73631
56.880000	697.87682
56.900000	697.66702
56.920000	697.72266
56.940000	697.50101
56.960000	697.57653
56.980000	697.23161
57.000000	697.14095
57.020000	697.12629
57.040000	697.16931
57.060000	696.74125
57.080000	696.46317
57.100000	696.59634
57.120000	696.38534
57.140000	696.33538
57.160000	696.14579
57.180000	695.90418
57.200000	695.91717
57.220000	695.77897
57.240000	695.76481
57.260000	695.95056
57.280000	695.59561
57.300000	695.38429
57.320000	695.30032
57.340000	695.47147
57.360000	695.15062
57.380000	694.84953
57.400000	694.71002
57.420000	694.53616
57.440000	694.69517
57.460000	694.41961
57.480000	694.27663
57.500000	694.20449
57.520000	694.29530
57.540000	694.15503
57.560000	693.94130
57.580000	693.67470
57.600000	693.65477
57.620000	693.67139
57.640000	693.56489
57.660000	693.48806
57.680000	693.20385
57.700000	693.30888
57.720000	692.76622
57.740000	692.79091
57.760000	692.71981
57.780000	692.78635
57.800000	692.68820
57.820000	692.37624
57.840000	692.22263
57.860000	692.17921
57.880000	692.26265
57.900000	692.02756
57.920000	692.14153
57.940000	691.81574
57.960000	691.75744
57.980000	691.69995
58.000000	691.42081
58.020000	691.45236
58.040000	691.21672
58.060000	691.05312
58.080000	691.04330
58.100000	691.10610
58.120000	690.83850
58.140000	690.57611
58.160000	690.60836
58.180000	690.61122
58.200000	690.36597
58.220000	690.17834
58.240000	690.36727
58.260000	689.92332
58.280000	689.74012
58.300000	689.69608
58.320000	689.75241
58.340000	689.48291
58.360000	689.51694
58.380000	689.59201
58.400000	689.26438
58.420000	689.39010
58.440000	689.36557
58.460000	689.17976
58.480000	688.69741
58.500000	688.80457
58.520000	688.67724
58.540000	688.36927
58.560000	688.52831
58.580000	688.54225
58.600000	688.13299
58.620000	688.31187
58.640000	687.90957
58.660000	688.07498
58.680000	687.92759
58.700000	687.49954
58.720000	687.66253
58.740000	687.43908
58.760000	687.27213
58.780000	687.32195
58.800000	687.25586
58.820000	686.99894
58.840000	687.32892
58.860000	686.76487
58.880000	687.18137
58.900000	686.59578
58.920000	685.96624
58.940000	686.21326
58.960000	686.22314
58.980000	685.69234
59.000000	685.80286
59.020000	685.94137
59.040000	686.00461
59.060000	685.38014
59.080000	685.57228
59.100000	685.53245
59.120000	685.12065
59.140000	685.25090
59.160000	685.11816
59.180000	684.83927
59.200000	685.07980
59.220000	684.90895
59.240000	684.55710
59.260000	684.79243
59.280000	684.46390
59.300000	684.22831
59.320000	684.15392
59.340000	684.45552
59.360000	684.04152
59.380000	683.59046
59.400000	683.79417
59.420000	683.95335
59.440000	683.90900
59.460000	683.70972
59.480000	683.80670
59.500000	683.61905
59.520000	683.45250
59.540000	683.15493
59.560000	683.26235
59.580000	683.27342
59.600000	682.86170
59.620000	682.97785
59.640000	682.69241
59.660000	682.61787
59.680000	682.58990
59.700000	682.52635
59.720000	682.48192
59.740000	682.41130
59.760000	682.16543
59.780000	681.88160
59.800000	682.02172
59.820000	682.04537
59.840000	681.67723
59.860000	681.78320
59.880000	681.69322
59.900000	681.41436
59.920000	681.38554
59.940000	681.16303
59.960000	681.12238
59.980000	680.67563
60.000000	681.22114
