0.0000000	562.65750
0.020000000	562.65750
0.040000000	565.29346
0.060000000	563.32402
0.080000000	565.49037
0.10000000	568.80531
0.12000000	571.35373
0.14000000	576.82212
0.16000000	580.00286
0.18000000	582.81882
0.20000000	586.45049
0.22000000	590.62354
0.24000000	598.01079
0.26000000	605.07761
0.28000000	616.11372
0.30000000	633.56660
0.32000000	682.47447
0.34000000	749.62163
0.36000000	883.57010
0.38000000	1067.4463
0.40000000	1222.7123
0.42000000	1404.4824
0.44000000	1530.2269
0.46000000	1702.2297
0.48000000	1843.7491
0.50000000	1942.4192
0.52000000	2049.2935
0.54000000	2173.1771
0.56000000	2258.9102
0.58000000	2348.6404
0.60000000	2443.9432
0.62000000	2522.4370
0.64000000	2618.2142
0.66000000	2706.3347
0.68000000	2821.8736
0.70000000	2944.6120
0.72000000	3109.1702
0.74000000	3255.0783
0.76000000	3432.0187
0.78000000	3560.2458
0.80000000	3675.8698
0.82000000	3775.7013
0.84000000	3857.4442
0.86000000	3934.3014
0.88000000	3997.4850
0.90000000	4054.1016
0.92000000	4104.9019
0.94000000	4158.2283
0.96000000	4203.8510
0.98000000	4250.8495
1.0000000	4293.3677
1.0200000	4332.2497
1.0400000	4369.1997
1.0600000	4402.6122
1.0800000	4434.1735
1.1000000	4464.9510
1.1200000	4494.0530
1.1400000	4521.6998
1.1600000	4550.0475
1.1800000	4574.5456
1.2000000	4598.3917
1.2200000	4622.8365
1.2400000	4644.9935
1.2600000	4667.3766
1.2800000	4691.8663
1.3000000	4713.3156
1.3200000	4733.1750
1.3400000	4756.8891
1.3600000	4780.0160
1.3800000	4804.8132
1.4000000	4830.3162
1.4200000	4859.5841
1.4400000	4892.3127
1.4600000	4926.1754
1.4800000	4961.5719
1.5000000	5003.6202
1.5200000	5046.2035
1.5400000	5093.2748
1.5600000	5146.6956
1.5800000	5199.0091
1.6000000	5257.9977
1.6200000	5321.7023
1.6400000	5389.8009
1.6600000	5461.6405
1.6800000	5545.0448
1.7000000	5626.4943
1.7200000	5720.4084
1.7400000	5817.0931
1.7600000	5916.1080
1.7800000	6028.9314
1.8000000	6141.9651
1.8200000	6262.0800
1.8400000	6387.0806
1.8600000	6518.5373
1.8800000	6647.9752
1.9000000	6794.3410
1.9200000	6929.4019
1.9400000	7068.9307
1.9600000	7216.4787
1.9800000	7352.1834
2.0000000	7492.4879
2.0200000	7630.4460
2.0400000	7757.8834
2.0600000	7877.4997
2.0800000	7994.2089
2.1000000	8087.3353
2.1200000	8176.6067
2.1400000	8246.4236
2.1600000	8298.7737
2.1800000	8334.9288
2.2000000	8350.8764
2.2200000	8348.9812
2.2400000	8329.4470
2.2600000	8290.4809
2.2800000	8238.6944
2.3000000	8162.6128
2.3200000	8078.9392
2.3400000	7976.4202
2.3600000	7858.9885
2.3800000	7736.6342
2.4000000	7607.6661
2.4200000	7463.2104
2.4400000	7322.7592
2.4600000	7175.3232
2.4800000	7018.1969
2.5000000	6874.6080
2.5200000	6717.9390
2.5400000	6570.0798
2.5600000	6423.9311
2.5800000	6280.1808
2.6000000	6135.6473
2.6200000	6002.7438
2.6400000	5861.9101
2.6600000	5733.4156
2.6800000	5608.6884
2.7000000	5481.5169
2.7200000	5366.7829
2.7400000	5254.9749
2.7600000	5145.0072
2.7800000	5040.4455
2.8000000	4942.8955
2.8200000	4841.4528
2.8400000	4753.5907
2.8600000	4664.2242
2.8800000	4578.8740
2.9000000	4500.7120
2.9200000	4423.2994
2.9400000	4349.3851
2.9600000	4278.7168
2.9800000	4209.3768
3.0000000	4140.3982
3.0200000	4079.0193
3.0400000	4014.8000
3.0600000	3957.5710
3.0800000	3901.3447
3.1000000	3846.0440
3.1200000	3793.4953
3.1400000	3744.2244
3.1600000	3695.2229
3.1800000	3650.1845
3.2000000	3607.6798
3.2200000	3564.0390
3.2400000	3525.6998
3.2600000	3485.8104
3.2800000	3447.5970
3.3000000	3411.2964
3.3200000	3376.3858
3.3400000	3340.8113
3.3600000	3308.2466
3.3800000	3275.3811
3.4000000	3242.7288
3.4200000	3212.9999
3.4400000	3182.0047
3.4600000	3153.4187
3.4800000	3124.3904
3.5000000	3095.6145
3.5200000	3066.9319
3.5400000	3040.0751
3.5600000	3011.9501
3.5800000	2985.6780
3.6000000	2958.9997
3.6200000	2931.4364
3.6400000	2905.0449
3.6600000	2878.7331
3.6800000	2851.8669
3.7000000	2825.8922
3.7200000	2799.7982
3.7400000	2772.5718
3.7600000	2746.8817
3.7800000	2719.3463
3.8000000	2692.4611
3.8200000	2665.7850
3.8400000	2638.7754
3.8600000	2610.8979
3.8800000	2583.8646
3.9000000	2556.5939
3.9200000	2530.7863
3.9400000	2506.2622
3.9600000	2480.6929
3.9800000	2458.2563
4.0000000	2436.4526
4.0200000	2416.4088
4.0400000	2397.1563
4.0600000	2379.9372
4.0800000	2363.9286
4.1000000	2351.1296
4.1200000	2340.0568
4.1400000	2330.0373
4.1600000	2322.3237
4.1800000	2316.0981
4.2000000	2311.3687
4.2200000	2308.3110
4.2400000	2306.3761
4.2600000	2305.2048
4.2800000	2304.7171
4.3000000	2305.0553
4.3200000	2305.6437
4.3400000	2306.4885
4.3600000	2306.7628
4.3800000	2306.9960
4.4000000	2307.2616
4.4200000	2307.2596
4.4400000	2306.5159
4.4600000	2305.2199
4.4800000	2303.5197
4.5000000	2301.7276
4.5200000	2299.6274
4.5400000	2297.3707
4.5600000	2294.6634
4.5800000	2291.9453
4.6000000	2289.2574
4.6200000	2286.5677
4.6400000	2283.0263
4.6600000	2278.8406
4.6800000	2274.8941
4.7000000	2270.6826
4.7200000	2266.6639
4.7400000	2262.8246
4.7600000	2258.9143
4.7800000	2254.9770
4.8000000	2250.8944
4.8200000	2246.6326
4.8400000	2241.7191
4.8600000	2236.8035
4.8800000	2231.6597
4.9000000	2226.7260
4.9200000	2221.7111
4.9400000	2216.9809
4.9600000	2212.5521
4.9800000	2208.5581
5.0000000	2204.3461
5.0200000	2200.5899
5.0400000	2196.5572
5.0600000	2192.7892
5.0800000	2189.2870
5.1000000	2186.0437
5.1200000	2182.7798
5.1400000	2179.8258
5.1600000	2177.1078
5.1800000	2174.5646
5.2000000	2172.3797
5.2200000	2170.3366
5.2400000	2168.4501
5.2600000	2167.0993
5.2800000	2165.8871
5.3000000	2164.5945
5.3200000	2163.5193
5.3400000	2162.4240
5.3600000	2161.5554
5.3800000	2161.1170
5.4000000	2160.9490
5.4200000	2160.9327
5.4400000	2161.2656
5.4600000	2161.6327
5.4800000	2162.5958
5.5000000	2163.9081
5.5200000	2165.6589
5.5400000	2167.3601
5.5600000	2169.5809
5.5800000	2172.2799
5.6000000	2175.3679
5.6200000	2179.0904
5.6400000	2183.1507
5.6600000	2187.0394
5.6800000	2190.5567
5.7000000	2194.3693
5.7200000	2198.1585
5.7400000	2202.2333
5.7600000	2207.5426
5.7800000	2212.9928
5.8000000	2218.2739
5.8200000	2223.8861
5.8400000	2229.7264
5.8600000	2236.0217
5.8800000	2242.3562
5.9000000	2248.4680
5.9200000	2254.8390
5.9400000	2261.3521
5.9600000	2267.9906
5.9800000	2274.9648
6.0000000	2282.1393
6.0200000	2289.2033
6.0400000	2296.9303
6.0600000	2304.5800
6.0800000	2311.9831
6.1000000	2319.5123
6.1200000	2326.8992
6.1400000	2333.8608
6.1600000	2340.7705
6.1800000	2347.5697
6.2000000	2354.5350
6.2200000	2361.4403
6.2400000	2367.7187
6.2600000	2373.5837
6.2800000	2379.3994
6.3000000	2384.6603
6.3200000	2389.8238
6.3400000	2394.5743
6.3600000	2398.8774
6.3800000	2402.9198
6.4000000	2407.1240
6.4200000	2410.8569
6.4400000	2414.4869
6.4600000	2417.5944
6.4800000	2420.2355
6.5000000	2422.5012
6.5200000	2424.1613
6.5400000	2425.1904
6.5600000	2426.3983
6.5800000	2427.2810
6.6000000	2427.5093
6.6200000	2427.4847
6.6400000	2427.2942
6.6600000	2427.1323
6.6800000	2426.8796
6.7000000	2426.2458
6.7200000	2425.1662
6.7400000	2423.8726
6.7600000	2422.7465
6.7800000	2422.2568
6.8000000	2421.6025
6.8200000	2420.8326
6.8400000	2419.7437
6.8600000	2418.5721
6.8800000	2417.4260
6.9000000	2416.2925
6.9200000	2415.2896
6.9400000	2414.7778
6.9600000	2414.5448
6.9800000	2413.9904
7.0000000	2413.5716
7.0200000	2413.2772
7.0400000	2413.2752
7.0600000	2413.0752
7.0800000	2413.3121
7.1000000	2414.0014
7.1200000	2414.9872
7.1400000	2415.6601
7.1600000	2416.2409
7.1800000	2417.0212
7.2000000	2417.8464
7.2200000	2419.1966
7.2400000	2420.3216
7.2600000	2421.5001
7.2800000	2422.4854
7.3000000	2423.1472
7.3200000	2423.3898
7.3400000	2423.5266
7.3600000	2423.5817
7.3800000	2423.2704
7.4000000	2422.3867
7.4200000	2421.1044
7.4400000	2419.0650
7.4600000	2416.2114
7.4800000	2412.4854
7.5000000	2407.6119
7.5200000	2401.7397
7.5400000	2395.2729
7.5600000	2387.9392
7.5800000	2379.3732
7.6000000	2369.8776
7.6200000	2359.1044
7.6400000	2347.4785
7.6600000	2334.7851
7.6800000	2320.9328
7.7000000	2305.3776
7.7200000	2289.3770
7.7400000	2270.9682
7.7600000	2252.2849
7.7800000	2232.4068
7.8000000	2211.9256
7.8200000	2190.3614
7.8400000	2168.2652
7.8600000	2144.8681
7.8800000	2121.3153
7.9000000	2097.8337
7.9200000	2073.2323
7.9400000	2049.1614
7.9600000	2024.8481
7.9800000	2000.7014
8.0000000	1976.6673
8.0200000	1953.0605
8.0400000	1928.6116
8.0600000	1905.7399
8.0800000	1882.7709
8.1000000	1860.7129
8.1200000	1839.2975
8.1400000	1818.6947
8.1600000	1798.0716
8.1800000	1779.0247
8.2000000	1760.7908
8.2200000	1742.8630
8.2400000	1726.0269
8.2600000	1710.2874
8.2800000	1694.9846
8.3000000	1680.8961
8.3200000	1667.5729
8.3400000	1654.8061
8.3600000	1643.1227
8.3800000	1631.9999
8.4000000	1621.1135
8.4200000	1611.0630
8.4400000	1601.9395
8.4600000	1593.4269
8.4800000	1585.5925
8.5000000	1578.3206
8.5200000	1571.5565
8.5400000	1565.5062
8.5600000	1559.8140
8.5800000	1554.3714
8.6000000	1549.5503
8.6200000	1545.2353
8.6400000	1541.3572
8.6600000	1537.9357
8.6800000	1534.8374
8.7000000	1532.0783
8.7200000	1529.6128
8.7400000	1527.5396
8.7600000	1525.3284
8.7800000	1523.4529
8.8000000	1521.9554
8.8200000	1520.6460
8.8400000	1519.5664
8.8600000	1518.5778
8.8800000	1517.6437
8.9000000	1516.8083
8.9200000	1516.0595
8.9400000	1515.3639
8.9600000	1514.7422
8.9800000	1514.4907
9.0000000	1514.3131
9.0200000	1514.0357
9.0400000	1513.6486
9.0600000	1513.3899
9.0800000	1513.2624
9.1000000	1512.9903
9.1200000	1512.7766
9.1400000	1512.7532
9.1600000	1512.8184
9.1800000	1512.8626
9.2000000	1512.5925
9.2200000	1512.1209
9.2400000	1511.6676
9.2600000	1511.3551
9.2800000	1511.1504
9.3000000	1510.8599
9.3200000	1510.2539
9.3400000	1509.4683
9.3600000	1508.6877
9.3800000	1507.9480
9.4000000	1507.0689
9.4200000	1506.0703
9.4400000	1504.9690
9.4600000	1503.6264
9.4800000	1502.3191
9.5000000	1500.9692
9.5200000	1499.5938
9.5400000	1498.0240
9.5600000	1496.2134
9.5800000	1494.2689
9.6000000	1492.0938
9.6200000	1490.0477
9.6400000	1487.7584
9.6600000	1485.5432
9.6800000	1483.2262
9.7000000	1480.8566
9.7200000	1478.2311
9.7400000	1475.5241
9.7600000	1472.5925
9.7800000	1469.3821
9.8000000	1466.2857
9.8200000	1463.2762
9.8400000	1460.1795
9.8600000	1456.8675
9.8800000	1453.4884
9.9000000	1449.7466
9.9200000	1446.0755
9.9400000	1442.4146
9.9600000	1438.7698
9.9800000	1434.9767
10.000000	1431.0515
10.020000	1427.0381
10.040000	1423.1283
10.060000	1419.2884
10.080000	1415.2099
10.100000	1411.2905
10.120000	1407.2621
10.140000	1403.2167
10.160000	1399.1557
10.180000	1395.1262
10.200000	1391.0055
10.220000	1386.9131
10.240000	1382.9424
10.260000	1378.8275
10.280000	1374.9078
10.300000	1371.0416
10.320000	1367.3919
10.340000	1363.6244
10.360000	1359.9587
10.380000	1356.1248
10.400000	1352.3239
10.420000	1348.7676
10.440000	1345.4251
10.460000	1342.2417
10.480000	1339.2431
10.500000	1336.2328
10.520000	1333.1632
10.540000	1330.2788
10.560000	1327.4606
10.580000	1324.5239
10.600000	1321.9796
10.620000	1319.4981
10.640000	1317.1393
10.660000	1314.9481
10.680000	1312.9857
10.700000	1311.0969
10.720000	1309.3652
10.740000	1307.7947
10.760000	1306.2939
10.780000	1305.2463
10.800000	1304.3270
10.820000	1303.5100
10.840000	1302.7235
10.860000	1302.0854
10.880000	1301.4976
10.900000	1301.2276
10.920000	1301.1151
10.940000	1300.9964
10.960000	1301.1006
10.980000	1301.2609
11.000000	1301.6617
11.020000	1302.1154
11.040000	1302.8194
11.060000	1303.7337
11.080000	1304.8035
11.100000	1306.0292
11.120000	1307.5080
11.140000	1308.9770
11.160000	1310.3115
11.180000	1311.8198
11.200000	1313.6246
11.220000	1315.4875
11.240000	1317.4489
11.260000	1319.2841
11.280000	1321.0978
11.300000	1323.0843
11.320000	1325.2036
11.340000	1327.3831
11.360000	1329.5754
11.380000	1331.7444
11.400000	1333.7164
11.420000	1335.8692
11.440000	1338.0800
11.460000	1340.3913
11.480000	1342.4707
11.500000	1344.4706
11.520000	1346.5808
11.540000	1348.6139
11.560000	1350.4177
11.580000	1351.9892
11.600000	1353.7453
11.620000	1355.5059
11.640000	1357.0777
11.660000	1358.5951
11.680000	1360.0075
11.700000	1361.2611
11.720000	1362.3940
11.740000	1363.5241
11.760000	1364.5478
11.780000	1365.5070
11.800000	1366.2379
11.820000	1366.9245
11.840000	1367.4145
11.860000	1367.8738
11.880000	1368.1643
11.900000	1368.2844
11.920000	1368.2863
11.940000	1368.3377
11.960000	1368.3270
11.980000	1368.2586
12.000000	1368.0079
12.020000	1367.8615
12.040000	1367.5149
12.060000	1367.1064
12.080000	1366.5108
12.100000	1365.7507
12.120000	1364.9816
12.140000	1364.1739
12.160000	1363.3249
12.180000	1362.4040
12.200000	1361.5223
12.220000	1360.5331
12.240000	1359.5654
12.260000	1358.5152
12.280000	1357.4769
12.300000	1356.2491
12.320000	1354.8537
12.340000	1353.4417
12.360000	1352.0180
12.380000	1350.5365
12.400000	1349.0722
12.420000	1347.6139
12.440000	1346.0869
12.460000	1344.5411
12.480000	1342.9612
12.500000	1341.4932
12.520000	1339.9857
12.540000	1338.1896
12.560000	1336.5359
12.580000	1334.8572
12.600000	1333.0894
12.620000	1331.3671
12.640000	1329.7344
12.660000	1328.1920
12.680000	1326.5126
12.700000	1324.8499
12.720000	1323.0455
12.740000	1321.2258
12.760000	1319.2783
12.780000	1317.4600
12.800000	1315.5433
12.820000	1313.4931
12.840000	1311.4625
12.860000	1309.6065
12.880000	1307.7222
12.900000	1305.9470
12.920000	1303.9024
12.940000	1301.7533
12.960000	1299.7768
12.980000	1298.0006
13.000000	1296.0553
13.020000	1293.9007
13.040000	1291.6012
13.060000	1289.4228
13.080000	1287.2436
13.100000	1285.1607
13.120000	1283.1194
13.140000	1280.9515
13.160000	1278.7461
13.180000	1276.5269
13.200000	1274.3878
13.220000	1272.1047
13.240000	1269.8145
13.260000	1267.5463
13.280000	1265.3152
13.300000	1263.0204
13.320000	1260.7810
13.340000	1258.5695
13.360000	1256.3172
13.380000	1253.9462
13.400000	1251.7078
13.420000	1249.3115
13.440000	1246.9673
13.460000	1244.4687
13.480000	1242.0608
13.500000	1239.6814
13.520000	1237.2457
13.540000	1234.7474
13.560000	1232.4120
13.580000	1230.0630
13.600000	1227.8011
13.620000	1225.3686
13.640000	1222.8541
13.660000	1220.3850
13.680000	1218.2389
13.700000	1215.8234
13.720000	1213.4743
13.740000	1211.1380
13.760000	1208.8429
13.780000	1206.4636
13.800000	1204.2375
13.820000	1201.9099
13.840000	1199.5589
13.860000	1197.1514
13.880000	1194.7877
13.900000	1192.3827
13.920000	1190.0161
13.940000	1187.8944
13.960000	1185.6091
13.980000	1183.3766
14.000000	1181.0260
14.020000	1178.7641
14.040000	1176.7922
14.060000	1174.7880
14.080000	1172.6323
14.100000	1170.3247
14.120000	1168.2828
14.140000	1166.2559
14.160000	1164.5039
14.180000	1162.5444
14.200000	1160.5588
14.220000	1158.5775
14.240000	1156.7852
14.260000	1154.8591
14.280000	1152.9442
14.300000	1150.8950
14.320000	1148.9472
14.340000	1147.1058
14.360000	1145.4573
14.380000	1143.8787
14.400000	1142.2358
14.420000	1140.4839
14.440000	1138.7174
14.460000	1136.9963
14.480000	1135.4157
14.500000	1133.8291
14.520000	1132.3862
14.540000	1130.8635
14.560000	1129.4579
14.580000	1128.0510
14.600000	1126.7594
14.620000	1125.3301
14.640000	1124.0261
14.660000	1122.7230
14.680000	1121.4319
14.700000	1120.1895
14.720000	1118.8350
14.740000	1117.6485
14.760000	1116.4282
14.780000	1115.2437
14.800000	1113.9663
14.820000	1112.7373
14.840000	1111.6933
14.860000	1110.6759
14.880000	1109.6042
14.900000	1108.5996
14.920000	1107.5434
14.940000	1106.5743
14.960000	1105.5287
14.980000	1104.5855
15.000000	1103.5809
15.020000	1102.6541
15.040000	1101.7316
15.060000	1100.9070
15.080000	1100.0779
15.100000	1099.1537
15.120000	1098.2274
15.140000	1097.3793
15.160000	1096.6582
15.180000	1095.8657
15.200000	1094.8732
15.220000	1094.0190
15.240000	1093.3141
15.260000	1092.6553
15.280000	1091.8686
15.300000	1091.1754
15.320000	1090.4903
15.340000	1089.7577
15.360000	1089.0495
15.380000	1088.4151
15.400000	1087.7283
15.420000	1086.9972
15.440000	1086.3573
15.460000	1085.7200
15.480000	1084.9310
15.500000	1084.1667
15.520000	1083.5187
15.540000	1082.9608
15.560000	1082.3787
15.580000	1081.7949
15.600000	1081.1022
15.620000	1080.1636
15.640000	1079.3210
15.660000	1078.7065
15.680000	1078.1706
15.700000	1077.5255
15.720000	1076.7841
15.740000	1076.0908
15.760000	1075.5247
15.780000	1075.0484
15.800000	1074.3752
15.820000	1073.6448
15.840000	1072.9336
15.860000	1072.1809
15.880000	1071.5478
15.900000	1070.9356
15.920000	1070.4846
15.940000	1069.8066
15.960000	1069.0925
15.980000	1068.4058
16.000000	1067.7614
16.020000	1067.1424
16.040000	1066.4729
16.060000	1065.8345
16.080000	1065.1871
16.100000	1064.5529
16.120000	1064.0353
16.140000	1063.4987
16.160000	1062.8005
16.180000	1062.1452
16.200000	1061.4326
16.220000	1060.7046
16.240000	1060.1015
16.260000	1059.4344
16.280000	1058.7133
16.300000	1057.9428
16.320000	1057.3199
16.340000	1056.7137
16.360000	1056.1497
16.380000	1055.5352
16.400000	1054.8889
16.420000	1054.2536
16.440000	1053.7226
16.460000	1053.1434
16.480000	1052.4531
16.500000	1051.9026
16.520000	1051.3418
16.540000	1050.8621
16.560000	1050.3063
16.580000	1049.8443
16.600000	1049.2502
16.620000	1048.8153
16.640000	1048.4245
16.660000	1047.9750
16.680000	1047.4597
16.700000	1046.9569
16.720000	1046.5478
16.740000	1046.1774
16.760000	1045.7307
16.780000	1045.3202
16.800000	1044.9811
16.820000	1044.7112
16.840000	1044.4664
16.860000	1044.1102
16.880000	1043.8182
16.900000	1043.5643
16.920000	1043.3476
16.940000	1043.1053
16.960000	1042.8695
16.980000	1042.7125
17.000000	1042.5278
17.020000	1042.5439
17.040000	1042.4460
17.060000	1042.4426
17.080000	1042.2919
17.100000	1042.0756
17.120000	1041.9572
17.140000	1041.8763
17.160000	1041.8293
17.180000	1041.7933
17.200000	1041.8436
17.220000	1041.9620
17.240000	1042.0993
17.260000	1042.1228
17.280000	1042.0467
17.300000	1042.1661
17.320000	1042.5426
17.340000	1042.8303
17.360000	1042.9943
17.380000	1043.2625
17.400000	1043.4651
17.420000	1043.6152
17.440000	1043.7713
17.460000	1044.0215
17.480000	1044.4147
17.500000	1044.6390
17.520000	1044.8817
17.540000	1045.2138
17.560000	1045.5278
17.580000	1045.9554
17.600000	1046.1620
17.620000	1046.4310
17.640000	1046.7990
17.660000	1047.3826
17.680000	1047.7157
17.700000	1048.0133
17.720000	1048.3999
17.740000	1048.9980
17.760000	1049.5919
17.780000	1049.9145
17.800000	1050.1859
17.820000	1050.5041
17.840000	1050.9455
17.860000	1051.3369
17.880000	1051.7712
17.900000	1052.2282
17.920000	1052.7278
17.940000	1053.2240
17.960000	1053.5094
17.980000	1053.7455
18.000000	1053.9197
18.020000	1054.2444
18.040000	1054.5482
18.060000	1054.8459
18.080000	1055.2015
18.100000	1055.5446
18.120000	1055.8411
18.140000	1056.0861
18.160000	1056.2978
18.180000	1056.4256
18.200000	1056.5791
18.220000	1056.7285
18.240000	1056.8561
18.260000	1056.9409
18.280000	1057.0623
18.300000	1057.0996
18.320000	1057.1412
18.340000	1057.1732
18.360000	1057.1405
18.380000	1056.9907
18.400000	1056.9128
18.420000	1056.8467
18.440000	1056.8176
18.460000	1056.7002
18.480000	1056.5936
18.500000	1056.2891
18.520000	1056.0376
18.540000	1055.8363
18.560000	1055.6644
18.580000	1055.2399
18.600000	1054.8261
18.620000	1054.4221
18.640000	1054.0441
18.660000	1053.7251
18.680000	1053.3842
18.700000	1053.0361
18.720000	1052.6907
18.740000	1052.2201
18.760000	1051.6610
18.780000	1050.9980
18.800000	1050.3816
18.820000	1049.8165
18.840000	1049.3191
18.860000	1048.7814
18.880000	1048.2418
18.900000	1047.5938
18.920000	1046.8206
18.940000	1046.0785
18.960000	1045.2910
18.980000	1044.5673
19.000000	1043.9240
19.020000	1043.2115
19.040000	1042.4043
19.060000	1041.5921
19.080000	1040.8542
19.100000	1040.0020
19.120000	1039.2048
19.140000	1038.3825
19.160000	1037.5709
19.180000	1036.7937
19.200000	1036.0859
19.220000	1035.2855
19.240000	1034.4365
19.260000	1033.5303
19.280000	1032.7265
19.300000	1031.9636
19.320000	1031.2445
19.340000	1030.3695
19.360000	1029.4122
19.380000	1028.6778
19.400000	1027.9645
19.420000	1027.0663
19.440000	1026.2088
19.460000	1025.4006
19.480000	1024.5743
19.500000	1023.6788
19.520000	1022.8495
19.540000	1022.1724
19.560000	1021.5220
19.580000	1020.8208
19.600000	1020.0596
19.620000	1019.2180
19.640000	1018.3815
19.660000	1017.5931
19.680000	1016.9148
19.700000	1016.2293
19.720000	1015.3910
19.740000	1014.5558
19.760000	1013.8985
19.780000	1013.2150
19.800000	1012.3704
19.820000	1011.4955
19.840000	1010.6672
19.860000	1009.8339
19.880000	1009.3339
19.900000	1008.8790
19.920000	1008.3085
19.940000	1007.6115
19.960000	1006.9748
19.980000	1006.3238
20.000000	1005.6555
20.020000	1005.0685
20.040000	1004.5135
20.060000	1003.9579
20.080000	1003.3138
20.100000	1002.6892
20.120000	1002.1265
20.140000	1001.6238
20.160000	1001.0821
20.180000	1000.6321
20.200000	1000.1813
20.220000	999.75464
20.240000	999.24475
20.260000	998.71953
20.280000	998.19605
20.300000	997.72277
20.320000	997.21553
20.340000	996.75447
20.360000	996.28827
20.380000	995.89461
20.400000	995.46600
20.420000	994.95575
20.440000	994.55656
20.460000	994.03899
20.480000	993.53136
20.500000	993.11185
20.520000	992.83621
20.540000	992.58341
20.560000	992.24673
20.580000	991.87821
20.600000	991.67933
20.620000	991.39797
20.640000	991.01526
20.660000	990.69885
20.680000	990.38863
20.700000	989.99605
20.720000	989.68911
20.740000	989.41087
20.760000	989.23873
20.780000	989.01677
20.800000	988.82436
20.820000	988.47563
20.840000	988.12542
20.860000	987.81965
20.880000	987.60034
20.900000	987.38518
20.920000	987.13197
20.940000	986.95646
20.960000	986.80774
20.980000	986.65032
21.000000	986.45853
21.020000	986.24577
21.040000	985.96190
21.060000	985.76540
21.080000	985.57104
21.100000	985.39257
21.120000	985.18574
21.140000	984.97984
21.160000	984.90655
21.180000	984.82080
21.200000	984.53827
21.220000	984.42326
21.240000	984.32602
21.260000	984.18356
21.280000	984.10385
21.300000	984.14903
21.320000	984.00398
21.340000	983.63992
21.360000	983.36980
21.380000	983.37121
21.400000	983.32103
21.420000	983.26237
21.440000	983.31267
21.460000	983.24045
21.480000	983.17138
21.500000	983.03930
21.520000	982.96840
21.540000	982.87773
21.560000	982.85294
21.580000	982.74548
21.600000	982.67323
21.620000	982.61566
21.640000	982.60243
21.660000	982.45889
21.680000	982.39823
21.700000	982.40840
21.720000	982.35428
21.740000	982.28519
21.760000	982.20130
21.780000	982.09104
21.800000	982.09178
21.820000	982.08987
21.840000	981.97627
21.860000	981.85530
21.880000	981.78608
21.900000	981.81491
21.920000	981.83790
21.940000	981.88021
21.960000	981.86364
21.980000	981.83322
22.000000	981.76292
22.020000	981.69224
22.040000	981.65356
22.060000	981.54056
22.080000	981.39805
22.100000	981.33583
22.120000	981.36297
22.140000	981.42652
22.160000	981.39134
22.180000	981.35465
22.200000	981.34258
22.220000	981.35185
22.240000	981.38855
22.260000	981.31310
22.280000	981.20751
22.300000	981.14907
22.320000	981.10037
22.340000	981.01312
22.360000	981.00353
22.380000	981.02225
22.400000	981.01193
22.420000	980.98634
22.440000	981.10977
22.460000	981.16316
22.480000	981.03274
22.500000	980.96261
22.520000	980.96308
22.540000	981.01296
22.560000	981.03201
22.580000	981.03169
22.600000	980.91428
22.620000	980.97926
22.640000	980.83515
22.660000	980.65150
22.680000	980.58363
22.700000	980.59520
22.720000	980.55810
22.740000	980.54041
22.760000	980.52460
22.780000	980.55712
22.800000	980.61774
22.820000	980.62174
22.840000	980.57329
22.860000	980.49339
22.880000	980.50433
22.900000	980.52188
22.920000	980.54994
22.940000	980.44921
22.960000	980.44951
22.980000	980.41332
23.000000	980.47330
23.020000	980.63864
23.040000	980.65621
23.060000	980.56649
23.080000	980.48589
23.100000	980.33402
23.120000	980.30927
23.140000	980.39197
23.160000	980.39174
23.180000	980.40423
23.200000	980.39681
23.220000	980.45680
23.240000	980.47340
23.260000	980.57068
23.280000	980.63988
23.300000	980.65899
23.320000	980.50146
23.340000	980.34681
23.360000	980.35177
23.380000	980.28739
23.400000	980.28993
23.420000	980.41799
23.440000	980.59758
23.460000	980.65905
23.480000	980.66440
23.500000	980.62822
23.520000	980.59221
23.540000	980.55972
23.560000	980.49488
23.580000	980.50192
23.600000	980.55396
23.620000	980.56234
23.640000	980.59020
23.660000	980.66380
23.680000	980.76417
23.700000	980.76224
23.720000	980.70146
23.740000	980.64001
23.760000	980.68968
23.780000	980.66296
23.800000	980.70584
23.820000	980.80378
23.840000	980.94201
23.860000	980.92090
23.880000	980.84680
23.900000	980.89075
23.920000	981.09164
23.940000	981.19372
23.960000	981.17090
23.980000	981.17630
24.000000	981.23451
24.020000	981.25486
24.040000	981.27797
24.060000	981.25750
24.080000	981.19876
24.100000	981.25078
24.120000	981.27144
24.140000	981.26656
24.160000	981.21793
24.180000	981.25931
24.200000	981.33188
24.220000	981.38403
24.240000	981.37229
24.260000	981.26667
24.280000	981.31408
24.300000	981.33748
24.320000	981.32919
24.340000	981.31218
24.360000	981.34854
24.380000	981.28877
24.400000	981.28646
24.420000	981.38545
24.440000	981.43992
24.460000	981.42451
24.480000	981.30536
24.500000	981.25058
24.520000	981.16402
24.540000	981.10859
24.560000	981.07897
24.580000	981.10808
24.600000	981.08496
24.620000	981.10162
24.640000	981.14924
24.660000	981.22115
24.680000	981.11712
24.700000	980.86968
24.720000	980.73790
24.740000	980.64152
24.760000	980.62763
24.780000	980.54148
24.800000	980.53146
24.820000	980.40211
24.840000	980.33943
24.860000	980.29226
24.880000	980.22335
24.900000	980.08025
24.920000	979.87048
24.940000	979.65535
24.960000	979.53888
24.980000	979.63502
25.000000	979.62297
25.020000	979.57366
25.040000	979.42319
25.060000	979.32429
25.080000	979.23796
25.100000	979.17000
25.120000	978.97590
25.140000	978.72313
25.160000	978.49483
25.180000	978.41049
25.200000	978.44642
25.220000	978.39439
25.240000	978.11859
25.260000	977.76778
25.280000	977.57301
25.300000	977.36385
25.320000	977.21925
25.340000	977.08393
25.360000	977.02781
25.380000	976.96442
25.400000	976.75290
25.420000	976.56855
25.440000	976.44201
25.460000	976.31243
25.480000	976.03357
25.500000	975.63975
25.520000	975.46343
25.540000	975.41826
25.560000	975.24305
25.580000	974.95734
25.600000	974.71190
25.620000	974.47091
25.640000	974.27423
25.660000	974.06261
25.680000	973.84541
25.700000	973.72057
25.720000	973.52738
25.740000	973.41223
25.760000	973.22662
25.780000	972.99819
25.800000	972.70151
25.820000	972.45958
25.840000	972.21745
25.860000	972.12696
25.880000	971.97988
25.900000	971.78008
25.920000	971.53411
25.940000	971.17066
25.960000	970.96416
25.980000	970.78794
26.000000	970.65672
26.020000	970.40964
26.040000	970.18908
26.060000	970.05659
26.080000	969.94082
26.100000	969.73525
26.120000	969.48104
26.140000	969.23968
26.160000	968.99224
26.180000	968.78838
26.200000	968.66608
26.220000	968.54275
26.240000	968.28343
26.260000	967.96745
26.280000	967.76205
26.300000	967.74818
26.320000	967.70472
26.340000	967.54778
26.360000	967.29411
26.380000	967.05598
26.400000	966.72894
26.420000	966.49362
26.440000	966.37255
26.460000	966.40609
26.480000	966.38540
26.500000	966.12571
26.520000	965.96575
26.540000	965.82658
26.560000	965.70429
26.580000	965.50009
26.600000	965.36495
26.620000	965.23603
26.640000	965.04484
26.660000	964.87693
26.680000	964.79973
26.700000	964.65476
26.720000	964.46414
26.740000	964.39082
26.760000	964.33274
26.780000	964.21440
26.800000	964.10328
26.820000	963.90531
26.840000	963.84921
26.860000	963.77966
26.880000	963.73635
26.900000	963.74735
26.920000	963.68217
26.940000	963.58779
26.960000	963.41740
26.980000	963.28251
27.000000	963.21320
27.020000	963.15193
27.040000	963.06124
27.060000	963.10830
27.080000	963.17993
27.100000	963.12663
27.120000	962.99270
27.140000	962.80362
27.160000	962.67868
27.180000	962.59361
27.200000	962.57837
27.220000	962.66424
27.240000	962.73103
27.260000	962.70979
27.280000	962.64611
27.300000	962.55191
27.320000	962.42580
27.340000	962.28652
27.360000	962.15043
27.380000	962.13551
27.400000	962.25134
27.420000	962.20682
27.440000	962.09615
27.460000	962.04020
27.480000	961.95172
27.500000	961.93008
27.520000	961.90321
27.540000	961.88707
27.560000	961.86741
27.580000	961.83407
27.600000	961.71875
27.620000	961.65638
27.640000	961.80030
27.660000	961.95513
27.680000	962.07752
27.700000	962.03577
27.720000	961.89930
27.740000	961.92757
27.760000	962.00628
27.780000	961.91386
27.800000	961.70859
27.820000	961.67520
27.840000	961.71121
27.860000	961.83039
27.880000	961.83040
27.900000	961.71010
27.920000	961.74922
27.940000	961.88318
27.960000	962.00834
27.980000	962.14074
28.000000	962.07676
28.020000	962.00833
28.040000	961.94546
28.060000	961.95890
28.080000	961.99414
28.100000	962.03725
28.120000	962.05931
28.140000	962.06885
28.160000	962.11374
28.180000	962.14690
28.200000	962.09835
28.220000	962.17233
28.240000	962.25027
28.260000	962.32495
28.280000	962.31900
28.300000	962.33883
28.320000	962.42564
28.340000	962.48623
28.360000	962.38233
28.380000	962.30748
28.400000	962.42695
28.420000	962.57422
28.440000	962.62680
28.460000	962.62158
28.480000	962.61076
28.500000	962.66722
28.520000	962.69564
28.540000	962.61484
28.560000	962.58491
28.580000	962.64890
28.600000	962.80775
28.620000	962.92551
28.640000	962.95312
28.660000	962.93022
28.680000	962.97287
28.700000	963.05211
28.720000	963.02663
28.740000	963.05128
28.760000	963.06897
28.780000	963.13826
28.800000	963.20926
28.820000	963.07556
28.840000	963.04457
28.860000	963.04740
28.880000	963.10480
28.900000	963.24493
28.920000	963.36986
28.940000	963.37237
28.960000	963.51789
28.980000	963.72187
29.000000	963.75051
29.020000	963.74962
29.040000	963.76201
29.060000	963.71878
29.080000	963.72587
29.100000	963.71707
29.120000	963.74116
29.140000	963.81892
29.160000	963.85603
29.180000	963.88426
29.200000	963.87607
29.220000	963.91565
29.240000	964.03665
29.260000	964.03304
29.280000	964.06714
29.300000	964.10495
29.320000	964.12319
29.340000	964.13363
29.360000	964.17023
29.380000	964.25937
29.400000	964.31378
29.420000	964.29849
29.440000	964.28991
29.460000	964.38380
29.480000	964.37781
29.500000	964.35224
29.520000	964.32208
29.540000	964.31355
29.560000	964.27100
29.580000	964.25735
29.600000	964.28432
29.620000	964.42733
29.640000	964.61878
29.660000	964.62025
29.680000	964.60321
29.700000	964.58554
29.720000	964.54795
29.740000	964.48024
29.760000	964.31838
29.780000	964.41605
29.800000	964.51443
29.820000	964.65160
29.840000	964.74928
29.860000	964.70412
29.880000	964.56186
29.900000	964.30080
29.920000	964.23124
29.940000	964.30691
29.960000	964.38169
29.980000	964.47474
30.000000	964.37429
30.020000	964.28030
30.040000	964.36906
30.060000	964.44008
30.080000	964.43104
30.100000	964.35748
30.120000	964.31792
30.140000	964.25525
30.160000	964.22803
30.180000	964.30685
30.200000	964.34057
30.220000	964.31380
30.240000	964.25051
30.260000	964.17102
30.280000	964.12829
30.300000	964.16995
30.320000	964.10307
30.340000	963.88322
30.360000	963.72996
30.380000	963.90371
30.400000	963.89615
30.420000	963.75287
30.440000	963.70817
30.460000	963.65184
30.480000	963.72108
30.500000	963.65584
30.520000	963.32876
30.540000	963.25866
30.560000	963.28621
30.580000	963.35294
30.600000	963.30074
30.620000	963.22651
30.640000	963.17329
30.660000	963.10355
30.680000	962.99053
30.700000	962.83813
30.720000	962.76013
30.740000	962.74302
30.760000	962.62758
30.780000	962.60090
30.800000	962.66270
30.820000	962.57823
30.840000	962.45407
30.860000	962.32342
30.880000	962.13808
30.900000	962.12167
30.920000	962.00573
30.940000	961.76541
30.960000	961.78526
30.980000	961.86639
31.000000	961.79225
31.020000	961.77586
31.040000	961.55871
31.060000	961.33958
31.080000	961.36700
31.100000	961.37041
31.120000	961.24696
31.140000	960.97972
31.160000	960.91247
31.180000	960.96308
31.200000	960.83263
31.220000	960.74824
31.240000	960.63569
31.260000	960.50033
31.280000	960.54376
31.300000	960.57394
31.320000	960.45496
31.340000	960.29707
31.360000	960.24196
31.380000	960.10530
31.400000	959.96334
31.420000	959.86210
31.440000	959.78316
31.460000	959.87976
31.480000	959.75903
31.500000	959.56572
31.520000	959.51625
31.540000	959.36475
31.560000	959.18122
31.580000	959.17911
31.600000	959.11112
31.620000	958.99264
31.640000	958.90428
31.660000	958.62668
31.680000	958.59577
31.700000	958.74009
31.720000	958.70428
31.740000	958.67084
31.760000	958.48621
31.780000	958.27106
31.800000	958.19585
31.820000	958.05077
31.840000	957.90039
31.860000	957.84210
31.880000	957.83786
31.900000	957.71936
31.920000	957.56522
31.940000	957.51381
31.960000	957.47514
31.980000	957.44804
32.000000	957.48089
32.020000	957.40782
32.040000	957.08898
32.060000	956.88783
32.080000	956.88014
32.100000	956.78817
32.120000	956.58469
32.140000	956.61010
32.160000	956.75359
32.180000	956.84557
32.200000	956.67388
32.220000	956.59081
32.240000	956.54094
32.260000	956.30615
32.280000	956.17891
32.300000	956.10233
32.320000	956.07843
32.340000	956.13586
32.360000	956.15335
32.380000	956.06798
32.400000	955.90149
32.420000	955.74292
32.440000	955.75657
32.460000	955.68898
32.480000	955.54712
32.500000	955.44833
32.520000	955.28518
32.540000	955.24630
32.560000	955.30712
32.580000	955.20437
32.600000	955.08370
32.620000	955.09138
32.640000	955.13739
32.660000	954.98840
32.680000	954.66066
32.700000	954.50689
32.720000	954.42570
32.740000	954.34560
32.760000	954.40907
32.780000	954.36514
32.800000	954.13650
32.820000	954.17311
32.840000	954.24418
32.860000	954.06440
32.880000	953.95042
32.900000	953.86774
32.920000	953.73672
32.940000	953.71263
32.960000	953.68469
32.980000	953.60698
33.000000	953.50605
33.020000	953.52219
33.040000	953.44996
33.060000	953.34602
33.080000	953.40447
33.100000	953.50438
33.120000	953.45398
33.140000	953.31032
33.160000	953.21292
33.180000	953.10756
33.200000	953.00956
33.220000	952.75322
33.240000	952.53939
33.260000	952.75370
33.280000	952.91312
33.300000	952.96062
33.320000	952.98286
33.340000	952.81472
33.360000	952.72558
33.380000	952.77116
33.400000	952.77553
33.420000	952.71459
33.440000	952.64037
33.460000	952.66110
33.480000	952.69462
33.500000	952.51845
33.520000	952.37098
33.540000	952.33321
33.560000	952.23080
33.580000	952.19380
33.600000	952.22448
33.620000	952.14653
33.640000	952.12463
33.660000	952.13614
33.680000	952.15407
33.700000	952.08438
33.720000	952.01455
33.740000	951.90811
33.760000	951.86633
33.780000	951.82288
33.800000	951.71927
33.820000	951.72001
33.840000	951.67936
33.860000	951.78043
33.880000	951.70539
33.900000	951.52289
33.920000	951.50604
33.940000	951.47732
33.960000	951.47868
33.980000	951.50972
34.000000	951.48226
34.020000	951.44658
34.040000	951.46853
34.060000	951.68529
34.080000	951.74841
34.100000	951.54688
34.120000	951.37735
34.140000	951.35398
34.160000	951.09102
34.180000	950.84741
34.200000	951.04727
34.220000	951.18719
34.240000	951.31479
34.260000	951.31383
34.280000	951.17434
34.300000	951.11627
34.320000	951.01175
34.340000	950.95286
34.360000	950.92656
34.380000	950.89844
34.400000	950.89126
34.420000	950.89787
34.440000	950.53694
34.460000	950.59083
34.480000	950.85073
34.500000	950.87943
34.520000	950.78013
34.540000	950.70178
34.560000	950.73019
34.580000	950.69138
34.600000	950.63399
34.620000	950.63326
34.640000	950.59788
34.660000	950.52521
34.680000	950.47099
34.700000	950.61742
34.720000	950.68693
34.740000	950.70150
34.760000	950.64210
34.780000	950.50481
34.800000	950.42502
34.820000	950.33275
34.840000	950.28501
34.860000	950.27232
34.880000	950.23873
34.900000	950.18966
34.920000	950.22745
34.940000	950.21847
34.960000	950.20543
34.980000	950.28450
35.000000	950.25550
35.020000	950.27884
35.040000	950.36677
35.060000	950.47207
35.080000	950.37830
35.100000	950.17057
35.120000	950.18870
35.140000	950.20839
35.160000	950.12413
35.180000	949.99577
35.200000	949.90135
35.220000	949.88235
35.240000	949.87820
35.260000	949.98780
35.280000	950.06056
35.300000	950.04061
35.320000	950.02316
35.340000	949.96943
35.360000	949.87391
35.380000	949.83136
35.400000	949.87041
35.420000	949.86291
35.440000	949.81822
35.460000	949.83027
35.480000	949.75617
35.500000	949.71171
35.520000	949.61100
35.540000	949.58021
35.560000	949.57437
35.580000	949.49879
35.600000	949.45302
35.620000	949.38503
35.640000	949.35911
35.660000	949.48836
35.680000	949.60308
35.700000	949.44182
35.720000	949.36918
35.740000	949.29699
35.760000	949.28365
35.780000	949.20353
35.800000	949.02798
35.820000	949.15218
35.840000	949.30780
35.860000	949.40971
35.880000	949.41810
35.900000	949.23352
35.920000	949.13716
35.940000	949.13602
35.960000	949.04300
35.980000	948.96798
36.000000	948.91137
36.020000	948.79515
36.040000	948.76248
36.060000	948.72497
36.080000	948.78673
36.100000	948.76584
36.120000	948.79756
36.140000	948.86026
36.160000	948.74776
36.180000	948.63794
36.200000	948.48138
36.220000	948.36427
36.240000	948.36772
36.260000	948.33871
36.280000	948.25661
36.300000	948.12968
36.320000	948.04020
36.340000	947.98984
36.360000	947.94558
36.380000	947.87374
36.400000	947.71024
36.420000	947.65443
36.440000	947.56736
36.460000	947.65861
36.480000	947.80163
36.500000	947.80087
36.520000	947.67928
36.540000	947.52101
36.560000	947.43714
36.580000	947.35453
36.600000	947.28306
36.620000	947.27963
36.640000	947.15495
36.660000	947.08345
36.680000	947.10103
36.700000	947.07714
36.720000	947.02081
36.740000	947.00620
36.760000	946.90126
36.780000	946.77060
36.800000	946.61906
36.820000	946.60065
36.840000	946.51009
36.860000	946.51261
36.880000	946.49458
36.900000	946.25310
36.920000	946.21320
36.940000	946.11862
36.960000	946.00603
36.980000	946.07884
37.000000	946.13694
37.020000	946.06067
37.040000	945.98344
37.060000	945.97239
37.080000	945.73030
37.100000	945.58122
37.120000	945.44466
37.140000	945.23763
37.160000	945.18782
37.180000	945.15289
37.200000	944.99425
37.220000	944.93228
37.240000	945.02161
37.260000	944.96308
37.280000	944.78816
37.300000	944.74024
37.320000	944.69749
37.340000	944.71187
37.360000	944.66205
37.380000	944.47445
37.400000	944.25542
37.420000	944.06931
37.440000	944.10823
37.460000	943.97765
37.480000	943.80058
37.500000	943.76051
37.520000	943.61662
37.540000	943.55634
37.560000	943.43417
37.580000	943.27423
37.600000	943.19889
37.620000	943.07148
37.640000	943.03787
37.660000	943.09588
37.680000	942.99812
37.700000	942.91797
37.720000	942.78821
37.740000	942.73368
37.760000	942.75795
37.780000	942.68209
37.800000	942.68038
37.820000	942.52261
37.840000	942.33325
37.860000	942.30314
37.880000	942.13935
37.900000	941.98095
37.920000	941.91788
37.940000	941.78757
37.960000	941.74108
37.980000	941.80424
38.000000	941.64856
38.020000	941.49238
38.040000	941.36776
38.060000	941.15667
38.080000	941.04088
38.100000	941.11645
38.120000	940.95336
38.140000	940.81534
38.160000	940.84955
38.180000	940.80627
38.200000	940.71480
38.220000	940.39738
38.240000	940.36825
38.260000	940.34748
38.280000	940.10124
38.300000	940.05700
38.320000	940.03500
38.340000	939.91194
38.360000	939.73864
38.380000	939.60705
38.400000	939.54896
38.420000	939.59637
38.440000	939.57204
38.460000	939.43996
38.480000	939.32842
38.500000	939.19002
38.520000	939.03975
38.540000	938.93285
38.560000	938.91881
38.580000	938.91177
38.600000	938.90404
38.620000	938.75846
38.640000	938.63248
38.660000	938.61538
38.680000	938.42944
38.700000	938.30987
38.720000	938.27885
38.740000	938.05885
38.760000	938.04386
38.780000	938.03542
38.800000	937.93178
38.820000	937.76518
38.840000	937.66075
38.860000	937.55897
38.880000	937.51495
38.900000	937.58005
38.920000	937.46557
38.940000	937.35451
38.960000	937.28733
38.980000	937.21081
39.000000	936.98380
39.020000	936.86204
39.040000	936.76901
39.060000	936.61751
39.080000	936.47590
39.100000	936.55387
39.120000	936.54870
39.140000	936.47393
39.160000	936.44338
39.180000	936.39587
39.200000	936.23832
39.220000	936.12233
39.240000	936.13240
39.260000	935.95057
39.280000	935.92955
39.300000	935.85799
39.320000	935.73404
39.340000	935.63370
39.360000	935.41067
39.380000	935.38613
39.400000	935.40813
39.420000	935.42613
39.440000	935.32303
39.460000	935.09973
39.480000	934.95429
39.500000	934.92585
39.520000	934.91605
39.540000	934.80518
39.560000	934.70603
39.580000	934.72816
39.600000	934.74876
39.620000	934.60994
39.640000	934.40744
39.660000	934.37137
39.680000	934.24410
39.700000	934.17153
39.720000	934.21289
39.740000	934.29388
39.760000	934.18094
39.780000	933.92155
39.800000	934.05838
39.820000	934.02733
39.840000	933.72295
39.860000	933.59961
39.880000	933.57784
39.900000	933.55376
39.920000	933.42650
39.940000	933.20745
39.960000	932.96477
39.980000	933.07210
40.000000	933.26456
40.020000	933.24941
40.040000	933.04021
40.060000	932.80987
40.080000	932.93197
40.100000	932.93808
40.120000	932.80158
40.140000	932.63378
40.160000	932.53369
40.180000	932.42851
40.200000	932.45395
40.220000	932.31441
40.240000	932.26780
40.260000	932.22705
40.280000	932.11314
40.300000	932.08281
40.320000	932.03834
40.340000	931.82843
40.360000	931.78836
40.380000	931.88042
40.400000	931.91452
40.420000	931.62277
40.440000	931.47729
40.460000	931.60243
40.480000	931.70061
40.500000	931.51137
40.520000	931.41477
40.540000	931.32618
40.560000	931.29872
40.580000	931.24369
40.600000	931.11737
40.620000	931.02687
40.640000	930.99715
40.660000	930.87151
40.680000	930.83623
40.700000	930.80925
40.720000	930.71979
40.740000	930.63002
40.760000	930.54629
40.780000	930.57562
40.800000	930.41570
40.820000	930.16518
40.840000	930.13620
40.860000	930.25416
40.880000	930.25045
40.900000	930.19410
40.920000	930.19989
40.940000	930.03526
40.960000	929.74337
40.980000	929.65331
41.000000	929.59530
41.020000	929.60681
41.040000	929.48745
41.060000	929.35535
41.080000	929.30261
41.100000	929.40030
41.120000	929.36855
41.140000	929.26989
41.160000	929.11369
41.180000	929.09943
41.200000	929.00073
41.220000	928.87911
41.240000	928.82035
41.260000	928.71198
41.280000	928.60166
41.300000	928.57899
41.320000	928.51079
41.340000	928.37251
41.360000	928.38219
41.380000	928.35835
41.400000	928.30200
41.420000	928.23018
41.440000	928.22401
41.460000	928.06903
41.480000	927.99250
41.500000	927.91317
41.520000	927.99672
41.540000	927.99949
41.560000	927.87260
41.580000	927.79127
41.600000	927.66686
41.620000	927.63202
41.640000	927.65929
41.660000	927.62062
41.680000	927.49491
41.700000	927.43163
41.720000	927.28339
41.740000	927.09941
41.760000	926.94181
41.780000	926.88345
41.800000	926.78881
41.820000	926.76335
41.840000	926.84533
41.860000	926.66798
41.880000	926.50519
41.900000	926.39930
41.920000	926.40361
41.940000	926.36895
41.960000	926.33198
41.980000	926.26278
42.000000	926.32483
42.020000	926.29212
42.040000	926.16868
42.060000	926.08733
42.080000	925.95611
42.100000	925.79360
42.120000	925.60417
42.140000	925.56168
42.160000	925.42618
42.180000	925.27451
42.200000	925.14591
42.220000	925.04245
42.240000	925.02705
42.260000	925.05395
42.280000	924.92812
42.300000	924.87253
42.320000	924.94053
42.340000	924.73975
42.360000	924.59328
42.380000	924.53295
42.400000	924.53514
42.420000	924.43934
42.440000	924.14682
42.460000	924.11432
42.480000	924.01783
42.500000	923.90048
42.520000	923.84089
42.540000	923.88806
42.560000	923.83690
42.580000	923.80832
42.600000	923.57714
42.620000	923.31717
42.640000	923.39459
42.660000	923.34992
42.680000	923.22723
42.700000	923.27740
42.720000	923.23356
42.740000	923.16239
42.760000	923.10893
42.780000	922.91060
42.800000	922.82970
42.820000	922.77230
42.840000	922.71679
42.860000	922.60704
42.880000	922.63749
42.900000	922.45706
42.920000	922.19327
42.940000	922.28101
42.960000	922.27647
42.980000	922.07026
43.000000	922.09706
43.020000	922.03109
43.040000	921.90700
43.060000	921.82208
43.080000	921.61665
43.100000	921.44734
43.120000	921.39639
43.140000	921.48413
43.160000	921.46025
43.180000	921.30320
43.200000	921.14058
43.220000	920.86462
43.240000	920.88169
43.260000	920.84315
43.280000	920.59042
43.300000	920.55392
43.320000	920.44810
43.340000	920.40639
43.360000	920.50520
43.380000	920.28774
43.400000	920.09030
43.420000	920.10569
43.440000	920.05002
43.460000	919.85999
43.480000	919.68558
43.500000	919.81015
43.520000	919.80458
43.540000	919.62375
43.560000	919.27939
43.580000	919.12892
43.600000	919.04093
43.620000	918.99975
43.640000	918.92668
43.660000	918.91623
43.680000	918.70860
43.700000	918.78029
43.720000	918.70302
43.740000	918.59733
43.760000	918.53385
43.780000	918.30021
43.800000	918.27429
43.820000	918.26268
43.840000	917.98192
43.860000	917.81641
43.880000	917.68305
43.900000	917.67687
43.920000	917.59173
43.940000	917.54786
43.960000	917.43899
43.980000	917.31384
44.000000	917.11864
44.020000	917.04598
44.040000	917.16972
44.060000	917.07980
44.080000	916.97923
44.100000	916.84834
44.120000	916.63051
44.140000	916.49843
44.160000	916.41800
44.180000	916.46218
44.200000	916.34920
44.220000	916.25008
44.240000	916.11967
44.260000	915.93676
44.280000	915.83450
44.300000	915.79757
44.320000	915.72823
44.340000	915.62006
44.360000	915.59800
44.380000	915.50023
44.400000	915.37433
44.420000	915.19047
44.440000	914.95009
44.460000	914.96666
44.480000	914.73279
44.500000	914.72774
44.520000	914.63302
44.540000	914.42745
44.560000	914.36679
44.580000	914.26152
44.600000	914.08082
44.620000	914.22774
44.640000	914.01800
44.660000	913.85065
44.680000	913.80163
44.700000	913.77329
44.720000	913.72686
44.740000	913.44592
44.760000	913.28511
44.780000	913.21279
44.800000	913.07140
44.820000	912.95958
44.840000	912.78585
44.860000	912.60088
44.880000	912.71842
44.900000	912.50069
44.920000	912.39423
44.940000	912.30921
44.960000	911.96351
44.980000	911.75871
45.000000	911.50433
45.020000	911.50329
45.040000	911.40470
45.060000	911.33088
45.080000	911.24794
45.100000	911.12481
45.120000	911.25235
45.140000	911.23852
45.160000	911.14183
45.180000	910.96101
45.200000	910.85566
45.220000	910.72688
45.240000	910.78862
45.260000	910.62620
45.280000	910.68896
45.300000	910.54939
45.320000	910.32452
45.340000	910.29981
45.360000	910.26425
45.380000	910.09952
45.400000	909.99438
45.420000	909.98612
45.440000	909.74546
45.460000	909.56810
45.480000	909.53977
45.500000	909.47047
45.520000	909.36193
45.540000	909.20059
45.560000	909.07788
45.580000	909.13106
45.600000	908.85179
45.620000	908.86848
45.640000	908.77607
45.660000	908.67642
45.680000	908.62125
45.700000	908.35475
45.720000	908.30237
45.740000	908.34095
45.760000	908.06419
45.780000	907.93870
45.800000	907.86940
45.820000	907.81917
45.840000	908.01632
45.860000	907.80923
45.880000	907.53458
45.900000	907.50848
45.920000	907.43619
45.940000	907.34283
45.960000	907.27883
45.980000	907.08454
46.000000	906.88647
46.020000	906.80780
46.040000	906.93127
46.060000	906.96399
46.080000	906.77359
46.100000	906.59617
46.120000	906.57000
46.140000	906.64200
46.160000	906.52947
46.180000	906.31194
46.200000	906.25704
46.220000	906.15684
46.240000	906.06901
46.260000	905.97883
46.280000	905.97826
46.300000	905.86325
46.320000	905.73211
46.340000	905.49673
46.360000	905.37412
46.380000	905.32168
46.400000	905.28753
46.420000	905.24414
46.440000	904.93903
46.460000	904.75605
46.480000	904.91874
46.500000	904.81942
46.520000	904.72915
46.540000	904.79657
46.560000	904.60371
46.580000	904.38728
46.600000	904.16497
46.620000	904.07185
46.640000	904.16656
46.660000	904.02544
46.680000	903.94600
46.700000	903.88541
46.720000	903.76835
46.740000	903.53624
46.760000	903.30643
46.780000	903.37522
46.800000	903.42082
46.820000	903.23833
46.840000	903.14532
46.860000	903.08915
46.880000	903.03504
46.900000	902.72745
46.920000	902.66017
46.940000	902.56665
46.960000	902.50940
46.980000	902.31659
47.000000	902.20236
47.020000	902.14716
47.040000	902.09844
47.060000	901.99938
47.080000	901.90930
47.100000	901.78817
47.120000	901.67171
47.140000	901.66732
47.160000	901.47113
47.180000	901.47613
47.200000	901.27792
47.220000	901.09696
47.240000	901.16520
47.260000	901.00416
47.280000	900.87566
47.300000	900.82687
47.320000	900.63680
47.340000	900.57148
47.360000	900.58347
47.380000	900.63078
47.400000	900.60661
47.420000	900.40908
47.440000	900.29300
47.460000	900.30822
47.480000	900.00117
47.500000	899.93338
47.520000	899.82248
47.540000	899.80878
47.560000	899.69862
47.580000	899.53986
47.600000	899.39616
47.620000	899.58933
47.640000	899.34995
47.660000	899.18933
47.680000	899.07066
47.700000	898.98689
47.720000	898.86237
47.740000	898.93872
47.760000	898.95978
47.780000	898.65969
47.800000	898.50292
47.820000	898.45194
47.840000	898.49546
47.860000	898.44762
47.880000	898.15355
47.900000	898.13736
47.920000	898.06437
47.940000	898.21957
47.960000	897.94628
47.980000	897.80998
48.000000	897.74765
48.020000	897.71611
48.040000	897.56970
48.060000	897.45371
48.080000	897.43441
48.100000	897.37028
48.120000	897.40000
48.140000	897.05905
48.160000	896.83996
48.180000	896.75317
48.200000	896.65016
48.220000	896.47419
48.240000	896.54730
48.260000	896.60373
48.280000	896.30191
48.300000	896.03537
48.320000	896.17014
48.340000	896.08043
48.360000	895.69366
48.380000	895.61653
48.400000	895.63963
48.420000	895.64676
48.440000	895.53077
48.460000	895.36502
48.480000	895.26588
48.500000	894.97173
48.520000	894.97238
48.540000	894.88114
48.560000	894.88055
48.580000	894.72445
48.600000	894.75469
48.620000	894.80782
48.640000	894.60434
48.660000	894.25955
48.680000	894.42741
48.700000	894.36323
48.720000	894.31819
48.740000	894.12437
48.760000	894.03702
48.780000	894.06428
48.800000	893.71772
48.820000	893.58089
48.840000	893.66934
48.860000	893.51488
48.880000	893.44925
48.900000	893.28519
48.920000	893.26426
48.940000	893.00647
48.960000	892.82820
48.980000	892.69840
49.000000	892.48535
49.020000	892.33987
49.040000	892.22506
49.060000	892.10069
49.080000	892.28184
49.100000	892.12539
49.120000	891.93298
49.140000	891.61020
49.160000	891.55467
49.180000	891.57624
49.200000	891.48558
49.220000	891.32767
49.240000	891.22003
49.260000	891.33356
49.280000	891.05805
49.300000	891.03931
49.320000	890.91988
49.340000	890.87175
49.360000	890.57147
49.380000	890.40588
49.400000	890.45018
49.420000	890.41913
49.440000	890.24185
49.460000	890.22028
49.480000	890.06205
49.500000	889.82169
49.520000	889.71019
49.540000	889.56310
49.560000	889.42291
49.580000	889.34054
49.600000	889.05378
49.620000	889.04085
49.640000	889.15964
49.660000	888.94283
49.680000	888.87551
49.700000	888.81973
49.720000	888.65738
49.740000	888.42263
49.760000	888.10882
49.780000	888.01105
49.800000	887.91450
49.820000	887.91331
49.840000	887.85452
49.860000	887.76073
49.880000	887.67485
49.900000	887.38193
49.920000	887.39472
49.940000	887.16180
49.960000	887.12537
49.980000	887.08099
50.000000	886.89516
50.020000	887.04982
50.040000	886.81626
50.060000	886.61875
50.080000	886.64848
50.100000	886.05305
50.120000	886.21359
50.140000	886.19718
50.160000	886.13206
50.180000	885.95393
50.200000	885.85396
50.220000	885.74088
50.240000	885.71390
50.260000	885.42959
50.280000	885.19362
50.300000	885.04225
50.320000	885.02127
50.340000	885.07881
50.360000	884.94252
50.380000	884.75308
50.400000	884.75615
50.420000	884.70926
50.440000	884.34468
50.460000	884.40673
50.480000	884.02915
50.500000	883.89701
50.520000	883.82119
50.540000	883.75602
50.560000	883.78538
50.580000	883.61085
50.600000	883.67190
50.620000	883.49067
50.640000	883.54979
50.660000	883.35173
50.680000	883.20293
50.700000	883.15765
50.720000	882.87704
50.740000	882.79773
50.760000	882.70479
50.780000	882.67220
50.800000	882.37170
50.820000	882.37067
50.840000	882.33370
50.860000	882.25361
50.880000	882.28271
50.900000	881.98053
50.920000	881.51899
50.940000	881.78194
50.960000	881.56038
50.980000	881.25236
51.000000	881.59880
51.020000	881.35931
51.040000	881.25718
51.060000	881.05190
51.080000	881.30360
51.100000	881.05548
51.120000	880.80106
51.140000	880.68719
51.160000	880.40540
51.180000	880.31365
51.200000	880.21582
51.220000	880.23018
51.240000	880.35164
51.260000	880.17627
51.280000	879.98558
51.300000	879.83748
51.320000	879.69153
51.340000	879.65734
51.360000	879.61842
51.380000	879.64862
51.400000	879.57742
51.420000	879.30697
51.440000	879.33052
51.460000	879.22989
51.480000	879.04194
51.500000	879.07704
51.520000	878.92971
51.540000	878.65037
51.560000	878.56881
51.580000	878.45360
51.600000	878.31031
51.620000	878.33936
51.640000	878.18177
51.660000	877.94708
51.680000	877.82391
51.700000	877.67657
51.720000	877.61652
51.740000	877.51611
51.760000	877.27348
51.780000	877.34076
51.800000	877.20381
51.820000	877.33118
51.840000	877.00612
51.860000	876.74975
51.880000	876.87506
51.900000	876.68319
51.920000	876.54680
51.940000	876.42047
51.960000	876.36652
51.980000	876.31801
52.000000	876.17136
52.020000	876.15211
52.040000	876.25146
52.060000	875.85839
52.080000	875.60824
52.100000	875.73722
52.120000	875.51219
52.140000	875.47361
52.160000	875.32194
52.180000	875.43126
52.200000	875.23488
52.220000	875.13941
52.240000	875.15422
52.260000	874.85740
52.280000	874.36098
52.300000	874.67820
52.320000	874.61456
52.340000	874.52050
52.360000	874.41478
52.380000	874.19858
52.400000	874.03367
52.420000	873.88057
52.440000	873.99957
52.460000	873.50022
52.480000	873.54861
52.500000	873.56479
52.520000	873.47720
52.540000	873.24845
52.560000	873.15826
52.580000	873.21745
52.600000	873.14506
52.620000	872.70249
52.640000	872.45117
52.660000	872.27991
52.680000	872.49555
52.700000	872.23278
52.720000	872.20554
52.740000	872.17397
52.760000	872.21556
52.780000	872.03127
52.800000	871.72183
52.820000	871.65229
52.840000	871.40425
52.860000	871.47914
52.880000	871.49963
52.900000	871.54203
52.920000	871.05601
52.940000	870.87644
52.960000	870.94579
52.980000	870.85613
53.000000	870.71829
53.020000	870.42899
53.040000	870.28543
53.060000	870.08114
53.080000	870.16962
53.100000	870.14941
53.120000	869.92519
53.140000	869.86285
53.160000	869.96331
53.180000	869.87579
53.200000	869.36223
53.220000	869.36743
53.240000	869.34119
53.260000	869.09371
53.280000	869.18451
53.300000	869.03445
53.320000	868.79803
53.340000	868.87625
53.360000	868.65162
53.380000	868.41901
53.400000	868.32714
53.420000	868.11314
53.440000	867.97829
53.460000	867.82999
53.480000	867.95546
53.500000	867.78598
53.520000	867.72292
53.540000	867.55052
53.560000	867.40300
53.580000	867.24272
53.600000	867.26745
53.620000	867.13594
53.640000	866.98570
53.660000	866.88543
53.680000	866.69312
53.700000	866.49020
53.720000	866.43059
53.740000	866.21812
53.760000	866.57292
53.780000	866.29772
53.800000	865.84674
53.820000	865.59324
53.840000	865.84468
53.860000	865.32046
53.880000	865.29620
53.900000	865.45884
53.920000	865.13535
53.940000	865.26875
53.960000	864.85935
53.980000	864.98933
54.000000	864.68472
54.020000	864.46988
54.040000	864.44739
54.060000	864.36605
54.080000	864.33256
54.100000	864.05755
54.120000	863.80153
54.140000	863.66289
54.160000	863.68524
54.180000	863.28396
54.200000	863.49611
54.220000	863.55617
54.240000	863.30640
54.260000	863.30847
54.280000	863.25517
54.300000	862.73417
54.320000	862.37987
54.340000	862.14251
54.360000	862.39511
54.380000	862.36420
54.400000	862.55305
54.420000	862.58071
54.440000	862.22816
54.460000	861.74531
54.480000	861.86440
54.500000	862.02372
54.520000	861.73746
54.540000	861.50036
54.560000	861.12019
54.580000	861.01498
54.600000	861.15943
54.620000	861.27930
54.640000	860.52797
54.660000	860.79490
54.680000	859.95989
54.700000	860.74345
54.720000	860.73677
54.740000	860.32017
54.760000	860.33640
54.780000	860.31069
54.800000	859.78419
54.820000	859.88671
54.840000	859.93626
54.860000	859.81460
54.880000	859.70421
54.900000	859.59063
54.920000	859.47263
54.940000	859.45113
54.960000	858.92420
54.980000	858.89145
55.000000	859.34295
55.020000	859.20661
55.040000	858.90174
55.060000	859.09431
55.080000	858.65895
55.100000	858.52358
55.120000	858.15232
55.140000	858.11865
55.160000	858.21036
55.180000	857.95560
55.200000	857.69230
55.220000	857.65209
55.240000	857.40914
55.260000	857.95359
55.280000	857.28211
55.300000	857.43333
55.320000	857.11609
55.340000	857.24802
55.360000	857.29122
55.380000	856.46705
55.400000	856.69612
55.420000	856.74160
55.440000	856.69775
55.460000	856.39568
55.480000	855.58747
55.500000	855.97855
55.520000	855.90304
55.540000	855.93083
55.560000	856.39937
55.580000	855.80576
55.600000	855.73747
55.620000	855.41799
55.640000	855.60043
55.660000	855.54321
55.680000	855.37109
55.700000	855.34644
55.720000	855.25304
55.740000	855.59818
55.760000	855.29506
55.780000	854.84212
55.800000	854.71269
55.820000	854.50265
55.840000	854.76188
55.860000	854.99892
55.880000	854.62177
55.900000	854.58986
55.920000	854.66846
55.940000	854.27758
55.960000	854.02956
55.980000	854.14629
56.000000	853.78200
56.020000	853.85626
56.040000	854.12213
56.060000	853.73681
56.080000	853.94394
56.100000	853.14606
56.120000	853.22549
56.140000	852.93355
56.160000	852.71747
56.180000	853.33920
56.200000	853.23846
56.220000	852.95376
56.240000	853.28483
56.260000	852.90775
56.280000	852.75084
56.300000	852.46903
56.320000	851.83486
56.340000	851.85180
56.360000	852.14476
56.380000	851.33415
56.400000	851.70903
56.420000	851.57367
56.440000	851.76978
56.460000	851.25323
56.480000	850.33693
56.500000	850.01204
56.520000	851.00446
56.540000	851.08962
56.560000	850.83029
56.580000	850.23266
56.600000	850.47805
56.620000	850.24322
56.640000	849.61160
56.660000	850.25728
56.680000	850.35410
56.700000	849.71845
56.720000	848.87397
56.740000	849.49501
56.760000	849.89722
56.780000	849.14955
56.800000	849.54671
56.820000	849.01648
56.840000	849.64169
56.860000	849.29301
56.880000	849.22195
56.900000	848.90256
56.920000	848.37372
56.940000	848.13300
56.960000	848.02194
56.980000	848.43572
57.000000	848.26084
57.020000	848.60420
57.040000	848.40017
57.060000	847.83446
57.080000	847.44822
57.100000	847.37970
57.120000	847.49085
57.140000	847.64415
57.160000	846.92145
57.180000	847.05997
57.200000	846.95376
57.220000	846.84603
57.240000	846.31488
57.260000	846.27981
57.280000	845.54446
57.300000	846.40669
57.320000	845.52693
57.340000	845.08454
57.360000	846.22654
57.380000	845.59572
57.400000	845.17828
57.420000	845.18101
57.440000	844.83360
57.460000	844.95278
57.480000	844.88374
57.500000	844.43271
57.520000	844.53156
57.540000	844.44126
57.560000	844.39413
57.580000	844.30650
57.600000	844.25375
57.620000	843.66688
57.640000	843.61298
57.660000	842.74160
57.680000	843.53613
57.700000	842.70421
57.720000	842.95021
57.740000	843.10786
57.760000	842.57893
57.780000	842.43863
57.800000	841.33296
57.820000	841.61536
57.840000	842.64794
57.860000	842.85960
57.880000	842.12819
57.900000	842.35003
57.920000	841.74150
57.940000	842.18411
57.960000	841.70614
57.980000	841.44688
58.000000	841.09838
58.020000	841.04888
58.040000	841.27383
58.060000	840.56038
58.080000	841.04515
58.100000	840.87734
58.120000	840.84363
58.140000	840.07272
58.160000	840.50896
58.180000	840.25926
58.200000	840.23262
58.220000	840.28500
58.240000	839.63084
58.260000	840.19691
58.280000	839.62199
58.300000	839.77086
58.320000	839.75220
58.340000	839.82192
58.360000	839.66269
58.380000	839.04875
58.400000	838.93200
58.420000	839.45030
58.440000	839.70454
58.460000	838.90490
58.480000	838.81242
58.500000	838.04428
58.520000	838.53323
58.540000	838.10238
58.560000	838.37647
58.580000	838.29004
58.600000	838.73545
58.620000	838.09261
58.640000	837.62370
58.660000	838.49473
58.680000	837.80860
58.700000	837.27036
58.720000	837.96495
58.740000	837.46064
58.760000	837.85929
58.780000	838.01217
58.800000	837.06433
58.820000	837.40053
58.840000	836.61502
58.860000	836.78955
58.880000	836.89184
58.900000	836.28293
58.920000	835.68055
58.940000	836.08512
58.960000	836.63089
58.980000	836.45293
59.000000	836.01900
59.020000	835.01023
59.040000	835.23573
59.060000	835.36747
59.080000	835.26695
59.100000	836.01522
59.120000	835.00482
59.140000	833.78895
59.160000	835.13757
59.180000	835.00878
59.200000	834.84975
59.220000	833.90283
59.240000	834.90989
59.260000	835.17892
59.280000	834.90553
59.300000	834.79517
59.320000	834.81120
59.340000	834.52359
59.360000	833.93160
59.380000	833.94015
59.400000	834.47901
59.420000	834.48159
59.440000	834.54930
59.460000	833.23903
59.480000	834.80778
59.500000	834.03076
59.520000	833.98006
59.540000	833.25987
59.560000	834.42742
59.580000	833.21190
59.600000	833.92678
59.620000	833.92864
59.640000	833.08067
59.660000	833.05768
59.680000	833.22111
59.700000	833.45861
59.720000	832.97918
59.740000	832.71865
59.760000	833.03060
59.780000	832.78005
59.800000	832.42404
59.820000	832.22133
59.840000	832.99135
59.860000	832.60430
59.880000	832.67090
59.900000	832.02066
59.920000	831.07558
59.940000	831.33433
59.960000	831.66552
59.980000	831.64058
60.000000	831.90488
