0.0000000	0.0000000
0.020000000	180.85337
0.040000000	181.27082
0.060000000	179.90601
0.080000000	178.26762
0.10000000	177.21099
0.12000000	176.57887
0.14000000	177.94099
0.16000000	177.47490
0.18000000	176.44088
0.20000000	175.70298
0.22000000	175.85459
0.24000000	176.09757
0.26000000	176.08999
0.28000000	176.73670
0.30000000	178.49650
0.32000000	184.53030
0.34000000	193.86600
0.36000000	211.27353
0.38000000	231.74620
0.40000000	255.18829
0.42000000	286.29657
0.44000000	306.21344
0.46000000	324.51871
0.48000000	340.10298
0.50000000	357.18460
0.52000000	373.39022
0.54000000	391.29578
0.56000000	404.23872
0.58000000	420.66198
0.60000000	441.75507
0.62000000	465.05444
0.64000000	504.11861
0.66000000	559.66623
0.68000000	639.99811
0.70000000	737.17955
0.72000000	863.92934
0.74000000	973.07368
0.76000000	1086.4047
0.78000000	1164.8180
0.80000000	1216.9176
0.82000000	1254.1070
0.84000000	1274.9167
0.86000000	1289.3616
0.88000000	1299.7580
0.90000000	1307.8944
0.92000000	1314.4952
0.94000000	1320.0513
0.96000000	1324.9723
0.98000000	1329.8186
1.0000000	1334.5021
1.0200000	1337.7602
1.0400000	1340.9052
1.0600000	1343.7798
1.0800000	1346.3011
1.1000000	1349.3632
1.1200000	1352.4008
1.1400000	1355.6212
1.1600000	1358.5477
1.1800000	1361.4820
1.2000000	1364.1378
1.2200000	1367.2012
1.2400000	1371.0154
1.2600000	1374.8235
1.2800000	1379.1075
1.3000000	1383.0771
1.3200000	1387.8333
1.3400000	1393.1746
1.3600000	1398.1898
1.3800000	1403.0629
1.4000000	1409.2537
1.4200000	1415.9754
1.4400000	1423.8118
1.4600000	1432.6895
1.4800000	1442.1369
1.5000000	1455.2228
1.5200000	1472.5509
1.5400000	1495.9115
1.5600000	1530.5102
1.5800000	1587.1570
1.6000000	1678.3385
1.6200000	1860.8107
1.6400000	2227.4050
1.6600000	2921.9184
1.6800000	4333.6844
1.7000000	6487.4115
1.7200000	8886.1743
1.7400000	10530.151
1.7600000	9859.7842
1.7800000	7754.0914
1.8000000	5066.0328
1.8200000	3420.6188
1.8400000	2525.2081
1.8600000	2097.8054
1.8800000	1946.2367
1.9000000	1928.9747
1.9200000	2058.1628
1.9400000	2381.0230
1.9600000	2948.8444
1.9800000	3838.2001
2.0000000	4550.8714
2.0200000	4763.3769
2.0400000	4219.4168
2.0600000	3378.9782
2.0800000	2601.1242
2.1000000	2165.3349
2.1200000	1941.9686
2.1400000	1848.0871
2.1600000	1804.8427
2.1800000	1788.1843
2.2000000	1783.6451
2.2200000	1781.2893
2.2400000	1775.9279
2.2600000	1767.4922
2.2800000	1760.0317
2.3000000	1754.3295
2.3200000	1749.8994
2.3400000	1746.4621
2.3600000	1744.2312
2.3800000	1743.9239
2.4000000	1745.0661
2.4200000	1746.4845
2.4400000	1749.3646
2.4600000	1756.0845
2.4800000	1771.3027
2.5000000	1804.9103
2.5200000	1869.1468
2.5400000	2001.8667
2.5600000	2275.1459
2.5800000	2819.6517
2.6000000	3859.9470
2.6200000	5499.9756
2.6400000	7283.0857
2.6600000	8392.1519
2.6800000	7909.2627
2.7000000	6376.3751
2.7200000	4564.6913
2.7400000	3565.0642
2.7600000	3368.4913
2.7800000	3991.7118
2.8000000	5353.1832
2.8200000	7089.0208
2.8400000	8383.6389
2.8600000	8185.5106
2.8800000	6720.4394
2.9000000	4721.0327
2.9200000	3317.1115
2.9400000	2497.6629
2.9600000	2100.3826
2.9800000	1926.7619
3.0000000	1858.7240
3.0200000	1867.9287
3.0400000	1943.6562
3.0600000	2132.4740
3.0800000	2532.0617
3.1000000	3307.8491
3.1200000	4823.5255
3.1400000	7118.5993
3.1600000	9592.9830
3.1800000	11114.457
3.2000000	10419.254
3.2200000	8178.4682
3.2400000	5502.2070
3.2600000	3810.3545
3.2800000	2950.9831
3.3000000	2660.8666
3.3200000	2655.7325
3.3400000	2712.6804
3.3600000	2767.6130
3.3800000	2966.4095
3.4000000	3594.9689
3.4200000	5133.5016
3.4400000	7639.6447
3.4600000	10778.642
3.4800000	12971.634
3.5000000	12682.299
3.5200000	10113.965
3.5400000	6849.7327
3.5600000	4425.7891
3.5800000	3063.8620
3.6000000	2471.6844
3.6200000	2203.8627
3.6400000	2041.1127
3.6600000	1895.1619
3.6800000	1768.0155
3.7000000	1679.2055
3.7200000	1642.4191
3.7400000	1644.3230
3.7600000	1691.7669
3.7800000	1811.5237
3.8000000	2061.3504
3.8200000	2593.2937
3.8400000	3504.9316
3.8600000	4792.0355
3.8800000	6139.5261
3.9000000	6618.4401
3.9200000	6039.3697
3.9400000	4626.0171
3.9600000	3331.0937
3.9800000	2467.1665
4.0000000	2028.2407
4.0200000	1830.7762
4.0400000	1711.8952
4.0600000	1615.6705
4.0800000	1536.5742
4.1000000	1479.4704
4.1200000	1446.1361
4.1400000	1429.1961
4.1600000	1422.9973
4.1800000	1425.7610
4.2000000	1437.7455
4.2200000	1464.8039
4.2400000	1516.9838
4.2600000	1618.1337
4.2800000	1820.5102
4.3000000	2225.2819
4.3200000	2934.5243
4.3400000	4110.1003
4.3600000	5466.0576
4.3800000	6448.8105
4.4000000	6404.9031
4.4200000	5435.1774
4.4400000	4226.1624
4.4600000	3420.3853
4.4800000	3118.2991
4.5000000	2983.1245
4.5200000	2724.0713
4.5400000	2353.1194
4.5600000	1972.0817
4.5800000	1714.3728
4.6000000	1573.2036
4.6200000	1502.5871
4.6400000	1468.3880
4.6600000	1454.4793
4.6800000	1453.9962
4.7000000	1469.5535
4.7200000	1507.0721
4.7400000	1584.9670
4.7600000	1726.3058
4.7800000	1940.3357
4.8000000	2204.7550
4.8200000	2391.6458
4.8400000	2415.8106
4.8600000	2286.1727
4.8800000	2146.6259
4.9000000	2087.3361
4.9200000	2089.5569
4.9400000	2054.2719
4.9600000	1962.6242
4.9800000	1853.1948
5.0000000	1813.8210
5.0200000	1876.9730
5.0400000	2097.4612
5.0600000	2533.2893
5.0800000	3258.3097
5.1000000	4267.5812
5.1200000	5125.1232
5.1400000	5518.4106
5.1600000	5322.8658
5.1800000	5047.8046
5.2000000	5089.6839
5.2200000	5529.7278
5.2400000	6067.1895
5.2600000	6907.2766
5.2800000	8440.3668
5.3000000	10411.565
5.3200000	11910.039
5.3400000	11441.774
5.3600000	9260.5642
5.3800000	6408.1028
5.4000000	4235.9107
5.4200000	2991.4897
5.4400000	2334.6307
5.4600000	2046.0170
5.4800000	1926.1242
5.5000000	1915.6828
5.5200000	2016.1721
5.5400000	2244.1958
5.5600000	2641.9732
5.5800000	3124.7711
5.6000000	3522.1495
5.6200000	3725.5491
5.6400000	3815.4980
5.6600000	3972.3138
5.6800000	4190.3941
5.7000000	4143.3693
5.7200000	3715.9508
5.7400000	3015.1798
5.7600000	2432.5655
5.7800000	2037.1431
5.8000000	1824.2334
5.8200000	1712.7739
5.8400000	1658.3023
5.8600000	1648.6437
5.8800000	1682.0640
5.9000000	1764.1808
5.9200000	1895.2266
5.9400000	2024.0683
5.9600000	2104.6428
5.9800000	2113.1609
6.0000000	2103.7657
6.0200000	2108.6481
6.0400000	2098.9595
6.0600000	2021.3078
6.0800000	1881.8770
6.1000000	1741.2526
6.1200000	1647.4609
6.1400000	1595.5513
6.1600000	1574.8364
6.1800000	1580.6672
6.2000000	1620.4548
6.2200000	1708.9263
6.2400000	1858.7739
6.2600000	2084.0598
6.2800000	2383.9754
6.3000000	2769.2880
6.3200000	3291.1395
6.3400000	3917.9075
6.3600000	4335.0335
6.3800000	4295.3186
6.4000000	3765.0745
6.4200000	3131.9111
6.4400000	2713.4402
6.4600000	2699.2049
6.4800000	3009.3323
6.5000000	3508.7374
6.5200000	3897.2687
6.5400000	3992.3190
6.5600000	3841.3690
6.5800000	3678.9715
6.6000000	3625.6507
6.6200000	3695.3189
6.6400000	3872.0982
6.6600000	4061.7938
6.6800000	4059.8742
6.7000000	3691.9428
6.7200000	3079.1624
6.7400000	2471.3102
6.7600000	2075.2616
6.7800000	1857.5786
6.8000000	1772.7598
6.8200000	1791.9862
6.8400000	1906.9981
6.8600000	2124.0378
6.8800000	2356.4888
6.9000000	2510.8726
6.9200000	2484.4387
6.9400000	2321.6784
6.9600000	2129.7475
6.9800000	1966.2575
7.0000000	1845.7500
7.0200000	1742.7937
7.0400000	1665.2181
7.0600000	1613.3066
7.0800000	1580.1970
7.1000000	1571.5458
7.1200000	1598.2556
7.1400000	1667.2625
7.1600000	1773.8664
7.1800000	1869.6268
7.2000000	1927.1589
7.2200000	1931.5827
7.2400000	1910.4156
7.2600000	1873.7675
7.2800000	1807.6208
7.3000000	1724.8249
7.3200000	1646.9543
7.3400000	1608.1509
7.3600000	1621.4485
7.3800000	1691.9749
7.4000000	1849.2494
7.4200000	2086.4857
7.4400000	2369.9754
7.4600000	2572.2097
7.4800000	2567.5351
7.5000000	2371.2972
7.5200000	2107.3968
7.5400000	1924.7189
7.5600000	1869.0027
7.5800000	1956.3940
7.6000000	2186.9933
7.6200000	2588.9726
7.6400000	3094.1390
7.6600000	3509.8248
7.6800000	3694.5179
7.7000000	3620.8190
7.7200000	3513.9913
7.7400000	3562.1943
7.7600000	3842.2489
7.7800000	4167.6726
7.8000000	4292.6104
7.8200000	3977.2456
7.8400000	3365.0727
7.8600000	2713.7119
7.8800000	2271.0899
7.9000000	2067.7102
7.9200000	2053.9607
7.9400000	2199.7856
7.9600000	2464.6162
7.9800000	2789.0747
8.0000000	3082.6203
8.0200000	3299.3922
8.0400000	3399.9121
8.0600000	3306.9320
8.0800000	2999.8255
8.1000000	2552.7301
8.1200000	2162.5958
8.1400000	1914.1527
8.1600000	1820.5727
8.1800000	1851.2585
8.2000000	1967.8362
8.2200000	2125.1841
8.2400000	2223.3751
8.2600000	2205.3098
8.2800000	2080.4331
8.3000000	1918.8153
8.3200000	1780.7628
8.3400000	1677.6572
8.3600000	1610.6059
8.3800000	1579.7167
8.4000000	1583.8192
8.4200000	1627.2796
8.4400000	1712.0848
8.4600000	1844.7300
8.4800000	2026.3812
8.5000000	2236.4421
8.5200000	2451.5481
8.5400000	2574.6638
8.5600000	2541.0922
8.5800000	2370.5768
8.6000000	2182.1080
8.6200000	2092.6888
8.6400000	2129.3891
8.6600000	2257.1738
8.6800000	2440.2267
8.7000000	2690.5640
8.7200000	3034.1871
8.7400000	3456.4109
8.7600000	3853.3265
8.7800000	3986.5785
8.8000000	3730.1870
8.8200000	3152.8262
8.8400000	2546.8855
8.8600000	2105.2887
8.8800000	1861.3627
8.9000000	1772.8945
8.9200000	1771.0096
8.9400000	1797.4414
8.9600000	1799.3126
8.9800000	1761.1090
9.0000000	1695.1974
9.0200000	1626.7464
9.0400000	1573.9480
9.0600000	1542.5191
9.0800000	1543.1243
9.1000000	1584.5073
9.1200000	1673.1699
9.1400000	1804.1504
9.1600000	1930.2887
9.1800000	1999.2538
9.2000000	1971.7807
9.2200000	1877.3202
9.2400000	1758.7236
9.2600000	1655.7021
9.2800000	1584.9083
9.3000000	1548.6531
9.3200000	1556.0683
9.3400000	1604.8691
9.3600000	1685.6164
9.3800000	1770.8141
9.4000000	1815.6795
9.4200000	1809.7775
9.4400000	1771.2754
9.4600000	1751.1554
9.4800000	1788.4652
9.5000000	1916.0992
9.5200000	2118.6675
9.5400000	2353.4209
9.5600000	2535.8801
9.5800000	2620.7543
9.6000000	2644.5261
9.6200000	2664.2020
9.6400000	2683.8918
9.6600000	2643.0542
9.6800000	2477.6252
9.7000000	2219.3868
9.7200000	1954.1888
9.7400000	1756.4322
9.7600000	1659.8865
9.7800000	1641.6844
9.8000000	1685.3438
9.8200000	1767.0079
9.8400000	1857.4864
9.8600000	1916.3509
9.8800000	1901.7181
9.9000000	1819.1864
9.9200000	1704.5604
9.9400000	1616.5546
9.9600000	1578.2815
9.9800000	1590.3651
10.000000	1635.8825
10.020000	1690.8091
10.040000	1734.0999
10.060000	1749.1598
10.080000	1733.8491
10.100000	1694.7528
10.120000	1654.2602
10.140000	1640.4501
10.160000	1676.9940
10.180000	1773.1462
10.200000	1909.7293
10.220000	2051.1147
10.240000	2145.2295
10.260000	2171.7032
10.280000	2139.3524
10.300000	2085.8463
10.320000	2063.6648
10.340000	2102.4585
10.360000	2195.4310
10.380000	2302.7779
10.400000	2425.8956
10.420000	2604.8779
10.440000	2838.0978
10.460000	3033.1002
10.480000	3031.4381
10.500000	2792.5282
10.520000	2420.1262
10.540000	2077.0992
10.560000	1867.5337
10.580000	1770.4070
10.600000	1744.9846
10.620000	1734.2005
10.640000	1706.7841
10.660000	1658.7155
10.680000	1609.8394
10.700000	1572.9272
10.720000	1561.7539
10.740000	1585.5651
10.760000	1641.7124
10.780000	1717.0606
10.800000	1770.6161
10.820000	1772.0224
10.840000	1716.7081
10.860000	1635.6760
10.880000	1563.9284
10.900000	1516.6724
10.920000	1498.0576
10.940000	1503.3343
10.960000	1525.0514
10.980000	1550.0794
11.000000	1565.8500
11.020000	1571.1180
11.040000	1580.1624
11.060000	1615.3767
11.080000	1693.3738
11.100000	1813.6098
11.120000	1950.4470
11.140000	2085.8339
11.160000	2224.6922
11.180000	2371.1513
11.200000	2510.3172
11.220000	2567.5912
11.240000	2473.1631
11.260000	2257.2144
11.280000	2006.7204
11.300000	1831.1150
11.320000	1745.6121
11.340000	1730.1895
11.360000	1736.3884
11.380000	1728.9209
11.400000	1691.6015
11.420000	1633.2241
11.440000	1570.4509
11.460000	1518.7733
11.480000	1491.6294
11.500000	1488.0224
11.520000	1500.7004
11.540000	1517.2878
11.560000	1528.9786
11.580000	1531.5793
11.600000	1526.9961
11.620000	1525.6099
11.640000	1541.1275
11.660000	1590.1815
11.680000	1672.8358
11.700000	1783.3889
11.720000	1894.3554
11.740000	1971.4422
11.760000	2000.0290
11.780000	1986.5939
11.800000	1970.0830
11.820000	1976.5866
11.840000	2004.8576
11.860000	2029.8205
11.880000	2039.3115
11.900000	2030.2190
11.920000	1993.5256
11.940000	1916.6022
11.960000	1802.6043
11.980000	1686.5226
12.000000	1601.2758
12.020000	1558.1216
12.040000	1545.0632
12.060000	1538.1715
12.080000	1521.0377
12.100000	1493.3373
12.120000	1465.8685
12.140000	1448.6307
12.160000	1449.9814
12.180000	1470.4488
12.200000	1503.3140
12.220000	1536.0606
12.240000	1552.4561
12.260000	1546.8940
12.280000	1522.2355
12.300000	1492.7327
12.320000	1472.7041
12.340000	1471.2474
12.360000	1487.6391
12.380000	1509.0260
12.400000	1523.9210
12.420000	1529.7223
12.440000	1538.6501
12.460000	1565.1924
12.480000	1615.2350
12.500000	1672.4103
12.520000	1719.6449
12.540000	1746.2301
12.560000	1754.8192
12.580000	1749.1477
12.600000	1723.1710
12.620000	1675.5275
12.640000	1623.1075
12.660000	1590.8421
12.680000	1600.5560
12.700000	1650.3940
12.720000	1722.4160
12.740000	1780.7843
12.760000	1791.3102
12.780000	1746.8412
12.800000	1671.1177
12.820000	1605.8683
12.840000	1570.6068
12.860000	1561.7867
12.880000	1557.2930
12.900000	1541.4149
12.920000	1514.6947
12.940000	1489.4954
12.960000	1477.9408
12.980000	1488.4800
13.000000	1523.6145
13.020000	1576.5495
13.040000	1635.0061
13.060000	1678.1269
13.080000	1694.3620
13.100000	1689.2743
13.120000	1685.3650
13.140000	1706.7800
13.160000	1762.6813
13.180000	1845.3657
13.200000	1922.7743
13.220000	1958.2607
13.240000	1921.5959
13.260000	1821.2975
13.280000	1700.2615
13.300000	1597.9869
13.320000	1534.7114
13.340000	1497.8533
13.360000	1470.5311
13.380000	1443.2413
13.400000	1417.8478
13.420000	1398.3272
13.440000	1388.7864
13.460000	1390.0009
13.480000	1399.0439
13.500000	1410.6433
13.520000	1418.1673
13.540000	1417.9179
13.560000	1410.1331
13.580000	1401.0251
13.600000	1396.7846
13.620000	1399.4536
13.640000	1405.7337
13.660000	1411.7453
13.680000	1418.7308
13.700000	1433.7202
13.720000	1464.8999
13.740000	1518.0150
13.760000	1592.7110
13.780000	1676.0108
13.800000	1749.5896
13.820000	1788.4420
13.840000	1772.6641
13.860000	1711.7762
13.880000	1632.0854
13.900000	1570.9429
13.920000	1547.4575
13.940000	1556.6699
13.960000	1577.4227
13.980000	1582.7459
14.000000	1561.2777
14.020000	1518.8807
14.040000	1477.4470
14.060000	1449.9380
14.080000	1437.5697
14.100000	1432.2917
14.120000	1425.8394
14.140000	1417.5975
14.160000	1412.3705
14.180000	1417.2296
14.200000	1435.6570
14.220000	1465.3533
14.240000	1497.5984
14.260000	1526.1834
14.280000	1551.1292
14.300000	1576.0600
14.320000	1602.5599
14.340000	1623.4456
14.360000	1627.5731
14.380000	1612.0586
14.400000	1579.9145
14.420000	1536.3686
14.440000	1489.8417
14.460000	1448.7569
14.480000	1420.7962
14.500000	1407.0451
14.520000	1398.9690
14.540000	1387.9732
14.560000	1371.0126
14.580000	1352.3330
14.600000	1337.1390
14.620000	1329.3727
14.640000	1328.4159
14.660000	1330.2569
14.680000	1331.1060
14.700000	1328.9190
14.720000	1325.2098
14.740000	1322.6738
14.760000	1324.3463
14.780000	1329.7133
14.800000	1336.8767
14.820000	1345.0377
14.840000	1356.7697
14.860000	1376.7137
14.880000	1409.4008
14.900000	1455.4327
14.920000	1511.0651
14.940000	1567.6483
14.960000	1603.9094
14.980000	1604.6923
15.000000	1568.6158
15.020000	1512.9236
15.040000	1462.3384
15.060000	1424.5092
15.080000	1396.4924
15.100000	1371.3936
15.120000	1348.5782
15.140000	1331.1267
15.160000	1323.2578
15.180000	1323.6541
15.200000	1328.8525
15.220000	1334.0379
15.240000	1336.1568
15.260000	1336.5641
15.280000	1339.7065
15.300000	1351.1473
15.320000	1373.4111
15.340000	1404.9277
15.360000	1437.2288
15.380000	1462.2917
15.400000	1476.9151
15.420000	1483.9427
15.440000	1487.9231
15.460000	1490.3293
15.480000	1487.8106
15.500000	1475.1965
15.520000	1450.5380
15.540000	1415.7464
15.560000	1379.0827
15.580000	1349.2869
15.600000	1328.9650
15.620000	1316.9668
15.640000	1310.2799
15.660000	1307.8951
15.680000	1310.4807
15.700000	1318.2038
15.720000	1328.1670
15.740000	1336.4347
15.760000	1339.0156
15.780000	1336.3501
15.800000	1332.0990
15.820000	1330.6052
15.840000	1333.5552
15.860000	1339.4195
15.880000	1346.7148
15.900000	1357.0626
15.920000	1373.8685
15.940000	1399.9350
15.960000	1433.5407
15.980000	1467.6566
16.000000	1494.3406
16.020000	1504.7072
16.040000	1492.1386
16.060000	1460.9872
16.080000	1422.0398
16.100000	1388.0371
16.120000	1365.6155
16.140000	1351.5352
16.160000	1339.7277
16.180000	1327.1098
16.200000	1314.7323
16.220000	1304.8699
16.240000	1298.5476
16.260000	1294.2781
16.280000	1290.6238
16.300000	1287.9493
16.320000	1288.6965
16.340000	1294.5421
16.360000	1305.8454
16.380000	1320.5246
16.400000	1334.5759
16.420000	1346.1556
16.440000	1357.2930
16.460000	1372.9733
16.480000	1396.6788
16.500000	1425.1778
16.520000	1446.8815
16.540000	1449.1782
16.560000	1428.1883
16.580000	1390.9936
16.600000	1352.4553
16.620000	1320.8159
16.640000	1297.2015
16.660000	1280.4268
16.680000	1268.2765
16.700000	1260.3628
16.720000	1256.5824
16.740000	1256.0307
16.760000	1256.0996
16.780000	1255.5961
16.800000	1254.1876
16.820000	1253.4122
16.840000	1254.3347
16.860000	1256.9118
16.880000	1260.3328
16.900000	1264.5225
16.920000	1271.1462
16.940000	1280.9347
16.960000	1292.6972
16.980000	1303.1248
17.000000	1307.9983
17.020000	1305.1030
17.040000	1296.2029
17.060000	1285.9718
17.080000	1279.7162
17.100000	1279.7747
17.120000	1283.6854
17.140000	1286.1020
17.160000	1282.7026
17.180000	1273.9581
17.200000	1263.3086
17.220000	1254.9742
17.240000	1249.9310
17.260000	1246.7119
17.280000	1243.9205
17.300000	1241.7698
17.320000	1241.6410
17.340000	1244.4790
17.360000	1250.1480
17.380000	1257.9102
17.400000	1267.9472
17.420000	1279.7954
17.440000	1292.3213
17.460000	1303.0940
17.480000	1308.9377
17.500000	1306.0886
17.520000	1293.8498
17.540000	1275.0671
17.560000	1254.2721
17.580000	1237.4536
17.600000	1226.1555
17.620000	1219.9332
17.640000	1217.5392
17.660000	1218.2047
17.680000	1220.9199
17.700000	1223.6314
17.720000	1223.7351
17.740000	1220.7325
17.760000	1215.6691
17.780000	1210.7672
17.800000	1207.8963
17.820000	1207.4536
17.840000	1209.8117
17.860000	1215.2410
17.880000	1224.1798
17.900000	1236.1156
17.920000	1249.5722
17.940000	1260.7361
17.960000	1266.6043
17.980000	1265.8841
18.000000	1260.2899
18.020000	1253.9695
18.040000	1249.7713
18.060000	1247.5196
18.080000	1244.7116
18.100000	1239.7885
18.120000	1233.0286
18.140000	1226.3772
18.160000	1221.5605
18.180000	1219.1990
18.200000	1219.5234
18.220000	1223.0272
18.240000	1230.3193
18.260000	1241.1027
18.280000	1253.0281
18.300000	1262.7090
18.320000	1268.3499
18.340000	1270.5209
18.360000	1271.2505
18.380000	1272.1476
18.400000	1272.2997
18.420000	1269.0005
18.440000	1259.9638
18.460000	1246.8185
18.480000	1232.3112
18.500000	1219.7891
18.520000	1210.8104
18.540000	1205.2203
18.560000	1202.3994
18.580000	1201.9976
18.600000	1203.3158
18.620000	1204.8806
18.640000	1206.1795
18.660000	1207.1122
18.680000	1207.5854
18.700000	1208.9038
18.720000	1211.3870
18.740000	1215.0150
18.760000	1220.1475
18.780000	1227.4618
18.800000	1236.8505
18.820000	1246.4969
18.840000	1253.6997
18.860000	1255.7475
18.880000	1251.3747
18.900000	1242.6009
18.920000	1232.4076
18.940000	1223.9066
18.960000	1217.8280
18.980000	1213.0350
19.000000	1208.5489
19.020000	1204.1495
19.040000	1200.4735
19.060000	1197.3625
19.080000	1194.9517
19.100000	1193.4923
19.120000	1193.8851
19.140000	1196.6111
19.160000	1201.5385
19.180000	1207.6139
19.200000	1213.3303
19.220000	1218.7300
19.240000	1223.9720
19.260000	1228.5409
19.280000	1230.5516
19.300000	1228.6838
19.320000	1222.1836
19.340000	1212.6902
19.360000	1202.4674
19.380000	1192.5804
19.400000	1183.7457
19.420000	1176.0573
19.440000	1169.8938
19.460000	1165.5358
19.480000	1163.0429
19.500000	1161.6327
19.520000	1160.8670
19.540000	1160.2711
19.560000	1160.2329
19.580000	1161.0349
19.600000	1163.0295
19.620000	1165.8576
19.640000	1169.5501
19.660000	1173.3303
19.680000	1175.8325
19.700000	1175.7020
19.720000	1173.0490
19.740000	1168.7681
19.760000	1164.3203
19.780000	1160.5819
19.800000	1157.8309
19.820000	1155.7115
19.840000	1154.2136
19.860000	1152.9584
19.880000	1152.5199
19.900000	1152.7421
19.920000	1153.0498
19.940000	1152.8203
19.960000	1152.5905
19.980000	1152.9630
20.000000	1154.3187
20.020000	1156.3268
20.040000	1158.7988
20.060000	1161.5501
20.080000	1164.3630
20.100000	1166.5561
20.120000	1167.2002
20.140000	1165.4949
20.160000	1161.1652
20.180000	1154.9529
20.200000	1148.3277
20.220000	1142.7358
20.240000	1138.7185
20.260000	1136.0998
20.280000	1134.3400
20.300000	1133.3172
20.320000	1132.5742
20.340000	1131.9189
20.360000	1131.1876
20.380000	1130.6325
20.400000	1130.8893
20.420000	1132.2183
20.440000	1135.3316
20.460000	1141.2670
20.480000	1149.7619
20.500000	1159.4388
20.520000	1168.1226
20.540000	1173.5325
20.560000	1174.0017
20.580000	1169.5134
20.600000	1162.4334
20.620000	1154.9178
20.640000	1148.1871
20.660000	1142.5720
20.680000	1137.9663
20.700000	1134.0821
20.720000	1131.2914
20.740000	1129.5304
20.760000	1129.0831
20.780000	1130.3630
20.800000	1132.6129
20.820000	1135.2996
20.840000	1137.9265
20.860000	1139.9520
20.880000	1141.3423
20.900000	1141.4585
20.920000	1140.3203
20.940000	1137.8310
20.960000	1134.0873
20.980000	1129.4956
21.000000	1124.9453
21.020000	1121.0617
21.040000	1118.2331
21.060000	1116.4077
21.080000	1115.5886
21.100000	1115.3492
21.120000	1114.9745
21.140000	1114.6557
21.160000	1114.2381
21.180000	1114.1490
21.200000	1114.6394
21.220000	1115.9348
21.240000	1118.4287
21.260000	1121.9138
21.280000	1126.0797
21.300000	1130.0480
21.320000	1132.7953
21.340000	1134.0996
21.360000	1133.5820
21.380000	1131.8992
21.400000	1129.9846
21.420000	1128.2113
21.440000	1126.3542
21.460000	1123.9712
21.480000	1120.6779
21.500000	1117.2369
21.520000	1114.3506
21.540000	1112.1350
21.560000	1110.8594
21.580000	1110.5519
21.600000	1111.3457
21.620000	1113.1280
21.640000	1115.8317
21.660000	1119.1723
21.680000	1122.7462
21.700000	1125.6433
21.720000	1126.6331
21.740000	1124.9464
21.760000	1120.7411
21.780000	1115.1869
21.800000	1109.3248
21.820000	1104.2383
21.840000	1100.4592
21.860000	1097.8898
21.880000	1096.2952
21.900000	1095.0772
21.920000	1093.8438
21.940000	1092.7154
21.960000	1091.5351
21.980000	1091.0012
22.000000	1091.0929
22.020000	1092.0810
22.040000	1093.4163
22.060000	1094.8941
22.080000	1095.9478
22.100000	1095.9302
22.120000	1094.2917
22.140000	1091.4117
22.160000	1088.2107
22.180000	1085.1385
22.200000	1082.8686
22.220000	1081.6246
22.240000	1081.0011
22.260000	1080.7268
22.280000	1080.9803
22.300000	1081.8569
22.320000	1083.2748
22.340000	1084.6743
22.360000	1086.2961
22.380000	1087.5919
22.400000	1088.8617
22.420000	1090.0032
22.440000	1090.7209
22.460000	1090.7042
22.480000	1089.5827
22.500000	1087.4493
22.520000	1084.5721
22.540000	1081.7862
22.560000	1079.1469
22.580000	1076.8036
22.600000	1074.9383
22.620000	1073.5996
22.640000	1072.6021
22.660000	1071.3343
22.680000	1070.5727
22.700000	1070.2509
22.720000	1070.0488
22.740000	1070.4011
22.760000	1071.2971
22.780000	1073.0280
22.800000	1075.5094
22.820000	1077.6273
22.840000	1079.0045
22.860000	1078.8494
22.880000	1077.2994
22.900000	1074.8755
22.920000	1072.0912
22.940000	1069.4707
22.960000	1067.3288
22.980000	1065.8564
23.000000	1065.0887
23.020000	1064.6590
23.040000	1064.5910
23.060000	1065.4960
23.080000	1067.0787
23.100000	1068.8079
23.120000	1070.7711
23.140000	1072.0686
23.160000	1072.6843
23.180000	1072.4858
23.200000	1071.4284
23.220000	1069.7062
23.240000	1067.6412
23.260000	1065.7523
23.280000	1064.2387
23.300000	1062.7931
23.320000	1062.2905
23.340000	1062.5264
23.360000	1062.6879
23.380000	1062.6672
23.400000	1062.6939
23.420000	1062.9339
23.440000	1063.2919
23.460000	1064.0338
23.480000	1065.0066
23.500000	1066.5562
23.520000	1068.6748
23.540000	1070.2242
23.560000	1071.0853
23.580000	1071.0788
23.600000	1070.2211
23.620000	1068.8423
23.640000	1067.0737
23.660000	1065.2541
23.680000	1063.4963
23.700000	1061.7247
23.720000	1060.1526
23.740000	1058.8447
23.760000	1057.9460
23.780000	1057.4649
23.800000	1057.5422
23.820000	1058.1218
23.840000	1058.6951
23.860000	1059.1037
23.880000	1059.3006
23.900000	1059.1941
23.920000	1058.7676
23.940000	1057.8041
23.960000	1056.1742
23.980000	1054.0976
24.000000	1052.0799
24.020000	1050.3933
24.040000	1048.9913
24.060000	1047.7615
24.080000	1047.0356
24.100000	1046.4845
24.120000	1045.9945
24.140000	1045.7999
24.160000	1046.0185
24.180000	1046.3326
24.200000	1046.8762
24.220000	1047.4126
24.240000	1047.9023
24.260000	1048.2138
24.280000	1047.9573
24.300000	1047.2993
24.320000	1046.2966
24.340000	1045.0583
24.360000	1044.1137
24.380000	1042.9953
24.400000	1041.7781
24.420000	1040.8277
24.440000	1040.0986
24.460000	1039.5996
24.480000	1039.3527
24.500000	1039.4412
24.520000	1039.7194
24.540000	1039.9681
24.560000	1040.2529
24.580000	1040.5379
24.600000	1040.1723
24.620000	1039.2296
24.640000	1037.6278
24.660000	1035.8874
24.680000	1034.2906
24.700000	1032.8990
24.720000	1031.8356
24.740000	1030.8045
24.760000	1029.7486
24.780000	1028.9389
24.800000	1028.4785
24.820000	1027.9915
24.840000	1027.5195
24.860000	1027.4334
24.880000	1027.8231
24.900000	1028.4026
24.920000	1028.6912
24.940000	1028.7138
24.960000	1028.6363
24.980000	1028.2477
25.000000	1027.4353
25.020000	1026.4952
25.040000	1025.5460
25.060000	1024.5279
25.080000	1023.5005
25.100000	1022.7247
25.120000	1022.3438
25.140000	1022.0895
25.160000	1021.9067
25.180000	1021.9967
25.200000	1022.0061
25.220000	1021.7162
25.240000	1021.3872
25.260000	1021.0928
25.280000	1020.4059
25.300000	1019.4706
25.320000	1018.3852
25.340000	1017.3432
25.360000	1016.4356
25.380000	1015.6932
25.400000	1015.1192
25.420000	1014.6593
25.440000	1014.3448
25.460000	1014.1558
25.480000	1014.0020
25.500000	1013.7631
25.520000	1013.6041
25.540000	1013.6875
25.560000	1013.8445
25.580000	1014.0986
25.600000	1014.2002
25.620000	1014.2171
25.640000	1013.8505
25.660000	1013.2796
25.680000	1012.7257
25.700000	1012.2616
25.720000	1011.8667
25.740000	1011.3725
25.760000	1011.0227
25.780000	1010.9029
25.800000	1010.8692
25.820000	1010.9656
25.840000	1011.2618
25.860000	1011.6564
25.880000	1011.9515
25.900000	1012.0774
25.920000	1011.9732
25.940000	1011.6339
25.960000	1010.7955
25.980000	1009.8355
26.000000	1008.6755
26.020000	1007.5039
26.040000	1006.4948
26.060000	1005.5183
26.080000	1004.8093
26.100000	1004.4249
26.120000	1004.0367
26.140000	1003.8366
26.160000	1003.8553
26.180000	1003.9242
26.200000	1003.9731
26.220000	1004.1182
26.240000	1004.2051
26.260000	1004.2463
26.280000	1004.0528
26.300000	1003.6013
26.320000	1003.1341
26.340000	1002.5626
26.360000	1001.8474
26.380000	1001.2840
26.400000	1000.7984
26.420000	1000.2878
26.440000	999.99555
26.460000	999.78631
26.480000	999.75810
26.500000	999.96325
26.520000	1000.2040
26.540000	1000.3103
26.560000	999.97146
26.580000	999.57829
26.600000	999.06409
26.620000	998.28769
26.640000	997.35494
26.660000	996.35766
26.680000	995.29476
26.700000	994.44951
26.720000	993.88256
26.740000	993.29806
26.760000	992.91942
26.780000	992.60705
26.800000	992.42471
26.820000	992.37053
26.840000	992.40096
26.860000	992.58413
26.880000	992.72457
26.900000	992.66445
26.920000	992.21608
26.940000	991.62816
26.960000	990.89209
26.980000	990.00317
27.000000	989.28730
27.020000	988.63894
27.040000	988.00561
27.060000	987.63693
27.080000	987.28131
27.100000	986.92993
27.120000	986.72057
27.140000	986.44408
27.160000	985.91190
27.180000	985.48781
27.200000	984.98215
27.220000	984.17877
27.240000	983.48395
27.260000	982.80224
27.280000	982.10866
27.300000	981.60699
27.320000	981.22407
27.340000	980.88593
27.360000	980.47866
27.380000	980.12574
27.400000	979.82645
27.420000	979.66755
27.440000	979.50598
27.460000	979.25588
27.480000	979.01152
27.500000	978.73796
27.520000	978.50123
27.540000	978.07795
27.560000	977.45109
27.580000	976.91441
27.600000	976.29372
27.620000	975.75304
27.640000	975.40252
27.660000	975.01566
27.680000	974.73866
27.700000	974.48920
27.720000	974.32430
27.740000	974.28146
27.760000	974.52044
27.780000	974.72407
27.800000	974.76530
27.820000	974.72786
27.840000	974.39663
27.860000	973.73722
27.880000	972.89596
27.900000	972.04679
27.920000	971.40145
27.940000	970.83855
27.960000	970.29323
27.980000	969.86783
28.000000	969.57246
28.020000	969.19551
28.040000	968.89236
28.060000	968.71192
28.080000	968.59242
28.100000	968.55084
28.120000	968.33617
28.140000	968.03263
28.160000	967.73911
28.180000	967.48334
28.200000	967.14487
28.220000	966.63332
28.240000	966.22895
28.260000	965.89638
28.280000	965.51981
28.300000	965.34272
28.320000	965.22264
28.340000	965.26259
28.360000	965.17668
28.380000	965.08135
28.400000	965.04176
28.420000	964.88715
28.440000	964.49801
28.460000	963.98639
28.480000	963.62406
28.500000	963.28706
28.520000	962.91605
28.540000	962.44906
28.560000	961.97163
28.580000	961.71690
28.600000	961.38552
28.620000	961.00129
28.640000	960.70665
28.660000	960.48897
28.680000	960.46947
28.700000	960.42693
28.720000	960.39021
28.740000	960.24499
28.760000	959.93971
28.780000	959.54989
28.800000	959.17368
28.820000	958.88392
28.840000	958.48882
28.860000	958.24279
28.880000	957.94593
28.900000	957.66758
28.920000	957.57674
28.940000	957.51144
28.960000	957.40888
28.980000	957.17019
29.000000	956.83407
29.020000	956.43857
29.040000	955.97331
29.060000	955.44187
29.080000	954.69457
29.100000	954.05491
29.120000	953.64028
29.140000	953.22013
29.160000	952.97289
29.180000	952.82061
29.200000	952.55845
29.220000	952.27191
29.240000	952.06498
29.260000	951.95404
29.280000	951.86398
29.300000	951.73813
29.320000	951.59068
29.340000	951.33900
29.360000	950.91802
29.380000	950.43180
29.400000	949.97553
29.420000	949.38561
29.440000	948.76072
29.460000	948.28730
29.480000	948.00316
29.500000	947.68600
29.520000	947.24935
29.540000	946.79885
29.560000	946.47217
29.580000	946.18026
29.600000	945.93464
29.620000	945.74047
29.640000	945.31825
29.660000	944.74402
29.680000	944.31822
29.700000	943.90899
29.720000	943.48646
29.740000	943.02522
29.760000	942.68490
29.780000	942.33826
29.800000	942.07155
29.820000	941.91671
29.840000	941.68869
29.860000	941.39224
29.880000	941.02147
29.900000	940.68581
29.920000	940.48452
29.940000	940.18719
29.960000	939.76786
29.980000	939.37331
30.000000	939.11765
30.020000	938.90697
30.040000	938.62861
30.060000	938.28767
30.080000	938.02515
30.100000	937.75783
30.120000	937.30563
30.140000	936.92399
30.160000	936.71309
30.180000	936.34880
30.200000	935.99644
30.220000	935.63322
30.240000	935.17129
30.260000	934.81820
30.280000	934.42488
30.300000	934.12216
30.320000	933.86851
30.340000	933.55781
30.360000	933.41803
30.380000	933.35518
30.400000	933.10688
30.420000	932.85881
30.440000	932.86321
30.460000	932.68510
30.480000	932.35278
30.500000	932.03562
30.520000	931.63580
30.540000	931.14484
30.560000	930.60661
30.580000	930.21602
30.600000	929.97409
30.620000	929.69547
30.640000	929.34438
30.660000	929.09334
30.680000	928.96243
30.700000	928.79301
30.720000	928.56257
30.740000	928.21292
30.760000	927.77050
30.780000	927.39978
30.800000	927.01769
30.820000	926.68197
30.840000	926.49600
30.860000	926.30806
30.880000	926.02616
30.900000	925.71516
30.920000	925.54317
30.940000	925.32625
30.960000	925.02843
30.980000	924.78908
31.000000	924.60193
31.020000	924.41496
31.040000	924.31388
31.060000	924.06112
31.080000	923.65944
31.100000	923.33117
31.120000	923.05062
31.140000	922.79944
31.160000	922.63472
31.180000	922.35771
31.200000	922.07481
31.220000	921.90083
31.240000	921.71642
31.260000	921.40457
31.280000	921.11729
31.300000	920.82013
31.320000	920.55480
31.340000	920.13535
31.360000	919.75352
31.380000	919.37716
31.400000	919.06259
31.420000	918.82490
31.440000	918.57727
31.460000	918.26403
31.480000	918.03177
31.500000	917.84155
31.520000	917.58321
31.540000	917.26202
31.560000	916.93173
31.580000	916.76331
31.600000	916.55559
31.620000	916.22762
31.640000	915.98060
31.660000	915.83809
31.680000	915.62240
31.700000	915.31097
31.720000	915.02268
31.740000	914.76423
31.760000	914.51947
31.780000	914.26783
31.800000	914.04548
31.820000	913.85751
31.840000	913.64750
31.860000	913.40093
31.880000	913.10270
31.900000	912.85087
31.920000	912.54411
31.940000	912.11956
31.960000	911.69036
31.980000	911.30796
32.000000	911.03108
32.020000	910.79638
32.040000	910.58562
32.060000	910.43565
32.080000	910.25859
32.100000	909.87849
32.120000	909.62905
32.140000	909.37479
32.160000	909.10587
32.180000	908.81221
32.200000	908.43799
32.220000	908.19016
32.240000	907.98382
32.260000	907.77261
32.280000	907.49906
32.300000	907.17611
32.320000	906.84953
32.340000	906.46424
32.360000	906.17759
32.380000	905.96244
32.400000	905.63719
32.420000	905.20811
32.440000	904.94982
32.460000	904.69050
32.480000	904.30131
32.500000	904.01293
32.520000	903.77302
32.540000	903.52050
32.560000	903.21567
32.580000	903.02428
32.600000	902.82286
32.620000	902.41492
32.640000	902.17897
32.660000	901.91349
32.680000	901.61802
32.700000	901.38498
32.720000	901.12090
32.740000	900.76448
32.760000	900.49897
32.780000	900.32031
32.800000	900.10358
32.820000	899.78550
32.840000	899.49646
32.860000	899.33460
32.880000	898.94447
32.900000	898.49499
32.920000	898.21556
32.940000	898.06814
32.960000	897.96255
32.980000	897.64173
33.000000	897.36197
33.020000	897.08510
33.040000	896.71419
33.060000	896.30993
33.080000	895.93896
33.100000	895.69801
33.120000	895.55057
33.140000	895.27394
33.160000	894.96927
33.180000	894.86229
33.200000	894.76103
33.220000	894.54395
33.240000	894.35056
33.260000	894.17628
33.280000	893.74092
33.300000	893.34557
33.320000	893.18159
33.340000	893.06402
33.360000	893.01230
33.380000	892.73180
33.400000	892.43002
33.420000	892.14053
33.440000	891.82265
33.460000	891.59290
33.480000	891.37308
33.500000	891.18445
33.520000	890.94027
33.540000	890.65874
33.560000	890.32534
33.580000	890.05553
33.600000	889.73870
33.620000	889.51702
33.640000	889.43461
33.660000	889.20749
33.680000	888.89187
33.700000	888.65403
33.720000	888.47514
33.740000	888.29759
33.760000	888.07134
33.780000	887.79985
33.800000	887.53902
33.820000	887.29709
33.840000	886.94673
33.860000	886.65882
33.880000	886.43079
33.900000	886.18914
33.920000	885.98906
33.940000	885.70279
33.960000	885.49242
33.980000	885.38296
34.000000	885.26128
34.020000	884.92574
34.040000	884.60750
34.060000	884.40334
34.080000	884.22174
34.100000	884.03990
34.120000	883.77853
34.140000	883.50568
34.160000	883.34942
34.180000	883.20392
34.200000	883.08717
34.220000	882.89741
34.240000	882.53205
34.260000	882.22203
34.280000	881.99482
34.300000	881.66683
34.320000	881.32331
34.340000	881.21904
34.360000	880.95751
34.380000	880.68124
34.400000	880.50093
34.420000	880.19987
34.440000	879.94609
34.460000	879.69291
34.480000	879.40708
34.500000	879.15971
34.520000	878.92568
34.540000	878.72126
34.560000	878.52960
34.580000	878.33111
34.600000	878.02616
34.620000	877.73577
34.640000	877.59254
34.660000	877.25023
34.680000	876.96853
34.700000	876.82879
34.720000	876.56597
34.740000	876.23997
34.760000	876.07720
34.780000	875.90196
34.800000	875.60468
34.820000	875.33683
34.840000	875.06062
34.860000	874.81707
34.880000	874.71452
34.900000	874.52198
34.920000	874.33990
34.940000	874.19611
34.960000	873.77304
34.980000	873.43611
35.000000	873.39795
35.020000	873.20659
35.040000	872.93895
35.060000	872.59983
35.080000	872.21589
35.100000	871.95504
35.120000	871.84370
35.140000	871.56358
35.160000	871.30458
35.180000	871.05153
35.200000	870.89017
35.220000	870.66871
35.240000	870.31879
35.260000	870.06587
35.280000	869.85946
35.300000	869.70101
35.320000	869.54757
35.340000	869.33266
35.360000	868.94505
35.380000	868.68944
35.400000	868.69393
35.420000	868.35816
35.440000	868.03554
35.460000	867.79920
35.480000	867.62065
35.500000	867.38382
35.520000	867.09246
35.540000	866.88835
35.560000	866.60622
35.580000	866.37909
35.600000	866.23727
35.620000	866.04428
35.640000	865.93212
35.660000	865.77071
35.680000	865.54406
35.700000	865.31825
35.720000	865.07406
35.740000	864.75574
35.760000	864.52985
35.780000	864.30179
35.800000	864.01282
35.820000	863.84674
35.840000	863.72859
35.860000	863.43341
35.880000	863.17181
35.900000	862.93828
35.920000	862.86931
35.940000	862.77266
35.960000	862.47733
35.980000	862.22094
36.000000	862.00416
36.020000	861.79412
36.040000	861.56289
36.060000	861.23585
36.080000	861.12561
36.100000	860.94606
36.120000	860.63460
36.140000	860.38850
36.160000	860.19739
36.180000	860.04702
36.200000	859.89954
36.220000	859.60403
36.240000	859.36866
36.260000	859.16939
36.280000	858.86758
36.300000	858.68829
36.320000	858.60168
36.340000	858.25812
36.360000	858.00202
36.380000	857.79512
36.400000	857.60925
36.420000	857.47662
36.440000	857.20248
36.460000	857.03837
36.480000	856.87442
36.500000	856.74860
36.520000	856.52548
36.540000	856.13271
36.560000	855.97229
36.580000	855.89063
36.600000	855.54421
36.620000	855.31434
36.640000	855.04478
36.660000	854.75476
36.680000	854.56853
36.700000	854.46774
36.720000	854.33391
36.740000	854.09625
36.760000	853.84566
36.780000	853.58243
36.800000	853.41443
36.820000	853.29390
36.840000	853.08589
36.860000	852.90693
36.880000	852.77912
36.900000	852.54273
36.920000	852.30599
36.940000	852.07964
36.960000	851.74042
36.980000	851.47474
37.000000	851.29373
37.020000	851.05836
37.040000	850.77108
37.060000	850.56026
37.080000	850.39659
37.100000	850.27016
37.120000	850.15833
37.140000	849.88805
37.160000	849.54086
37.180000	849.26090
37.200000	849.12264
37.220000	849.02955
37.240000	848.85433
37.260000	848.63057
37.280000	848.39770
37.300000	848.16502
37.320000	847.87019
37.340000	847.61203
37.360000	847.35108
37.380000	847.32356
37.400000	847.13478
37.420000	846.81355
37.440000	846.46885
37.460000	846.25685
37.480000	846.19097
37.500000	846.00514
37.520000	845.71572
37.540000	845.58626
37.560000	845.41799
37.580000	845.02550
37.600000	844.80341
37.620000	844.70211
37.640000	844.54326
37.660000	844.42762
37.680000	844.31533
37.700000	844.08419
37.720000	843.68765
37.740000	843.38553
37.760000	843.24751
37.780000	843.10010
37.800000	842.85677
37.820000	842.69148
37.840000	842.44554
37.860000	842.26101
37.880000	842.02680
37.900000	841.77393
37.920000	841.53287
37.940000	841.32898
37.960000	841.12176
37.980000	840.91675
38.000000	840.71229
38.020000	840.48612
38.040000	840.23298
38.060000	840.05450
38.080000	839.87640
38.100000	839.78702
38.120000	839.57028
38.140000	839.25545
38.160000	839.00693
38.180000	838.83672
38.200000	838.63078
38.220000	838.44508
38.240000	838.27847
38.260000	838.19305
38.280000	838.01403
38.300000	837.72285
38.320000	837.36931
38.340000	837.14851
38.360000	836.99886
38.380000	836.82418
38.400000	836.70671
38.420000	836.39914
38.440000	836.02932
38.460000	835.79570
38.480000	835.65178
38.500000	835.50434
38.520000	835.34472
38.540000	835.17840
38.560000	834.94808
38.580000	834.77764
38.600000	834.59351
38.620000	834.43094
38.640000	834.11190
38.660000	834.02031
38.680000	833.91051
38.700000	833.67983
38.720000	833.50828
38.740000	833.29261
38.760000	833.13468
38.780000	832.90139
38.800000	832.64152
38.820000	832.39838
38.840000	832.13503
38.860000	831.95009
38.880000	831.72980
38.900000	831.51212
38.920000	831.41070
38.940000	831.15748
38.960000	830.82851
38.980000	830.66704
39.000000	830.49894
39.020000	830.27499
39.040000	830.00507
39.060000	829.82792
39.080000	829.85133
39.100000	829.72533
39.120000	829.54263
39.140000	829.36478
39.160000	829.15348
39.180000	828.98612
39.200000	828.72779
39.220000	828.43553
39.240000	828.23161
39.260000	828.02877
39.280000	827.85268
39.300000	827.57688
39.320000	827.31489
39.340000	827.10869
39.360000	826.97862
39.380000	826.75582
39.400000	826.63866
39.420000	826.44496
39.440000	826.26314
39.460000	826.12190
39.480000	826.05452
39.500000	825.76098
39.520000	825.50542
39.540000	825.22985
39.560000	825.12243
39.580000	825.03364
39.600000	824.77239
39.620000	824.49940
39.640000	824.26936
39.660000	824.10545
39.680000	823.95468
39.700000	823.87940
39.720000	823.75943
39.740000	823.49337
39.760000	823.27078
39.780000	823.09151
39.800000	822.93663
39.820000	822.77038
39.840000	822.46934
39.860000	822.20452
39.880000	822.00690
39.900000	821.70607
39.920000	821.40444
39.940000	821.32190
39.960000	821.29128
39.980000	821.00069
40.000000	820.86037
40.020000	820.78639
40.040000	820.78101
40.060000	820.57148
40.080000	820.16834
40.100000	820.00420
40.120000	819.72652
40.140000	819.57091
40.160000	819.38305
40.180000	819.22431
40.200000	819.07193
40.220000	818.75839
40.240000	818.55539
40.260000	818.38291
40.280000	818.22971
40.300000	817.96325
40.320000	817.79351
40.340000	817.66582
40.360000	817.45198
40.380000	817.29071
40.400000	817.20969
40.420000	817.04278
40.440000	816.80030
40.460000	816.64445
40.480000	816.40574
40.500000	816.12636
40.520000	815.83798
40.540000	815.71789
40.560000	815.55544
40.580000	815.44676
40.600000	815.37258
40.620000	815.18083
40.640000	814.96950
40.660000	814.93290
40.680000	814.72928
40.700000	814.40913
40.720000	814.26768
40.740000	814.16100
40.760000	814.06884
40.780000	813.81692
40.800000	813.38819
40.820000	813.04427
40.840000	812.94276
40.860000	812.85904
40.880000	812.82731
40.900000	812.70229
40.920000	812.47144
40.940000	812.29957
40.960000	812.06824
40.980000	811.70309
41.000000	811.62639
41.020000	811.63126
41.040000	811.39727
41.060000	811.21064
41.080000	810.95217
41.100000	810.71593
41.120000	810.68371
41.140000	810.47537
41.160000	810.31510
41.180000	810.08216
41.200000	809.76966
41.220000	809.86015
41.240000	809.67891
41.260000	809.48650
41.280000	809.30199
41.300000	809.21254
41.320000	809.15118
41.340000	808.97956
41.360000	808.62374
41.380000	808.33270
41.400000	808.14579
41.420000	808.08389
41.440000	807.71793
41.460000	807.48229
41.480000	807.35335
41.500000	807.14103
41.520000	807.08783
41.540000	807.09941
41.560000	806.94230
41.580000	806.66920
41.600000	806.43880
41.620000	806.36519
41.640000	806.08279
41.660000	805.78124
41.680000	805.57597
41.700000	805.46453
41.720000	805.33561
41.740000	805.26031
41.760000	805.08737
41.780000	804.94005
41.800000	804.73354
41.820000	804.49759
41.840000	804.36777
41.860000	804.21831
41.880000	804.08455
41.900000	804.02066
41.920000	803.84198
41.940000	803.53364
41.960000	803.34134
41.980000	803.24414
42.000000	803.04876
42.020000	802.73457
42.040000	802.65312
42.060000	802.57240
42.080000	802.24371
42.100000	802.06301
42.120000	801.99685
42.140000	801.77443
42.160000	801.45153
42.180000	801.45518
42.200000	801.25269
42.220000	800.99516
42.240000	800.79188
42.260000	800.64936
42.280000	800.61254
42.300000	800.39017
42.320000	800.20162
42.340000	799.94285
42.360000	799.84806
42.380000	799.59906
42.400000	799.53830
42.420000	799.34234
42.440000	799.23970
42.460000	799.01520
42.480000	798.88272
42.500000	798.76104
42.520000	798.58334
42.540000	798.47893
42.560000	798.31325
42.580000	798.15439
42.600000	798.00793
42.620000	797.72114
42.640000	797.47459
42.660000	797.30534
42.680000	797.13385
42.700000	796.99600
42.720000	796.90734
42.740000	796.71882
42.760000	796.70628
42.780000	796.40475
42.800000	796.32303
42.820000	796.04572
42.840000	795.82008
42.860000	795.70891
42.880000	795.63481
42.900000	795.56571
42.920000	795.40322
42.940000	795.19098
42.960000	794.98533
42.980000	794.83142
43.000000	794.65302
43.020000	794.18446
43.040000	794.23683
43.060000	794.18608
43.080000	794.05750
43.100000	793.87785
43.120000	793.70103
43.140000	793.57912
43.160000	793.38933
43.180000	793.16848
43.200000	793.03614
43.220000	792.90600
43.240000	792.90637
43.260000	792.72651
43.280000	792.48299
43.300000	792.32482
43.320000	792.18762
43.340000	792.04116
43.360000	791.92383
43.380000	791.82939
43.400000	791.66037
43.420000	791.43831
43.440000	791.21325
43.460000	790.98907
43.480000	790.89235
43.500000	790.83417
43.520000	790.67403
43.540000	790.41933
43.560000	790.21128
43.580000	790.11109
43.600000	789.95112
43.620000	789.62599
43.640000	789.39925
43.660000	789.15305
43.680000	789.09315
43.700000	789.02628
43.720000	788.82014
43.740000	788.67238
43.760000	788.45838
43.780000	788.37696
43.800000	788.33470
43.820000	788.15787
43.840000	787.81651
43.860000	787.68750
43.880000	787.50364
43.900000	787.49618
43.920000	787.32297
43.940000	786.96809
43.960000	786.91199
43.980000	786.79434
44.000000	786.56811
44.020000	786.45052
44.040000	786.30879
44.060000	786.18203
44.080000	786.12326
44.100000	785.87097
44.120000	785.67190
44.140000	785.38695
44.160000	785.22403
44.180000	785.02398
44.200000	784.91454
44.220000	784.91177
44.240000	784.82519
44.260000	784.67300
44.280000	784.52451
44.300000	784.46502
44.320000	784.21691
44.340000	783.85809
44.360000	783.63016
44.380000	783.61839
44.400000	783.36881
44.420000	783.13582
44.440000	782.91219
44.460000	782.81108
44.480000	782.86826
44.500000	782.69026
44.520000	782.53061
44.540000	782.29394
44.560000	782.37238
44.580000	782.21785
44.600000	781.97027
44.620000	781.83352
44.640000	781.57279
44.660000	781.51857
44.680000	781.26358
44.700000	781.05422
44.720000	780.83308
44.740000	780.75795
44.760000	780.48074
44.780000	780.29254
44.800000	780.04606
44.820000	779.85504
44.840000	779.70855
44.860000	779.56592
44.880000	779.34855
44.900000	779.08590
44.920000	779.04520
44.940000	778.86053
44.960000	778.57531
44.980000	778.49954
45.000000	778.44074
45.020000	778.37836
45.040000	778.49929
45.060000	778.34975
45.080000	778.16866
45.100000	777.90890
45.120000	777.75552
45.140000	777.65017
45.160000	777.57637
45.180000	777.32632
45.200000	777.18280
45.220000	777.09559
45.240000	776.75392
45.260000	776.52815
45.280000	776.54995
45.300000	776.42323
45.320000	776.22785
45.340000	776.14810
45.360000	775.85843
45.380000	775.83098
45.400000	775.64752
45.420000	775.49599
45.440000	775.37481
45.460000	775.18304
45.480000	774.95575
45.500000	774.78401
45.520000	774.88689
45.540000	774.68191
45.560000	774.41316
45.580000	774.28237
45.600000	774.07984
45.620000	773.96929
45.640000	773.96519
45.660000	773.69276
45.680000	773.33558
45.700000	773.27313
45.720000	773.35776
45.740000	773.10362
45.760000	772.97111
45.780000	772.92137
45.800000	772.80495
45.820000	772.43927
45.840000	772.28886
45.860000	772.05468
45.880000	771.84866
45.900000	771.74908
45.920000	771.69570
45.940000	771.50927
45.960000	771.22980
45.980000	771.14124
46.000000	770.94495
46.020000	770.70800
46.040000	770.71621
46.060000	770.55359
46.080000	770.34351
46.100000	770.36794
46.120000	770.13468
46.140000	769.92210
46.160000	769.83400
46.180000	769.65647
46.200000	769.46377
46.220000	769.24858
46.240000	769.22476
46.260000	769.19887
46.280000	768.99977
46.300000	768.83092
46.320000	768.85281
46.340000	768.59924
46.360000	768.43069
46.380000	768.30491
46.400000	768.14367
46.420000	767.92880
46.440000	767.84149
46.460000	767.54547
46.480000	767.56332
46.500000	767.43174
46.520000	767.27719
46.540000	767.13261
46.560000	766.82980
46.580000	766.72718
46.600000	766.64374
46.620000	766.46933
46.640000	766.27162
46.660000	766.20647
46.680000	765.91468
46.700000	765.74580
46.720000	765.70576
46.740000	765.48446
46.760000	765.52890
46.780000	765.45800
46.800000	765.24938
46.820000	764.92592
46.840000	764.52460
46.860000	764.53549
46.880000	764.47649
46.900000	764.33020
46.920000	764.27678
46.940000	764.15609
46.960000	764.05995
46.980000	763.91440
47.000000	763.68654
47.020000	763.59334
47.040000	763.52738
47.060000	763.31351
47.080000	763.09662
47.100000	762.97354
47.120000	763.01091
47.140000	762.80778
47.160000	762.53087
47.180000	762.40069
47.200000	762.28039
47.220000	762.27091
47.240000	762.08249
47.260000	761.89366
47.280000	761.63928
47.300000	761.59566
47.320000	761.34327
47.340000	761.18995
47.360000	761.12250
47.380000	761.00013
47.400000	760.70340
47.420000	760.76877
47.440000	760.64671
47.460000	760.29522
47.480000	760.08044
47.500000	760.10093
47.520000	760.02491
47.540000	759.86527
47.560000	759.48441
47.580000	759.56872
47.600000	759.42361
47.620000	759.21272
47.640000	759.32612
47.660000	759.30191
47.680000	759.08993
47.700000	758.90639
47.720000	758.68315
47.740000	758.52988
47.760000	758.28862
47.780000	758.18372
47.800000	757.88574
47.820000	757.90175
47.840000	757.65816
47.860000	757.54200
47.880000	757.48488
47.900000	757.30550
47.920000	757.28899
47.940000	757.07584
47.960000	756.77418
47.980000	756.68865
48.000000	756.58862
48.020000	756.41309
48.040000	756.38996
48.060000	756.32338
48.080000	755.93202
48.100000	755.83128
48.120000	755.84219
48.140000	755.65194
48.160000	755.58253
48.180000	755.28656
48.200000	755.27732
48.220000	755.23724
48.240000	755.00506
48.260000	754.82029
48.280000	754.68264
48.300000	754.54604
48.320000	754.51763
48.340000	754.51640
48.360000	754.19994
48.380000	754.01097
48.400000	753.74672
48.420000	753.70448
48.440000	753.61006
48.460000	753.52691
48.480000	753.34357
48.500000	752.99457
48.520000	752.95223
48.540000	752.67981
48.560000	752.63689
48.580000	752.59923
48.600000	752.59807
48.620000	752.37730
48.640000	752.12328
48.660000	752.01088
48.680000	751.92941
48.700000	751.87288
48.720000	751.89823
48.740000	751.85056
48.760000	751.45806
48.780000	751.31101
48.800000	751.10200
48.820000	751.08422
48.840000	750.76410
48.860000	750.59048
48.880000	750.62267
48.900000	750.33008
48.920000	750.27680
48.940000	750.12731
48.960000	749.88237
48.980000	749.67814
49.000000	749.65286
49.020000	749.49062
49.040000	749.41420
49.060000	749.27086
49.080000	749.03934
49.100000	748.89956
49.120000	748.81010
49.140000	748.54803
49.160000	748.53390
49.180000	748.50189
49.200000	748.35216
49.220000	748.14582
49.240000	747.98165
49.260000	747.68263
49.280000	747.77604
49.300000	747.80755
49.320000	747.68488
49.340000	747.33818
49.360000	747.28894
49.380000	747.04137
49.400000	746.88323
49.420000	746.52687
49.440000	746.43856
49.460000	746.42474
49.480000	746.31148
49.500000	746.03502
49.520000	746.03312
49.540000	745.77603
49.560000	745.58953
49.580000	745.58217
49.600000	745.44957
49.620000	745.19353
49.640000	745.02741
49.660000	744.90153
49.680000	744.93926
49.700000	744.71611
49.720000	744.54610
49.740000	744.46967
49.760000	744.39046
49.780000	744.10232
49.800000	743.82768
49.820000	743.53729
49.840000	743.69352
49.860000	743.49611
49.880000	743.39934
49.900000	743.25404
49.920000	743.06064
49.940000	742.94332
49.960000	742.84168
49.980000	742.76381
50.000000	742.59407
50.020000	742.56243
50.040000	742.45666
50.060000	742.28037
50.080000	742.14011
50.100000	741.86967
50.120000	741.89723
50.140000	741.79713
50.160000	741.50307
50.180000	741.46755
50.200000	741.40553
50.220000	741.10540
50.240000	741.00603
50.260000	740.69820
50.280000	740.65015
50.300000	740.65533
50.320000	740.57587
50.340000	740.25571
50.360000	740.15809
50.380000	740.25880
50.400000	739.97289
50.420000	739.70171
50.440000	739.51525
50.460000	739.31545
50.480000	739.14459
50.500000	739.09767
50.520000	739.14058
50.540000	739.11989
50.560000	738.78991
50.580000	738.80926
50.600000	738.43453
50.620000	738.43750
50.640000	738.30405
50.660000	738.32243
50.680000	738.11746
50.700000	737.81939
50.720000	737.75947
50.740000	737.53259
50.760000	737.37442
50.780000	737.21989
50.800000	737.19863
50.820000	737.12460
50.840000	737.05598
50.860000	736.81424
50.880000	736.65386
50.900000	736.64280
50.920000	736.57521
50.940000	736.18166
50.960000	736.32429
50.980000	735.93908
51.000000	735.71943
51.020000	735.73834
51.040000	735.87380
51.060000	735.67105
51.080000	735.41626
51.100000	735.47439
51.120000	735.44883
51.140000	735.24686
51.160000	735.03599
51.180000	734.99491
51.200000	734.82175
51.220000	734.85690
51.240000	734.61914
51.260000	734.49253
51.280000	734.43178
51.300000	733.96599
51.320000	733.93525
51.340000	733.93048
51.360000	733.80247
51.380000	733.77873
51.400000	733.62157
51.420000	733.53165
51.440000	733.06892
51.460000	733.09647
51.480000	733.06981
51.500000	732.94448
51.520000	732.66553
51.540000	732.69192
51.560000	732.57409
51.580000	732.56066
51.600000	732.62260
51.620000	732.24759
51.640000	732.04291
51.660000	731.82384
51.680000	731.88061
51.700000	731.65558
51.720000	731.61838
51.740000	731.46108
51.760000	731.29043
51.780000	731.26152
51.800000	731.09312
51.820000	730.78741
51.840000	730.84705
51.860000	730.70874
51.880000	730.57137
51.900000	730.38465
51.920000	730.16261
51.940000	730.12758
51.960000	729.92287
51.980000	729.73241
52.000000	729.71009
52.020000	729.69368
52.040000	729.38466
52.060000	729.51371
52.080000	729.40623
52.100000	729.09539
52.120000	729.05613
52.140000	728.92669
52.160000	728.66902
52.180000	728.52386
52.200000	728.37809
52.220000	728.36004
52.240000	728.13005
52.260000	728.16631
52.280000	728.05369
52.300000	727.98695
52.320000	727.86445
52.340000	727.67381
52.360000	727.50685
52.380000	727.42319
52.400000	727.21572
52.420000	727.24846
52.440000	727.03260
52.460000	726.69230
52.480000	726.83179
52.500000	726.52160
52.520000	726.44287
52.540000	726.34158
52.560000	726.05761
52.580000	726.07376
52.600000	725.59288
52.620000	725.62869
52.640000	725.60774
52.660000	725.67126
52.680000	725.51071
52.700000	725.33010
52.720000	725.34681
52.740000	725.03678
52.760000	725.00772
52.780000	724.73280
52.800000	724.68302
52.820000	724.52552
52.840000	724.38503
52.860000	724.31926
52.880000	724.25983
52.900000	724.04086
52.920000	723.79829
52.940000	723.61180
52.960000	723.41420
52.980000	723.46646
53.000000	723.18022
53.020000	722.93093
53.040000	722.92686
53.060000	722.98677
53.080000	722.87301
53.100000	722.52644
53.120000	722.49768
53.140000	722.60812
53.160000	722.36769
53.180000	722.08887
53.200000	722.02426
53.220000	721.84715
53.240000	721.71163
53.260000	721.72165
53.280000	721.66242
53.300000	721.50735
53.320000	721.48893
53.340000	721.16194
53.360000	720.93963
53.380000	720.94306
53.400000	720.55567
53.420000	720.51873
53.440000	720.52307
53.460000	720.49878
53.480000	720.25963
53.500000	720.05492
53.520000	719.93119
53.540000	719.77492
53.560000	719.79555
53.580000	719.58815
53.600000	719.49317
53.620000	719.36825
53.640000	719.06804
53.660000	719.16965
53.680000	718.82768
53.700000	718.91696
53.720000	718.73596
53.740000	718.58945
53.760000	718.41739
53.780000	718.34180
53.800000	718.30487
53.820000	718.00688
53.840000	717.93590
53.860000	717.85772
53.880000	717.65999
53.900000	717.59631
53.920000	717.38370
53.940000	717.40865
53.960000	717.32104
53.980000	717.43081
54.000000	717.26630
54.020000	716.90301
54.040000	716.72075
54.060000	716.63745
54.080000	716.60936
54.100000	716.41035
54.120000	716.10967
54.140000	716.17360
54.160000	716.11619
54.180000	715.69990
54.200000	715.61265
54.220000	715.66828
54.240000	715.35114
54.260000	715.49124
54.280000	715.39173
54.300000	715.12957
54.320000	714.86185
54.340000	714.69387
54.360000	714.67914
54.380000	714.60642
54.400000	714.51371
54.420000	714.54988
54.440000	714.24915
54.460000	713.79630
54.480000	713.80055
54.500000	713.97120
54.520000	713.76908
54.540000	713.73105
54.560000	713.64253
54.580000	713.32790
54.600000	713.37146
54.620000	713.13838
54.640000	712.92767
54.660000	712.80564
54.680000	712.86457
54.700000	712.79608
54.720000	712.65226
54.740000	712.26241
54.760000	712.06145
54.780000	712.19589
54.800000	712.27095
54.820000	711.90905
54.840000	711.73715
54.860000	711.67115
54.880000	711.32124
54.900000	711.28386
54.920000	711.29774
54.940000	711.19277
54.960000	710.98883
54.980000	711.04032
55.000000	710.92219
55.020000	710.85384
55.040000	710.42303
55.060000	710.57229
55.080000	710.63937
55.100000	710.24823
55.120000	710.12733
55.140000	709.85424
55.160000	709.85193
55.180000	709.68247
55.200000	709.75022
55.220000	709.52435
55.240000	709.31665
55.260000	709.43059
55.280000	709.26549
55.300000	708.88445
55.320000	708.79286
55.340000	708.52336
55.360000	708.78097
55.380000	708.61007
55.400000	708.29154
55.420000	708.26596
55.440000	708.17071
55.460000	708.23325
55.480000	708.01912
55.500000	707.66950
55.520000	707.63551
55.540000	707.45978
55.560000	707.22534
55.580000	707.32565
55.600000	707.20913
55.620000	706.99645
55.640000	706.99539
55.660000	706.96605
55.680000	706.83665
55.700000	706.60787
55.720000	706.39748
55.740000	706.13370
55.760000	706.05893
55.780000	706.07955
55.800000	706.06278
55.820000	705.99845
55.840000	705.82535
55.860000	705.65234
55.880000	705.69285
55.900000	705.25245
55.920000	705.20943
55.940000	705.05556
55.960000	705.05353
55.980000	704.99027
56.000000	704.62081
56.020000	704.60188
56.040000	704.48494
56.060000	704.34574
56.080000	704.47631
56.100000	704.19285
56.120000	704.20062
56.140000	704.10082
56.160000	703.97964
56.180000	703.63535
56.200000	703.46436
56.220000	703.26164
56.240000	703.20098
56.260000	703.13754
56.280000	703.07588
56.300000	702.87696
56.320000	702.97870
56.340000	702.82285
56.360000	702.62953
56.380000	702.52986
56.400000	702.42052
56.420000	702.25571
56.440000	702.29283
56.460000	702.17870
56.480000	701.71313
56.500000	701.76411
56.520000	701.87116
56.540000	701.48925
56.560000	701.40694
56.580000	701.37241
56.600000	701.19721
56.620000	701.33922
56.640000	701.08511
56.660000	700.93834
56.680000	700.68647
56.700000	700.75191
56.720000	700.46373
56.740000	700.12479
56.760000	700.28918
56.780000	700.26021
56.800000	700.10372
56.820000	700.05068
56.840000	699.77337
56.860000	699.93026
56.880000	699.88923
56.900000	699.75332
56.920000	699.55085
56.940000	699.32818
56.960000	699.33584
56.980000	699.13121
57.000000	699.01470
57.020000	699.04219
57.040000	698.92307
57.060000	698.69983
57.080000	698.47036
57.100000	698.29521
57.120000	698.23379
57.140000	698.00815
57.160000	698.13415
57.180000	697.72751
57.200000	697.74598
57.220000	697.63394
57.240000	697.72861
57.260000	697.31603
57.280000	697.22451
57.300000	697.18975
57.320000	696.96473
57.340000	696.97888
57.360000	696.70151
57.380000	696.57098
57.400000	696.59115
57.420000	696.31769
57.440000	696.28462
57.460000	696.25143
57.480000	696.28673
57.500000	695.95393
57.520000	695.77396
57.540000	695.92730
57.560000	695.97499
57.580000	695.54769
57.600000	695.50543
57.620000	695.40797
57.640000	695.26066
57.660000	695.21659
57.680000	694.84897
57.700000	694.72585
57.720000	694.38961
57.740000	694.57743
57.760000	694.33013
57.780000	694.16369
57.800000	694.20706
57.820000	694.11047
57.840000	693.95134
57.860000	693.76958
57.880000	693.93530
57.900000	693.78510
57.920000	693.39352
57.940000	693.21198
57.960000	693.16978
57.980000	692.94866
58.000000	693.14703
58.020000	692.98075
58.040000	693.14622
58.060000	692.81599
58.080000	692.65295
58.100000	692.38330
58.120000	692.27509
58.140000	692.36381
58.160000	692.35083
58.180000	692.17623
58.200000	691.84672
58.220000	691.53543
58.240000	691.94086
58.260000	691.90327
58.280000	691.48576
58.300000	691.30676
58.320000	691.56260
58.340000	690.91170
58.360000	690.76660
58.380000	690.98102
58.400000	691.00768
58.420000	690.51564
58.440000	690.53660
58.460000	690.53129
58.480000	690.41721
58.500000	690.16954
58.520000	690.28411
58.540000	690.08518
58.560000	690.03523
58.580000	689.75337
58.600000	689.87108
58.620000	689.62481
58.640000	689.13664
58.660000	688.97216
58.680000	689.20117
58.700000	689.20187
58.720000	689.25011
58.740000	688.99434
58.760000	689.02987
58.780000	688.56986
58.800000	688.57732
58.820000	688.63154
58.840000	688.58011
58.860000	688.59705
58.880000	688.66030
58.900000	687.70281
58.920000	687.40078
58.940000	687.61257
58.960000	687.52772
58.980000	687.05160
59.000000	687.27483
59.020000	687.28348
59.040000	687.28388
59.060000	687.06973
59.080000	687.01424
59.100000	686.95582
59.120000	687.02498
59.140000	686.97266
59.160000	686.73415
59.180000	686.71727
59.200000	686.55808
59.220000	686.48097
59.240000	686.29739
59.260000	686.03911
59.280000	685.93278
59.300000	685.70723
59.320000	685.92972
59.340000	685.99925
59.360000	685.80630
59.380000	685.29102
59.400000	685.20285
59.420000	685.45576
59.440000	685.16975
59.460000	685.45578
59.480000	685.35383
59.500000	685.12361
59.520000	685.03804
59.540000	684.82628
59.560000	684.58279
59.580000	684.66749
59.600000	684.32968
59.620000	684.16046
59.640000	684.31362
59.660000	684.20984
59.680000	683.74148
59.700000	683.76895
59.720000	683.77351
59.740000	683.42593
59.760000	683.78498
59.780000	683.67000
59.800000	683.33375
59.820000	683.31825
59.840000	682.71798
59.860000	682.33729
59.880000	682.58180
59.900000	682.75351
59.920000	682.80147
59.940000	682.86393
59.960000	682.35099
59.980000	682.13882
60.000000	682.04653
