0.0000000	0.0000000
0.010000000	0.0000000
0.020000000	217.68157
0.030000000	210.65179
0.040000000	208.22972
0.050000000	205.52749
0.060000000	202.63996
0.070000000	202.17573
0.080000000	206.20693
0.090000000	214.42364
0.10000000	221.60159
0.11000000	250.31297
0.12000000	277.87143
0.13000000	285.42670
0.14000000	294.53717
0.15000000	255.47277
0.16000000	269.83728
0.17000000	362.44008
0.18000000	570.33726
0.19000000	629.81638
0.20000000	689.57129
0.21000000	710.68175
0.22000000	757.58715
0.23000000	807.70189
0.24000000	897.42276
0.25000000	948.61114
0.26000000	1009.0712
0.27000000	1087.6749
0.28000000	1134.7465
0.29000000	1185.5479
0.30000000	1243.5072
0.31000000	1289.8514
0.32000000	1331.4096
0.33000000	1382.6506
0.34000000	1409.0077
0.35000000	1455.4525
0.36000000	1490.6182
0.37000000	1517.5879
0.38000000	1537.8499
0.39000000	1567.8843
0.40000000	1582.6853
0.41000000	1607.1013
0.42000000	1618.6872
0.43000000	1626.0421
0.44000000	1631.8330
0.45000000	1634.4656
0.46000000	1633.9253
0.47000000	1628.9316
0.48000000	1624.7276
0.49000000	1620.2534
0.50000000	1616.0426
0.51000000	1610.2610
0.52000000	1604.6133
0.53000000	1599.0635
0.54000000	1592.4929
0.55000000	1587.8073
0.56000000	1581.8635
0.57000000	1576.4896
0.58000000	1570.9311
0.59000000	1565.2589
0.60000000	1557.2396
0.61000000	1552.6580
0.62000000	1545.8027
0.63000000	1539.8420
0.64000000	1533.7504
0.65000000	1527.2784
0.66000000	1519.7179
0.67000000	1514.6769
0.68000000	1506.1107
0.69000000	1499.6794
0.70000000	1493.9909
0.71000000	1487.8510
0.72000000	1481.0988
0.73000000	1475.0334
0.74000000	1468.0508
0.75000000	1460.8891
0.76000000	1454.5769
0.77000000	1446.9268
0.78000000	1440.5458
0.79000000	1433.8011
0.80000000	1427.1514
0.81000000	1419.0867
0.82000000	1414.1702
0.83000000	1408.7018
0.84000000	1402.8746
0.85000000	1395.4530
0.86000000	1387.4681
0.87000000	1379.0307
0.88000000	1372.6143
0.89000000	1365.0005
0.90000000	1358.3728
0.91000000	1351.1446
0.92000000	1344.7781
0.93000000	1337.0183
0.94000000	1330.5059
0.95000000	1322.0593
0.96000000	1314.3425
0.97000000	1308.5600
0.98000000	1302.9216
0.99000000	1296.8641
1.0000000	1289.8481
1.0100000	1282.2019
1.0200000	1274.1478
1.0300000	1268.1412
1.0400000	1259.8070
1.0500000	1252.4804
1.0600000	1245.7369
1.0700000	1237.8241
1.0800000	1229.1787
1.0900000	1221.5221
1.1000000	1212.1288
1.1100000	1205.5341
1.1200000	1197.5715
1.1300000	1189.3529
1.1400000	1180.8933
1.1500000	1173.9529
1.1600000	1165.2476
1.1700000	1157.6623
1.1800000	1150.7653
1.1900000	1142.8845
1.2000000	1135.9349
1.2100000	1128.7669
1.2200000	1120.8704
1.2300000	1113.2795
1.2400000	1106.6557
1.2500000	1097.5645
1.2600000	1090.9761
1.2700000	1083.8939
1.2800000	1076.4588
1.2900000	1068.6106
1.3000000	1062.0018
1.3100000	1053.5229
1.3200000	1047.0176
1.3300000	1038.7578
1.3400000	1030.8484
1.3500000	1023.0151
1.3600000	1015.4316
1.3700000	1006.8026
1.3800000	1000.0606
1.3900000	993.41771
1.4000000	986.13883
1.4100000	978.91339
1.4200000	971.21023
1.4300000	963.45456
1.4400000	956.42798
1.4500000	949.46850
1.4600000	941.38826
1.4700000	934.69602
1.4800000	927.10548
1.4900000	920.35314
1.5000000	912.40371
1.5100000	905.74602
1.5200000	897.32694
1.5300000	890.35480
1.5400000	881.91850
1.5500000	875.07960
1.5600000	867.68538
1.5700000	860.73984
1.5800000	852.76797
1.5900000	846.66752
1.6000000	840.23309
1.6100000	834.25987
1.6200000	827.93787
1.6300000	821.53554
1.6400000	814.98729
1.6500000	809.11037
1.6600000	802.34207
1.6700000	795.67863
1.6800000	789.52597
1.6900000	782.38136
1.7000000	775.83463
1.7100000	768.91804
1.7200000	762.32313
1.7300000	755.67251
1.7400000	750.35684
1.7500000	743.84254
1.7600000	738.06825
1.7700000	731.32792
1.7800000	725.27498
1.7900000	718.38032
1.8000000	712.89197
1.8100000	706.22779
1.8200000	700.43565
1.8300000	694.20029
1.8400000	688.16431
1.8500000	681.85122
1.8600000	676.31854
1.8700000	669.79050
1.8800000	663.99024
1.8900000	658.56792
1.9000000	652.35626
1.9100000	646.85314
1.9200000	641.90138
1.9300000	636.77706
1.9400000	631.57184
1.9500000	626.52575
1.9600000	620.26765
1.9700000	615.21809
1.9800000	609.42631
1.9900000	603.93451
2.0000000	598.43879
2.0100000	593.79384
2.0200000	587.92320
2.0300000	583.00013
2.0400000	577.45533
2.0500000	572.64726
2.0600000	567.54828
2.0700000	563.14197
2.0800000	557.73391
2.0900000	552.95373
2.1000000	548.08978
2.1100000	543.14236
2.1200000	538.42059
2.1300000	533.79594
2.1400000	528.74273
2.1500000	523.89062
2.1600000	518.86000
2.1700000	513.43179
2.1800000	508.75694
2.1900000	503.69764
2.2000000	498.97387
2.2100000	494.42526
2.2200000	490.28088
2.2300000	485.85591
2.2400000	482.27355
2.2500000	478.28427
2.2600000	474.69307
2.2700000	471.11782
2.2800000	467.60753
2.2900000	463.71638
2.3000000	460.52276
2.3100000	456.38705
2.3200000	452.86530
2.3300000	449.15308
2.3400000	445.67938
2.3500000	442.26581
2.3600000	438.99012
2.3700000	435.42683
2.3800000	432.14083
2.3900000	428.97907
2.4000000	425.45996
2.4100000	421.91369
2.4200000	418.48372
2.4300000	414.76102
2.4400000	411.20902
2.4500000	408.10446
2.4600000	404.64671
2.4700000	401.76989
2.4800000	398.49731
2.4900000	395.34876
2.5000000	391.99314
2.5100000	389.27129
2.5200000	386.03462
2.5300000	383.34739
2.5400000	380.54934
2.5500000	378.06624
2.5600000	375.45333
2.5700000	372.91477
2.5800000	369.78524
2.5900000	367.05734
2.6000000	364.13945
2.6100000	361.17191
2.6200000	358.11361
2.6300000	355.21244
2.6400000	352.42125
2.6500000	349.83469
2.6600000	347.33563
2.6700000	344.71933
2.6800000	342.29300
2.6900000	339.75948
2.7000000	337.25162
2.7100000	334.80265
2.7200000	332.46524
2.7300000	330.03545
2.7400000	327.85755
2.7500000	325.72896
2.7600000	323.53566
2.7700000	321.29079
2.7800000	319.24114
2.7900000	316.96093
2.8000000	314.97933
2.8100000	312.94075
2.8200000	310.78489
2.8300000	308.47021
2.8400000	306.44284
2.8500000	304.20595
2.8600000	302.54829
2.8700000	300.66063
2.8800000	298.70697
2.8900000	296.78301
2.9000000	294.92963
2.9100000	292.93325
2.9200000	291.25933
2.9300000	289.53661
2.9400000	287.76374
2.9500000	286.14510
2.9600000	284.23835
2.9700000	282.47189
2.9800000	280.70911
2.9900000	279.12834
3.0000000	277.43104
3.0100000	276.03185
3.0200000	274.41542
3.0300000	273.03562
3.0400000	271.28292
3.0500000	269.66947
3.0600000	267.90112
3.0700000	266.22319
3.0800000	264.57928
3.0900000	263.08336
3.1000000	261.60649
3.1100000	260.28661
3.1200000	258.69248
3.1300000	257.50322
3.1400000	255.95757
3.1500000	254.52382
3.1600000	253.12664
3.1700000	251.88572
3.1800000	250.89761
3.1900000	249.94529
3.2000000	248.84961
3.2100000	247.69518
3.2200000	246.52919
3.2300000	245.27491
3.2400000	244.07320
3.2500000	242.71170
3.2600000	241.57086
3.2700000	240.37884
3.2800000	239.36113
3.2900000	238.13630
3.3000000	237.19679
3.3100000	236.06502
3.3200000	235.12616
3.3300000	234.07065
3.3400000	232.84763
3.3500000	231.74609
3.3600000	230.76703
3.3700000	229.80803
3.3800000	228.86273
3.3900000	227.96250
3.4000000	226.96246
3.4100000	226.04227
3.4200000	224.96715
3.4300000	223.96063
3.4400000	223.08319
3.4500000	222.15657
3.4600000	221.23257
3.4700000	220.31187
3.4800000	219.49474
3.4900000	218.68581
3.5000000	217.77812
3.5100000	217.05923
3.5200000	216.22611
3.5300000	215.44500
3.5400000	214.56780
3.5500000	213.80989
3.5600000	213.17062
3.5700000	212.54620
3.5800000	211.90879
3.5900000	211.17940
3.6000000	210.31421
3.6100000	209.54115
3.6200000	208.64394
3.6300000	207.91299
3.6400000	207.08835
3.6500000	206.46415
3.6600000	205.84693
3.6700000	205.12272
3.6800000	204.46134
3.6900000	203.82575
3.7000000	203.13718
3.7100000	202.51183
3.7200000	201.76193
3.7300000	201.07508
3.7400000	200.51579
3.7500000	199.96186
3.7600000	199.35493
3.7700000	198.65168
3.7800000	197.91046
3.7900000	197.12802
3.8000000	196.54532
3.8100000	195.99483
3.8200000	195.56824
3.8300000	194.95742
3.8400000	194.42750
3.8500000	193.83104
3.8600000	193.35527
3.8700000	192.94612
3.8800000	192.49424
3.8900000	192.00301
3.9000000	191.55245
3.9100000	191.20038
3.9200000	190.88078
3.9300000	190.49920
3.9400000	190.14484
3.9500000	189.64524
3.9600000	189.08167
3.9700000	188.48652
3.9800000	188.04927
3.9900000	187.64552
4.0000000	187.17924
4.0100000	186.81126
4.0200000	186.55365
4.0300000	186.18780
4.0400000	185.93704
4.0500000	185.50481
4.0600000	185.04622
4.0700000	184.61258
4.0800000	184.16614
4.0900000	183.77348
4.1000000	183.31710
4.1100000	182.84968
4.1200000	182.48103
4.1300000	182.13228
4.1400000	181.88158
4.1500000	181.63292
4.1600000	181.20530
4.1700000	180.92223
4.1800000	180.61537
4.1900000	180.10781
4.2000000	179.68868
4.2100000	179.30853
4.2200000	179.11279
4.2300000	178.83865
4.2400000	178.58153
4.2500000	178.37926
4.2600000	177.94879
4.2700000	177.66341
4.2800000	177.21144
4.2900000	176.80860
4.3000000	176.53612
4.3100000	176.29114
4.3200000	176.00849
4.3300000	175.75742
4.3400000	175.46519
4.3500000	175.14988
4.3600000	174.84138
4.3700000	174.66505
4.3800000	174.40100
4.3900000	174.13748
4.4000000	173.84290
4.4100000	173.44044
4.4200000	173.15598
4.4300000	172.97567
4.4400000	172.77937
4.4500000	172.66961
4.4600000	172.59838
4.4700000	172.39229
4.4800000	172.18909
4.4900000	171.90786
4.5000000	171.55345
4.5100000	171.20637
4.5200000	170.82912
4.5300000	170.39919
4.5400000	170.10551
4.5500000	169.83392
4.5600000	169.60694
4.5700000	169.34903
4.5800000	169.05893
4.5900000	168.67284
4.6000000	168.36593
4.6100000	168.15448
4.6200000	167.87389
4.6300000	167.69022
4.6400000	167.48444
4.6500000	167.21492
4.6600000	166.88143
4.6700000	166.67301
4.6800000	166.47478
4.6900000	166.25539
4.7000000	166.10640
4.7100000	165.87217
4.7200000	165.72718
4.7300000	165.72266
4.7400000	165.55962
4.7500000	165.43079
4.7600000	165.19029
4.7700000	164.88891
4.7800000	164.72757
4.7900000	164.42189
4.8000000	164.11302
4.8100000	163.87389
4.8200000	163.78502
4.8300000	163.67446
4.8400000	163.53045
4.8500000	163.28372
4.8600000	163.00574
4.8700000	162.93228
4.8800000	163.00276
4.8900000	162.96377
4.9000000	162.93882
4.9100000	162.88285
4.9200000	162.73399
4.9300000	162.43605
4.9400000	162.11665
4.9500000	161.76347
4.9600000	161.52602
4.9700000	161.28171
4.9800000	161.05273
4.9900000	160.82813
5.0000000	160.59685
5.0100000	160.52428
5.0200000	160.37807
5.0300000	160.21020
5.0400000	159.93674
5.0500000	159.81364
5.0600000	159.56491
5.0700000	159.44624
5.0800000	159.27604
5.0900000	159.13144
5.1000000	158.99449
5.1100000	158.90620
5.1200000	158.81616
5.1300000	158.66688
5.1400000	158.62442
5.1500000	158.55655
5.1600000	158.50763
5.1700000	158.44494
5.1800000	158.38875
5.1900000	158.23876
5.2000000	158.08993
5.2100000	157.91715
5.2200000	157.82888
5.2300000	157.57817
5.2400000	157.27469
5.2500000	157.06603
5.2600000	156.81583
5.2700000	156.61203
5.2800000	156.50933
5.2900000	156.14674
5.3000000	155.97999
5.3100000	155.79353
5.3200000	155.64329
5.3300000	155.59127
5.3400000	155.40875
5.3500000	155.18927
5.3600000	155.01943
5.3700000	154.94201
5.3800000	154.89477
5.3900000	154.71152
5.4000000	154.54907
5.4100000	154.34602
5.4200000	154.12056
5.4300000	153.96392
5.4400000	153.83979
5.4500000	153.55877
5.4600000	153.44240
5.4700000	153.25268
5.4800000	153.18592
5.4900000	153.11660
5.5000000	153.08995
5.5100000	152.91171
5.5200000	152.70245
5.5300000	152.49614
5.5400000	152.33714
5.5500000	152.19126
5.5600000	152.02621
5.5700000	151.95406
5.5800000	152.00095
5.5900000	151.92580
5.6000000	151.85728
5.6100000	151.71774
5.6200000	151.68715
5.6300000	151.77195
5.6400000	151.74600
5.6500000	151.78198
5.6600000	151.72729
5.6700000	151.57521
5.6800000	151.34672
5.6900000	151.18761
5.7000000	150.78685
5.7100000	150.57762
5.7200000	150.33994
5.7300000	150.12725
5.7400000	149.97422
5.7500000	149.80451
5.7600000	149.73150
5.7700000	149.52749
5.7800000	149.30994
5.7900000	149.15305
5.8000000	149.13508
5.8100000	149.24232
5.8200000	149.28297
5.8300000	149.29862
5.8400000	149.26355
5.8500000	149.22497
5.8600000	149.21526
5.8700000	149.24061
5.8800000	149.40281
5.8900000	149.72103
5.9000000	150.04404
5.9100000	150.42406
5.9200000	150.72104
5.9300000	150.97891
5.9400000	151.04894
5.9500000	150.87949
5.9600000	150.51778
5.9700000	150.07650
5.9800000	149.68337
5.9900000	149.30656
6.0000000	148.98057
6.0100000	148.71587
6.0200000	148.45473
6.0300000	148.24842
6.0400000	148.00835
6.0500000	147.81955
6.0600000	147.54740
6.0700000	147.20970
6.0800000	146.93380
6.0900000	146.75393
6.1000000	146.47262
6.1100000	146.34210
6.1200000	146.07166
6.1300000	145.89213
6.1400000	145.78624
6.1500000	145.71641
6.1600000	145.61282
6.1700000	145.51750
6.1800000	145.35382
6.1900000	145.26033
6.2000000	145.20538
6.2100000	145.15803
6.2200000	145.13474
6.2300000	144.99633
6.2400000	144.79361
6.2500000	144.67416
6.2600000	144.50461
6.2700000	144.40383
6.2800000	144.51244
6.2900000	144.51151
6.3000000	144.63548
6.3100000	144.76834
6.3200000	144.83419
6.3300000	145.00800
6.3400000	145.05830
6.3500000	145.02046
6.3600000	144.88756
6.3700000	144.63902
6.3800000	144.33278
6.3900000	143.96353
6.4000000	143.53835
6.4100000	143.16989
6.4200000	143.05608
6.4300000	142.95771
6.4400000	142.98458
6.4500000	142.88097
6.4600000	142.62194
6.4700000	142.50341
6.4800000	142.40264
6.4900000	142.34289
6.5000000	142.31562
6.5100000	142.29805
6.5200000	142.41902
6.5300000	142.53320
6.5400000	142.68240
6.5500000	142.81777
6.5600000	143.00116
6.5700000	143.21412
6.5800000	143.51750
6.5900000	143.85263
6.6000000	143.94464
6.6100000	143.95977
6.6200000	143.78619
6.6300000	143.68593
6.6400000	143.67037
6.6500000	143.68082
6.6600000	143.61836
6.6700000	143.47090
6.6800000	143.27481
6.6900000	142.85889
6.7000000	142.45965
6.7100000	142.03664
6.7200000	141.66680
6.7300000	141.41830
6.7400000	141.15881
6.7500000	140.90258
6.7600000	140.69140
6.7700000	140.57608
6.7800000	140.40851
6.7900000	140.29996
6.8000000	140.21647
6.8100000	140.11609
6.8200000	140.09930
6.8300000	140.15098
6.8400000	140.07126
6.8500000	140.02227
6.8600000	139.95994
6.8700000	139.75945
6.8800000	139.59648
6.8900000	139.51249
6.9000000	139.45550
6.9100000	139.51155
6.9200000	139.53814
6.9300000	139.51054
6.9400000	139.50914
6.9500000	139.50817
6.9600000	139.51336
6.9700000	139.46505
6.9800000	139.41334
6.9900000	139.35446
7.0000000	139.37670
7.0100000	139.45338
7.0200000	139.47980
7.0300000	139.42946
7.0400000	139.29351
7.0500000	139.21422
7.0600000	139.14203
7.0700000	139.17995
7.0800000	139.17983
7.0900000	139.25040
7.1000000	139.38141
7.1100000	139.60481
7.1200000	139.86464
7.1300000	140.20987
7.1400000	140.89593
7.1500000	141.55612
7.1600000	142.29543
7.1700000	143.15203
7.1800000	143.82526
7.1900000	144.41701
7.2000000	144.68549
7.2100000	144.71722
7.2200000	144.73303
7.2300000	144.52739
7.2400000	144.37922
7.2500000	144.23332
7.2600000	144.03091
7.2700000	143.74728
7.2800000	143.30597
7.2900000	142.64651
7.3000000	141.85083
7.3100000	141.12434
7.3200000	140.40376
7.3300000	139.82376
7.3400000	139.44343
7.3500000	139.15738
7.3600000	139.02446
7.3700000	138.84921
7.3800000	138.63943
7.3900000	138.58192
7.4000000	138.50259
7.4100000	138.48241
7.4200000	138.38537
7.4300000	138.20350
7.4400000	138.09342
7.4500000	138.05718
7.4600000	138.05324
7.4700000	138.18911
7.4800000	138.29994
7.4900000	138.43679
7.5000000	138.59935
7.5100000	139.01712
7.5200000	139.47634
7.5300000	139.94680
7.5400000	140.44935
7.5500000	140.64990
7.5600000	140.78329
7.5700000	140.82723
7.5800000	140.51609
7.5900000	140.18744
7.6000000	139.59774
7.6100000	139.05490
7.6200000	138.76444
7.6300000	138.54801
7.6400000	138.51278
7.6500000	138.47443
7.6600000	138.49571
7.6700000	138.56748
7.6800000	138.84829
7.6900000	139.29467
7.7000000	139.86135
7.7100000	140.53416
7.7200000	141.17634
7.7300000	141.82474
7.7400000	142.33119
7.7500000	142.87533
7.7600000	143.12675
7.7700000	143.05541
7.7800000	142.60492
7.7900000	141.71842
7.8000000	140.78124
7.8100000	139.90082
7.8200000	139.17508
7.8300000	138.54131
7.8400000	138.12242
7.8500000	137.71385
7.8600000	137.42871
7.8700000	137.20802
7.8800000	137.06529
7.8900000	136.94316
7.9000000	136.75664
7.9100000	136.75825
7.9200000	136.75752
7.9300000	136.65832
7.9400000	136.58049
7.9500000	136.44312
7.9600000	136.36076
7.9700000	136.44418
7.9800000	136.46280
7.9900000	136.47795
8.0000000	136.40474
8.0100000	136.29437
8.0200000	136.28208
8.0300000	136.27967
8.0400000	136.39618
8.0500000	136.42683
8.0600000	136.40742
8.0700000	136.42112
8.0800000	136.41658
8.0900000	136.52070
8.1000000	136.58989
8.1100000	136.51329
8.1200000	136.37007
8.1300000	136.24106
8.1400000	136.19413
8.1500000	136.17556
8.1600000	136.23697
8.1700000	136.21660
8.1800000	136.19370
8.1900000	136.30420
8.2000000	136.30380
8.2100000	136.41965
8.2200000	136.50003
8.2300000	136.60530
8.2400000	136.76363
8.2500000	137.00689
8.2600000	137.22330
8.2700000	137.55592
8.2800000	137.89473
8.2900000	138.28042
8.3000000	138.74327
8.3100000	139.23973
8.3200000	139.64397
8.3300000	140.00554
8.3400000	140.22966
8.3500000	140.43219
8.3600000	140.49618
8.3700000	140.29893
8.3800000	139.90281
8.3900000	139.29762
8.4000000	138.79207
8.4100000	138.28555
8.4200000	137.88454
8.4300000	137.50329
8.4400000	137.34261
8.4500000	137.16600
8.4600000	137.06299
8.4700000	137.01383
8.4800000	137.01947
8.4900000	137.10801
8.5000000	137.21291
8.5100000	137.27825
8.5200000	137.28575
8.5300000	137.36435
8.5400000	137.48951
8.5500000	137.76752
8.5600000	138.13337
8.5700000	138.64160
8.5800000	139.15821
8.5900000	139.64867
8.6000000	140.01495
8.6100000	140.26813
8.6200000	140.38890
8.6300000	140.23981
8.6400000	139.98121
8.6500000	139.56931
8.6600000	139.27710
8.6700000	139.06102
8.6800000	138.90911
8.6900000	138.92754
8.7000000	139.03150
8.7100000	139.19743
8.7200000	139.50213
8.7300000	140.00528
8.7400000	140.66862
8.7500000	141.48902
8.7600000	142.53993
8.7700000	143.58759
8.7800000	144.79449
8.7900000	145.69189
8.8000000	146.22185
8.8100000	146.37005
8.8200000	146.15793
8.8300000	145.77229
8.8400000	145.38132
8.8500000	144.99973
8.8600000	144.59348
8.8700000	144.15531
8.8800000	143.45549
8.8900000	142.68462
8.9000000	141.81523
8.9100000	141.08490
8.9200000	140.53415
8.9300000	140.10098
8.9400000	139.72197
8.9500000	139.51951
8.9600000	139.36576
8.9700000	139.28130
8.9800000	139.18351
8.9900000	139.11174
9.0000000	139.03749
9.0100000	139.02656
9.0200000	139.05145
9.0300000	139.07349
9.0400000	139.32402
9.0500000	139.57687
9.0600000	139.88473
9.0700000	140.20804
9.0800000	140.47960
9.0900000	140.73703
9.1000000	140.86022
9.1100000	140.82519
9.1200000	140.75131
9.1300000	140.59660
9.1400000	140.33345
9.1500000	140.23053
9.1600000	140.10258
9.1700000	140.03254
9.1800000	140.07458
9.1900000	140.12418
9.2000000	140.34670
9.2100000	140.74801
9.2200000	141.16659
9.2300000	141.71815
9.2400000	142.36227
9.2500000	142.94771
9.2600000	143.78829
9.2700000	144.48056
9.2800000	145.08927
9.2900000	145.54711
9.3000000	145.81372
9.3100000	145.77768
9.3200000	145.59527
9.3300000	145.28052
9.3400000	144.72350
9.3500000	144.11685
9.3600000	143.41056
9.3700000	142.75250
9.3800000	142.11238
9.3900000	141.43197
9.4000000	141.00139
9.4100000	140.51114
9.4200000	140.15588
9.4300000	139.95551
9.4400000	139.75606
9.4500000	139.65335
9.4600000	139.58020
9.4700000	139.45524
9.4800000	139.35502
9.4900000	139.31713
9.5000000	139.23442
9.5100000	139.38279
9.5200000	139.51902
9.5300000	139.67896
9.5400000	139.91057
9.5500000	140.02954
9.5600000	140.05357
9.5700000	140.09574
9.5800000	140.15927
9.5900000	140.13578
9.6000000	140.12609
9.6100000	139.89472
9.6200000	139.73251
9.6300000	139.68790
9.6400000	139.74219
9.6500000	139.88932
9.6600000	140.01862
9.6700000	140.20547
9.6800000	140.41221
9.6900000	140.74832
9.7000000	141.11018
9.7100000	141.52176
9.7200000	141.97914
9.7300000	142.34581
9.7400000	142.56047
9.7500000	142.57682
9.7600000	142.36003
9.7700000	142.01816
9.7800000	141.51380
9.7900000	141.00733
9.8000000	140.43020
9.8100000	140.13489
9.8200000	139.87035
9.8300000	139.64553
9.8400000	139.60464
9.8500000	139.53919
9.8600000	139.59507
9.8700000	139.56128
9.8800000	139.53578
9.8900000	139.51749
9.9000000	139.54657
9.9100000	139.59804
9.9200000	139.64486
9.9300000	139.68153
9.9400000	139.76064
9.9500000	139.81771
9.9600000	140.01872
9.9700000	140.13472
9.9800000	140.32915
9.9900000	140.48450
10.000000	140.62685
10.010000	140.83767
10.020000	140.99788
10.030000	141.19375
10.040000	141.38527
10.050000	141.44696
10.060000	141.46711
10.070000	141.50246
10.080000	141.51574
10.090000	141.53948
10.100000	141.59057
10.110000	141.78339
10.120000	142.11835
10.130000	142.51675
10.140000	142.96170
10.150000	143.58039
10.160000	144.22203
10.170000	144.86843
10.180000	145.59399
10.190000	146.19438
10.200000	146.72201
10.210000	146.82764
10.220000	146.58509
10.230000	146.22077
10.240000	145.77675
10.250000	145.40855
10.260000	145.06555
10.270000	144.72851
10.280000	144.48537
10.290000	144.26914
10.300000	144.07790
10.310000	143.94036
10.320000	143.79542
10.330000	143.77112
10.340000	143.90916
10.350000	144.16286
10.360000	144.50846
10.370000	144.83528
10.380000	145.17134
10.390000	145.61694
10.400000	146.14111
10.410000	146.88377
10.420000	147.75114
10.430000	148.64726
10.440000	149.45440
10.450000	150.16186
10.460000	150.68548
10.470000	150.93670
10.480000	150.87022
10.490000	150.31813
10.500000	149.68070
10.510000	148.95636
10.520000	148.32648
10.530000	147.85732
10.540000	147.59601
10.550000	147.55799
10.560000	147.83745
10.570000	148.25630
10.580000	148.84987
10.590000	149.59656
10.600000	150.44585
10.610000	151.26134
10.620000	151.98111
10.630000	152.54332
10.640000	152.64263
10.650000	152.45497
10.660000	151.92466
10.670000	151.22607
10.680000	150.37521
10.690000	149.43619
10.700000	148.58044
10.710000	147.89816
10.720000	147.31303
10.730000	146.90042
10.740000	146.37028
10.750000	145.98681
10.760000	145.79153
10.770000	145.57650
10.780000	145.54966
10.790000	145.35111
10.800000	145.28304
10.810000	145.29723
10.820000	145.24843
10.830000	145.20420
10.840000	145.17945
10.850000	144.99460
10.860000	145.01413
10.870000	145.08148
10.880000	145.17577
10.890000	145.31021
10.900000	145.32196
10.910000	145.40141
10.920000	145.49948
10.930000	145.57837
10.940000	145.62430
10.950000	145.68772
10.960000	145.86580
10.970000	146.07218
10.980000	146.35119
10.990000	146.61229
11.000000	146.89511
11.010000	147.25377
11.020000	147.68221
11.030000	148.16665
11.040000	148.59716
11.050000	148.97407
11.060000	149.29553
11.070000	149.52535
11.080000	149.68536
11.090000	149.82023
11.100000	149.89330
11.110000	149.92267
11.120000	149.72138
11.130000	149.38815
11.140000	148.86239
11.150000	148.37818
11.160000	147.93523
11.170000	147.68004
11.180000	147.39832
11.190000	147.20209
11.200000	147.11448
11.210000	147.16840
11.220000	147.29573
11.230000	147.33362
11.240000	147.42419
11.250000	147.62538
11.260000	147.98537
11.270000	148.40395
11.280000	148.65264
11.290000	148.84889
11.300000	149.07498
11.310000	149.22281
11.320000	149.26989
11.330000	149.07355
11.340000	148.74495
11.350000	148.43722
11.360000	148.09709
11.370000	147.83036
11.380000	147.69500
11.390000	147.55672
11.400000	147.55651
11.410000	147.67814
11.420000	147.78187
11.430000	148.02631
11.440000	148.14649
11.450000	148.25993
11.460000	148.38546
11.470000	148.33420
11.480000	148.22038
11.490000	147.97512
11.500000	147.72325
11.510000	147.52571
11.520000	147.37832
11.530000	147.18627
11.540000	147.07715
11.550000	146.98516
11.560000	146.92659
11.570000	146.97096
11.580000	146.98982
11.590000	147.04276
11.600000	147.07046
11.610000	146.97932
11.620000	147.00021
11.630000	147.06059
11.640000	147.11707
11.650000	147.29835
11.660000	147.32463
11.670000	147.39020
11.680000	147.45350
11.690000	147.55042
11.700000	147.71116
11.710000	147.84017
11.720000	147.93953
11.730000	148.13062
11.740000	148.32017
11.750000	148.67785
11.760000	148.99954
11.770000	149.24899
11.780000	149.52260
11.790000	149.85778
11.800000	150.23513
11.810000	150.71534
11.820000	151.20234
11.830000	151.75800
11.840000	152.34896
11.850000	152.80509
11.860000	153.17256
11.870000	153.47123
11.880000	153.61074
11.890000	153.64670
11.900000	153.43995
11.910000	153.21664
11.920000	152.95727
11.930000	152.59385
11.940000	152.22363
11.950000	151.86057
11.960000	151.63012
11.970000	151.42486
11.980000	151.31454
11.990000	151.10819
12.000000	151.13410
12.010000	151.11895
12.020000	151.26670
12.030000	151.30144
12.040000	151.48615
12.050000	151.73348
12.060000	151.99673
12.070000	152.22093
12.080000	152.51792
12.090000	152.71766
12.100000	153.02894
12.110000	153.32013
12.120000	153.54236
12.130000	153.75563
12.140000	153.86721
12.150000	153.96449
12.160000	154.00852
12.170000	154.18967
12.180000	154.54415
12.190000	155.00561
12.200000	155.48860
12.210000	156.04695
12.220000	156.63268
12.230000	157.15002
12.240000	157.74288
12.250000	158.12550
12.260000	158.35328
12.270000	158.32183
12.280000	158.09331
12.290000	157.79465
12.300000	157.30121
12.310000	156.85030
12.320000	156.37736
12.330000	155.92213
12.340000	155.33490
12.350000	154.93177
12.360000	154.59630
12.370000	154.35803
12.380000	154.13117
12.390000	153.98007
12.400000	153.92452
12.410000	153.87411
12.420000	153.82402
12.430000	153.86444
12.440000	153.95037
12.450000	154.14336
12.460000	154.33991
12.470000	154.40398
12.480000	154.49136
12.490000	154.55243
12.500000	154.63199
12.510000	154.71700
12.520000	154.67158
12.530000	154.70137
12.540000	154.68455
12.550000	154.60313
12.560000	154.61408
12.570000	154.47857
12.580000	154.51898
12.590000	154.59642
12.600000	154.75599
12.610000	155.03969
12.620000	155.29219
12.630000	155.47909
12.640000	155.59377
12.650000	155.62267
12.660000	155.62735
12.670000	155.58954
12.680000	155.39390
12.690000	155.22914
12.700000	154.89805
12.710000	154.66194
12.720000	154.50948
12.730000	154.40221
12.740000	154.37186
12.750000	154.27798
12.760000	154.12581
12.770000	154.12129
12.780000	154.19158
12.790000	154.37460
12.800000	154.56156
12.810000	154.65971
12.820000	154.81950
12.830000	154.87000
12.840000	155.05864
12.850000	155.39314
12.860000	155.67545
12.870000	155.89524
12.880000	155.87629
12.890000	155.85333
12.900000	155.94297
12.910000	155.76531
12.920000	155.69896
12.930000	155.48974
12.940000	155.43706
12.950000	155.54612
12.960000	155.67720
12.970000	155.81424
12.980000	156.03599
12.990000	156.06458
13.000000	156.23456
13.010000	156.31802
13.020000	156.41630
13.030000	156.49409
13.040000	156.39229
13.050000	156.22267
13.060000	155.94878
13.070000	155.60330
13.080000	155.34013
13.090000	155.15816
13.100000	155.10657
13.110000	155.01711
13.120000	154.92438
13.130000	154.76145
13.140000	154.70964
13.150000	154.65500
13.160000	154.71602
13.170000	154.79308
13.180000	154.88944
13.190000	155.01234
13.200000	155.07573
13.210000	155.17951
13.220000	155.22097
13.230000	155.34202
13.240000	155.45758
13.250000	155.51334
13.260000	155.66027
13.270000	155.72989
13.280000	155.82708
13.290000	155.94077
13.300000	156.05216
13.310000	156.08387
13.320000	156.11682
13.330000	156.24285
13.340000	156.50723
13.350000	156.70509
13.360000	156.88588
13.370000	157.06873
13.380000	157.29345
13.390000	157.57337
13.400000	157.82967
13.410000	158.04768
13.420000	158.26203
13.430000	158.39558
13.440000	158.44443
13.450000	158.44953
13.460000	158.29421
13.470000	158.04866
13.480000	157.77524
13.490000	157.48658
13.500000	157.36874
13.510000	157.16561
13.520000	157.07553
13.530000	157.09160
13.540000	157.10714
13.550000	157.14332
13.560000	157.15420
13.570000	157.28381
13.580000	157.44006
13.590000	157.61734
13.600000	157.75303
13.610000	157.90018
13.620000	158.05327
13.630000	158.22254
13.640000	158.31699
13.650000	158.31837
13.660000	158.25851
13.670000	158.26475
13.680000	158.39543
13.690000	158.57803
13.700000	158.71513
13.710000	158.93781
13.720000	159.15094
13.730000	159.46406
13.740000	159.79484
13.750000	160.01852
13.760000	160.16242
13.770000	160.19238
13.780000	160.12915
13.790000	160.16979
13.800000	160.05431
13.810000	159.87670
13.820000	159.64891
13.830000	159.44956
13.840000	159.48482
13.850000	159.53256
13.860000	159.58779
13.870000	159.56794
13.880000	159.60438
13.890000	159.75030
13.900000	159.83635
13.910000	159.94270
13.920000	160.09368
13.930000	160.19533
13.940000	160.40365
13.950000	160.49003
13.960000	160.60444
13.970000	160.68274
13.980000	160.81379
13.990000	160.99181
14.000000	161.11780
14.010000	161.22541
14.020000	161.46931
14.030000	161.68790
14.040000	161.97677
14.050000	162.27392
14.060000	162.60702
14.070000	163.05558
14.080000	163.33629
14.090000	163.70581
14.100000	164.05699
14.110000	164.35525
14.120000	164.56036
14.130000	164.72839
14.140000	164.78929
14.150000	164.86049
14.160000	164.65178
14.170000	164.52502
14.180000	164.20652
14.190000	163.84608
14.200000	163.53358
14.210000	163.16428
14.220000	163.00837
14.230000	162.78183
14.240000	162.62692
14.250000	162.42697
14.260000	162.30114
14.270000	162.28690
14.280000	162.16897
14.290000	162.09969
14.300000	162.11118
14.310000	162.22745
14.320000	162.38515
14.330000	162.45739
14.340000	162.42547
14.350000	162.40279
14.360000	162.38171
14.370000	162.41659
14.380000	162.39551
14.390000	162.34286
14.400000	162.36362
14.410000	162.38121
14.420000	162.48068
14.430000	162.56164
14.440000	162.64361
14.450000	162.73101
14.460000	162.78664
14.470000	162.77971
14.480000	162.76467
14.490000	162.72710
14.500000	162.69698
14.510000	162.53024
14.520000	162.31254
14.530000	162.08266
14.540000	161.96937
14.550000	161.96838
14.560000	161.91771
14.570000	161.99446
14.580000	161.99360
14.590000	162.00031
14.600000	162.02870
14.610000	162.06683
14.620000	162.17612
14.630000	162.16879
14.640000	162.17727
14.650000	162.06720
14.660000	162.14080
14.670000	162.21438
14.680000	162.31874
14.690000	162.39975
14.700000	162.56271
14.710000	162.80071
14.720000	162.98222
14.730000	163.12482
14.740000	163.20137
14.750000	163.28705
14.760000	163.44004
14.770000	163.68762
14.780000	163.88469
14.790000	164.09422
14.800000	164.28483
14.810000	164.48010
14.820000	164.58122
14.830000	164.62763
14.840000	164.63644
14.850000	164.63725
14.860000	164.64784
14.870000	164.56117
14.880000	164.52821
14.890000	164.37146
14.900000	164.21195
14.910000	164.11626
14.920000	164.00110
14.930000	163.96618
14.940000	163.99725
14.950000	163.90706
14.960000	163.91567
14.970000	163.78067
14.980000	163.83469
14.990000	164.02011
15.000000	164.14607
15.010000	164.32286
15.020000	164.41378
15.030000	164.54930
15.040000	164.68391
15.050000	164.70296
15.060000	164.71433
15.070000	164.73064
15.080000	164.77875
15.090000	164.82256
15.100000	164.77112
15.110000	164.86798
15.120000	164.88942
15.130000	164.94299
15.140000	165.03443
15.150000	165.13921
15.160000	165.28486
15.170000	165.25709
15.180000	165.25764
15.190000	165.35510
15.200000	165.31782
15.210000	165.34638
15.220000	165.25662
15.230000	165.23940
15.240000	165.17496
15.250000	164.99263
15.260000	164.95546
15.270000	164.84248
15.280000	164.88983
15.290000	164.86470
15.300000	164.80279
15.310000	164.87945
15.320000	164.91041
15.330000	165.12280
15.340000	165.08934
15.350000	165.05309
15.360000	165.15266
15.370000	165.26377
15.380000	165.41706
15.390000	165.42779
15.400000	165.51933
15.410000	165.66768
15.420000	165.78521
15.430000	165.89910
15.440000	165.89010
15.450000	165.95528
15.460000	166.04757
15.470000	166.16541
15.480000	166.33908
15.490000	166.59276
15.500000	166.80738
15.510000	166.99423
15.520000	167.14444
15.530000	167.23886
15.540000	167.36224
15.550000	167.35111
15.560000	167.38861
15.570000	167.33859
15.580000	167.33895
15.590000	167.23965
15.600000	167.24895
15.610000	167.31537
15.620000	167.44503
15.630000	167.51600
15.640000	167.61244
15.650000	167.69878
15.660000	167.81884
15.670000	167.89730
15.680000	167.96820
15.690000	168.05317
15.700000	168.13334
15.710000	168.26868
15.720000	168.32932
15.730000	168.35676
15.740000	168.41695
15.750000	168.44730
15.760000	168.50449
15.770000	168.57120
15.780000	168.57505
15.790000	168.60859
15.800000	168.59764
15.810000	168.68890
15.820000	168.73594
15.830000	168.78452
15.840000	168.77788
15.850000	168.72264
15.860000	168.70270
15.870000	168.68085
15.880000	168.79278
15.890000	168.90722
15.900000	168.98969
15.910000	168.95981
15.920000	168.89665
15.930000	168.96428
15.940000	169.06839
15.950000	169.16861
15.960000	169.23656
15.970000	169.19116
15.980000	169.25247
15.990000	169.29806
16.000000	169.47417
16.010000	169.58535
16.020000	169.65008
16.030000	169.75441
16.040000	169.79058
16.050000	169.94297
16.060000	170.04751
16.070000	170.15660
16.080000	170.32617
16.090000	170.37208
16.100000	170.46479
16.110000	170.49181
16.120000	170.63072
16.130000	170.81841
16.140000	170.87528
16.150000	170.99341
16.160000	171.02045
16.170000	171.17980
16.180000	171.30443
16.190000	171.39619
16.200000	171.44362
16.210000	171.35710
16.220000	171.29621
16.230000	171.19983
16.240000	171.10563
16.250000	170.97773
16.260000	170.86185
16.270000	170.79143
16.280000	170.59201
16.290000	170.53667
16.300000	170.43656
16.310000	170.50902
16.320000	170.55590
16.330000	170.54192
16.340000	170.52727
16.350000	170.48827
16.360000	170.51883
16.370000	170.60835
16.380000	170.62794
16.390000	170.67400
16.400000	170.66621
16.410000	170.82021
16.420000	170.95873
16.430000	171.03223
16.440000	171.02960
16.450000	170.99637
16.460000	170.99311
16.470000	171.05133
16.480000	171.09975
16.490000	171.12852
16.500000	171.16633
16.510000	171.24719
16.520000	171.30099
16.530000	171.26283
16.540000	171.22157
16.550000	171.27651
16.560000	171.41394
16.570000	171.56168
16.580000	171.59213
16.590000	171.49209
16.600000	171.32378
16.610000	171.24490
16.620000	171.24811
16.630000	171.28216
16.640000	171.31023
16.650000	171.33773
16.660000	171.39390
16.670000	171.39400
16.680000	171.33266
16.690000	171.32303
16.700000	171.34467
16.710000	171.44183
16.720000	171.48371
16.730000	171.57374
16.740000	171.65458
16.750000	171.74005
16.760000	171.93063
16.770000	172.00777
16.780000	172.13778
16.790000	172.17339
16.800000	172.28679
16.810000	172.43838
16.820000	172.53646
16.830000	172.60415
16.840000	172.58217
16.850000	172.69640
16.860000	172.88349
16.870000	172.99252
16.880000	173.04112
16.890000	172.92302
16.900000	172.90491
16.910000	172.88010
16.920000	172.96221
16.930000	172.90422
16.940000	172.79263
16.950000	172.78815
16.960000	172.85852
16.970000	173.10078
16.980000	173.20357
16.990000	173.22610
17.000000	173.18796
17.010000	173.14386
17.020000	173.23907
17.030000	173.28862
17.040000	173.39251
17.050000	173.41788
17.060000	173.42808
17.070000	173.49356
17.080000	173.53569
17.090000	173.67143
17.100000	173.71500
17.110000	173.79857
17.120000	173.78898
17.130000	173.84141
17.140000	173.91136
17.150000	173.93472
17.160000	174.02886
17.170000	174.03376
17.180000	174.07779
17.190000	174.10396
17.200000	174.12501
17.210000	174.11842
17.220000	174.05621
17.230000	174.07867
17.240000	173.93321
17.250000	173.92680
17.260000	173.87583
17.270000	173.96275
17.280000	173.98668
17.290000	173.99605
17.300000	173.98882
17.310000	173.97390
17.320000	173.93284
17.330000	173.91613
17.340000	173.87773
17.350000	173.89908
17.360000	173.87590
17.370000	173.90982
17.380000	173.91758
17.390000	173.96973
17.400000	174.10831
17.410000	174.23002
17.420000	174.38284
17.430000	174.43304
17.440000	174.50662
17.450000	174.53372
17.460000	174.53667
17.470000	174.54725
17.480000	174.62728
17.490000	174.69929
17.500000	174.68812
17.510000	174.73367
17.520000	174.77668
17.530000	174.77200
17.540000	174.86836
17.550000	174.98180
17.560000	175.04980
17.570000	175.10601
17.580000	175.06768
17.590000	175.07708
17.600000	175.04620
17.610000	175.06765
17.620000	175.07241
17.630000	175.09833
17.640000	175.17040
17.650000	175.13260
17.660000	175.15224
17.670000	175.14918
17.680000	175.23433
17.690000	175.29422
17.700000	175.36862
17.710000	175.48515
17.720000	175.52941
17.730000	175.63152
17.740000	175.65011
17.750000	175.78442
17.760000	175.77387
17.770000	175.77747
17.780000	175.71123
17.790000	175.64078
17.800000	175.69454
17.810000	175.71631
17.820000	175.91884
17.830000	176.00840
17.840000	176.05157
17.850000	175.99440
17.860000	176.04629
17.870000	176.12527
17.880000	176.09775
17.890000	176.04282
17.900000	175.99501
17.910000	176.05104
17.920000	176.08082
17.930000	176.10733
17.940000	176.17678
17.950000	176.25199
17.960000	176.43543
17.970000	176.45339
17.980000	176.56246
17.990000	176.55539
18.000000	176.58683
18.010000	176.65816
18.020000	176.69759
18.030000	176.82056
18.040000	176.89766
18.050000	176.97120
18.060000	177.03269
18.070000	177.09213
18.080000	177.20819
18.090000	177.20489
18.100000	177.30448
18.110000	177.32067
18.120000	177.45081
18.130000	177.42056
18.140000	177.47461
18.150000	177.44285
18.160000	177.46478
18.170000	177.48576
18.180000	177.55925
18.190000	177.71797
18.200000	177.71654
18.210000	177.61438
18.220000	177.62940
18.230000	177.62562
18.240000	177.60969
18.250000	177.50554
18.260000	177.44474
18.270000	177.42387
18.280000	177.48779
18.290000	177.48762
18.300000	177.54665
18.310000	177.55109
18.320000	177.52952
18.330000	177.52166
18.340000	177.46833
18.350000	177.47299
18.360000	177.52423
18.370000	177.49465
18.380000	177.48450
18.390000	177.53627
18.400000	177.59430
18.410000	177.64735
18.420000	177.72856
18.430000	177.80334
18.440000	177.79817
18.450000	177.76668
18.460000	177.77499
18.470000	177.93200
18.480000	177.98892
18.490000	178.03238
18.500000	177.86787
18.510000	177.80577
18.520000	177.79061
18.530000	177.82575
18.540000	177.84559
18.550000	177.83637
18.560000	177.94074
18.570000	177.86865
18.580000	177.81389
18.590000	177.74392
18.600000	177.79012
18.610000	177.89064
18.620000	177.85466
18.630000	177.91138
18.640000	177.82797
18.650000	177.87910
18.660000	177.89474
18.670000	177.98938
18.680000	178.05376
18.690000	178.05011
18.700000	178.15081
18.710000	178.15294
18.720000	178.28639
18.730000	178.27084
18.740000	178.38688
18.750000	178.40880
18.760000	178.51260
18.770000	178.46600
18.780000	178.47966
18.790000	178.60542
18.800000	178.73716
18.810000	178.85331
18.820000	178.80996
18.830000	178.80711
18.840000	178.78158
18.850000	178.84767
18.860000	178.84360
18.870000	178.83117
18.880000	178.80263
18.890000	178.82067
18.900000	178.95764
18.910000	178.98222
18.920000	179.11583
18.930000	179.12793
18.940000	179.17858
18.950000	179.09604
18.960000	179.17405
18.970000	179.25031
18.980000	179.33998
18.990000	179.27087
19.000000	179.28216
19.010000	179.43245
19.020000	179.56108
19.030000	179.67172
19.040000	179.70542
19.050000	179.68980
19.060000	179.68049
19.070000	179.63814
19.080000	179.69252
19.090000	179.77581
19.100000	179.81481
19.110000	179.75732
19.120000	179.70109
19.130000	179.76149
19.140000	179.72689
19.150000	179.70228
19.160000	179.53369
19.170000	179.60421
19.180000	179.62776
19.190000	179.70542
19.200000	179.69148
19.210000	179.67910
19.220000	179.66107
19.230000	179.68086
19.240000	179.77572
19.250000	179.81436
19.260000	179.84354
19.270000	179.71336
19.280000	179.63972
19.290000	179.61951
19.300000	179.62020
19.310000	179.65149
19.320000	179.60420
19.330000	179.61931
19.340000	179.60313
19.350000	179.65430
19.360000	179.67355
19.370000	179.76714
19.380000	179.75110
19.390000	179.76033
19.400000	179.76307
19.410000	179.84609
19.420000	179.84671
19.430000	179.90141
19.440000	179.93050
19.450000	179.93553
19.460000	180.00309
19.470000	180.00808
19.480000	180.02932
19.490000	179.91909
19.500000	179.95417
19.510000	179.91931
19.520000	179.87511
19.530000	179.82346
19.540000	179.83822
19.550000	179.88874
19.560000	179.87417
19.570000	179.88629
19.580000	179.90603
19.590000	179.99662
19.600000	180.02956
19.610000	180.11454
19.620000	180.12127
19.630000	180.13382
19.640000	180.09730
19.650000	180.06656
19.660000	180.04111
19.670000	180.04429
19.680000	180.08968
19.690000	180.07919
19.700000	180.08846
19.710000	180.07087
19.720000	180.04597
19.730000	180.06826
19.740000	180.11872
19.750000	180.19128
19.760000	180.18352
19.770000	180.07490
19.780000	179.95343
19.790000	180.00558
19.800000	180.04462
19.810000	180.11943
19.820000	180.16931
19.830000	180.20064
19.840000	180.21648
19.850000	180.17494
19.860000	180.22457
19.870000	180.21432
19.880000	180.24656
19.890000	180.17381
19.900000	180.23807
19.910000	180.22166
19.920000	180.26555
19.930000	180.32369
19.940000	180.39022
19.950000	180.47327
19.960000	180.42193
19.970000	180.40077
19.980000	180.29198
19.990000	180.39428
20.000000	180.37672
20.010000	180.49532
20.020000	180.53224
20.030000	180.61049
20.040000	180.61417
20.050000	180.60474
20.060000	180.54883
20.070000	180.48359
20.080000	180.47990
20.090000	180.54818
20.100000	180.65524
20.110000	180.66080
20.120000	180.62921
20.130000	180.57432
20.140000	180.60632
20.150000	180.56961
20.160000	180.58404
20.170000	180.61228
20.180000	180.57948
20.190000	180.58765
20.200000	180.58940
20.210000	180.66023
20.220000	180.67905
20.230000	180.69727
20.240000	180.60247
20.250000	180.61698
20.260000	180.66754
20.270000	180.62993
20.280000	180.63754
20.290000	180.63495
20.300000	180.70976
20.310000	180.69664
20.320000	180.62857
20.330000	180.62611
20.340000	180.73527
20.350000	180.84285
20.360000	180.89607
20.370000	180.89561
20.380000	180.84277
20.390000	180.77318
20.400000	180.92284
20.410000	180.97391
20.420000	180.92912
20.430000	180.82327
20.440000	180.79145
20.450000	180.77632
20.460000	180.79868
20.470000	180.80045
20.480000	180.75181
20.490000	180.81338
20.500000	180.78646
20.510000	180.87031
20.520000	180.91075
20.530000	180.97535
20.540000	181.03487
20.550000	181.08841
20.560000	181.02534
20.570000	180.99771
20.580000	181.05770
20.590000	181.07594
20.600000	180.97920
20.610000	180.97250
20.620000	180.98168
20.630000	181.02931
20.640000	181.05262
20.650000	180.99789
20.660000	180.98277
20.670000	181.00109
20.680000	181.06369
20.690000	181.05615
20.700000	180.95533
20.710000	180.96052
20.720000	181.04481
20.730000	181.01039
20.740000	181.07570
20.750000	181.09111
20.760000	181.16782
20.770000	181.10786
20.780000	181.05272
20.790000	181.03747
20.800000	181.09851
20.810000	181.09620
20.820000	181.09783
20.830000	181.02636
20.840000	180.95805
20.850000	180.94564
20.860000	180.97616
20.870000	181.04233
20.880000	181.04340
20.890000	181.08915
20.900000	181.10261
20.910000	181.14341
20.920000	181.10935
20.930000	181.11322
20.940000	181.04487
20.950000	181.06590
20.960000	181.05229
20.970000	181.18953
20.980000	181.26414
20.990000	181.16030
21.000000	181.04194
21.010000	180.99113
21.020000	181.06348
21.030000	181.04109
21.040000	181.03364
21.050000	181.02726
21.060000	181.10100
21.070000	181.09478
21.080000	181.16861
21.090000	181.13620
21.100000	181.14008
21.110000	181.06292
21.120000	181.11749
21.130000	181.11251
21.140000	181.15440
21.150000	181.14544
21.160000	181.08717
21.170000	181.08708
21.180000	181.10210
21.190000	181.21932
21.200000	181.30593
21.210000	181.36209
21.220000	181.32201
21.230000	181.24377
21.240000	181.23163
21.250000	181.27001
21.260000	181.23996
21.270000	181.25833
21.280000	181.16882
21.290000	181.18553
21.300000	181.16614
21.310000	181.29495
21.320000	181.29683
21.330000	181.27114
21.340000	181.17644
21.350000	181.26241
21.360000	181.30974
21.370000	181.29360
21.380000	181.25186
21.390000	181.26147
21.400000	181.18426
21.410000	181.15445
21.420000	181.21119
21.430000	181.22106
21.440000	181.24548
21.450000	181.23797
21.460000	181.14189
21.470000	181.06191
21.480000	181.01227
21.490000	181.07673
21.500000	181.14423
21.510000	181.23465
21.520000	181.29032
21.530000	181.21892
21.540000	181.11378
21.550000	180.97339
21.560000	181.01412
21.570000	181.09949
21.580000	181.09709
21.590000	181.03871
21.600000	181.12381
21.610000	181.09882
21.620000	181.08356
21.630000	181.03879
21.640000	180.95231
21.650000	180.88853
21.660000	180.84334
21.670000	180.86710
21.680000	180.85376
21.690000	180.86975
21.700000	180.87024
21.710000	180.87474
21.720000	180.89109
21.730000	180.89237
21.740000	180.91938
21.750000	180.87400
21.760000	180.83900
21.770000	180.81195
21.780000	180.75029
21.790000	180.67309
21.800000	180.72252
21.810000	180.75284
21.820000	180.82018
21.830000	180.83292
21.840000	180.91758
21.850000	180.93921
21.860000	180.96803
21.870000	180.88744
21.880000	180.85542
21.890000	180.83755
21.900000	180.79326
21.910000	180.83889
21.920000	180.86274
21.930000	180.79049
21.940000	180.73453
21.950000	180.66635
21.960000	180.61282
21.970000	180.52826
21.980000	180.51690
21.990000	180.51006
22.000000	180.47930
22.010000	180.49104
22.020000	180.54124
22.030000	180.63597
22.040000	180.61963
22.050000	180.54352
22.060000	180.49036
22.070000	180.45177
22.080000	180.33207
22.090000	180.28487
22.100000	180.39861
22.110000	180.40766
22.120000	180.33824
22.130000	180.41158
22.140000	180.44546
22.150000	180.42557
22.160000	180.30512
22.170000	180.36940
22.180000	180.42687
22.190000	180.48965
22.200000	180.33706
22.210000	180.25167
22.220000	180.15570
22.230000	180.28430
22.240000	180.35592
22.250000	180.37174
22.260000	180.26877
22.270000	180.25998
22.280000	180.17912
22.290000	180.23682
22.300000	180.30002
22.310000	180.37195
22.320000	180.36849
22.330000	180.35065
22.340000	180.24574
22.350000	180.16400
22.360000	180.11559
22.370000	180.18152
22.380000	180.16018
22.390000	180.18026
22.400000	180.09793
22.410000	180.02281
22.420000	180.03594
22.430000	180.14054
22.440000	180.07893
22.450000	180.07189
22.460000	179.96586
22.470000	179.99482
22.480000	180.00681
22.490000	180.01484
22.500000	179.98885
22.510000	180.05205
22.520000	180.11486
22.530000	180.10288
22.540000	180.13172
22.550000	180.17703
22.560000	180.14234
22.570000	180.09808
22.580000	180.07826
22.590000	180.06073
22.600000	180.03676
22.610000	180.01987
22.620000	179.98515
22.630000	179.89761
22.640000	179.87027
22.650000	179.93246
22.660000	179.91319
22.670000	179.89207
22.680000	179.78043
22.690000	179.75396
22.700000	179.77865
22.710000	179.78596
22.720000	179.77054
22.730000	179.80896
22.740000	179.79304
22.750000	179.76527
22.760000	179.70014
22.770000	179.71238
22.780000	179.77185
22.790000	179.85261
22.800000	179.79314
22.810000	179.68404
22.820000	179.65729
22.830000	179.74456
22.840000	179.71423
22.850000	179.70746
22.860000	179.59900
22.870000	179.47387
22.880000	179.39469
22.890000	179.40133
22.900000	179.47161
22.910000	179.48959
22.920000	179.53861
22.930000	179.43631
22.940000	179.27656
22.950000	179.17651
22.960000	179.28919
22.970000	179.36989
22.980000	179.39532
22.990000	179.35765
23.000000	179.31976
23.010000	179.19451
23.020000	179.16400
23.030000	179.19090
23.040000	179.28507
23.050000	179.24838
23.060000	179.18283
23.070000	179.15054
23.080000	179.20030
23.090000	179.17133
23.100000	179.10862
23.110000	179.12397
23.120000	179.13345
23.130000	179.06003
23.140000	179.07157
23.150000	179.03673
23.160000	178.98019
23.170000	178.92825
23.180000	178.92306
23.190000	178.88271
23.200000	178.85882
23.210000	178.90052
23.220000	178.93236
23.230000	178.91370
23.240000	178.84515
23.250000	178.86775
23.260000	178.92270
23.270000	178.82840
23.280000	178.74854
23.290000	178.69481
23.300000	178.69846
23.310000	178.75067
23.320000	178.75700
23.330000	178.65805
23.340000	178.60872
23.350000	178.63061
23.360000	178.61090
23.370000	178.57808
23.380000	178.49006
23.390000	178.57556
23.400000	178.60385
23.410000	178.61025
23.420000	178.58594
23.430000	178.55658
23.440000	178.51300
23.450000	178.52068
23.460000	178.46685
23.470000	178.37877
23.480000	178.36536
23.490000	178.43912
23.500000	178.47881
23.510000	178.42660
23.520000	178.39621
23.530000	178.35811
23.540000	178.32135
23.550000	178.27520
23.560000	178.32266
23.570000	178.35629
23.580000	178.37401
23.590000	178.27351
23.600000	178.20668
23.610000	178.16791
23.620000	178.10584
23.630000	178.14026
23.640000	178.14297
23.650000	178.05118
23.660000	177.99096
23.670000	178.05130
23.680000	178.08272
23.690000	178.01650
23.700000	177.94267
23.710000	177.90789
23.720000	177.94503
23.730000	178.00262
23.740000	178.02761
23.750000	177.93643
23.760000	177.83304
23.770000	177.87648
23.780000	177.88011
23.790000	177.88583
23.800000	177.74093
23.810000	177.72683
23.820000	177.76696
23.830000	177.78518
23.840000	177.65377
23.850000	177.62586
23.860000	177.60935
23.870000	177.53620
23.880000	177.40439
23.890000	177.44799
23.900000	177.51061
23.910000	177.50205
23.920000	177.47211
23.930000	177.50563
23.940000	177.55329
23.950000	177.51875
23.960000	177.49416
23.970000	177.43301
23.980000	177.37492
23.990000	177.30959
24.000000	177.22008
24.010000	177.12432
24.020000	177.05975
24.030000	177.06703
24.040000	177.04102
24.050000	176.97258
24.060000	176.88850
24.070000	176.94194
24.080000	176.95799
24.090000	176.94302
24.100000	176.93753
24.110000	176.95892
24.120000	176.98485
24.130000	177.01449
24.140000	176.96485
24.150000	176.85279
24.160000	176.73507
24.170000	176.73163
24.180000	176.72811
24.190000	176.75985
24.200000	176.74381
24.210000	176.66709
24.220000	176.59578
24.230000	176.52138
24.240000	176.57467
24.250000	176.54576
24.260000	176.50860
24.270000	176.35608
24.280000	176.36809
24.290000	176.49929
24.300000	176.52834
24.310000	176.53007
24.320000	176.41492
24.330000	176.28446
24.340000	176.28954
24.350000	176.33845
24.360000	176.22291
24.370000	176.13596
24.380000	176.08415
24.390000	176.16473
24.400000	176.20580
24.410000	176.20642
24.420000	176.17374
24.430000	176.09844
24.440000	176.03928
24.450000	176.01902
24.460000	175.96807
24.470000	175.95984
24.480000	175.99477
24.490000	176.05005
24.500000	175.99010
24.510000	175.88288
24.520000	175.85702
24.530000	175.80471
24.540000	175.64693
24.550000	175.68498
24.560000	175.72371
24.570000	175.61053
24.580000	175.60779
24.590000	175.70732
24.600000	175.68625
24.610000	175.63873
24.620000	175.44374
24.630000	175.48261
24.640000	175.50431
24.650000	175.47809
24.660000	175.39390
24.670000	175.21208
24.680000	175.23283
24.690000	175.30273
24.700000	175.32596
24.710000	175.29623
24.720000	175.25058
24.730000	175.17142
24.740000	175.07792
24.750000	175.13689
24.760000	175.10625
24.770000	175.04908
24.780000	174.99532
24.790000	174.91994
24.800000	174.86730
24.810000	174.88452
24.820000	174.92066
24.830000	174.89228
24.840000	174.76360
24.850000	174.68194
24.860000	174.74665
24.870000	174.80099
24.880000	174.71751
24.890000	174.74439
24.900000	174.75358
24.910000	174.71199
24.920000	174.66280
24.930000	174.61053
24.940000	174.60754
24.950000	174.61198
24.960000	174.58371
24.970000	174.57093
24.980000	174.49834
24.990000	174.36587
25.000000	174.38148
25.010000	174.39960
25.020000	174.34387
25.030000	174.25884
25.040000	174.26912
25.050000	174.23843
25.060000	174.14942
25.070000	174.08866
25.080000	174.11365
25.090000	174.11391
25.100000	174.08325
25.110000	174.17069
25.120000	174.11983
25.130000	173.99797
25.140000	173.90652
25.150000	173.97363
25.160000	174.06365
25.170000	174.00959
25.180000	173.92054
25.190000	173.88678
25.200000	173.87340
25.210000	173.71152
25.220000	173.56771
25.230000	173.54426
25.240000	173.52038
25.250000	173.55231
25.260000	173.52837
25.270000	173.40538
25.280000	173.30236
25.290000	173.29744
25.300000	173.39148
25.310000	173.44943
25.320000	173.37403
25.330000	173.30621
25.340000	173.17580
25.350000	173.07828
25.360000	173.04844
25.370000	173.04568
25.380000	173.05639
25.390000	173.05369
25.400000	173.06989
25.410000	173.08093
25.420000	173.02248
25.430000	172.96907
25.440000	172.94557
25.450000	172.93537
25.460000	172.76789
25.470000	172.65708
25.480000	172.76169
25.490000	172.78681
25.500000	172.83362
25.510000	172.83425
25.520000	172.80059
25.530000	172.70627
25.540000	172.67126
25.550000	172.74468
25.560000	172.62323
25.570000	172.43702
25.580000	172.35874
25.590000	172.40624
25.600000	172.48580
25.610000	172.44579
25.620000	172.38855
25.630000	172.33559
25.640000	172.27721
25.650000	172.21632
25.660000	172.16885
25.670000	172.11470
25.680000	172.14448
25.690000	172.07225
25.700000	171.88412
25.710000	171.76201
25.720000	171.76352
25.730000	171.69819
25.740000	171.70980
25.750000	171.78010
25.760000	171.71884
25.770000	171.69504
25.780000	171.70344
25.790000	171.73677
25.800000	171.61698
25.810000	171.46865
25.820000	171.43357
25.830000	171.43693
25.840000	171.41939
25.850000	171.40713
25.860000	171.43728
25.870000	171.43475
25.880000	171.40987
25.890000	171.35465
25.900000	171.38518
25.910000	171.37462
25.920000	171.19377
25.930000	171.12706
25.940000	171.22806
25.950000	171.17537
25.960000	171.06186
25.970000	170.96277
25.980000	170.98886
25.990000	170.99840
26.000000	170.91052
26.010000	170.90199
26.020000	170.98133
26.030000	170.92046
26.040000	170.81601
26.050000	170.85567
26.060000	170.94821
26.070000	170.89418
26.080000	170.70041
26.090000	170.54526
26.100000	170.50850
26.110000	170.54544
26.120000	170.49607
26.130000	170.38481
26.140000	170.34113
26.150000	170.37083
26.160000	170.45248
26.170000	170.45629
26.180000	170.41010
26.190000	170.26131
26.200000	170.14636
26.210000	170.14687
26.220000	170.14210
26.230000	170.07327
26.240000	170.04994
26.250000	169.95247
26.260000	169.81108
26.270000	169.77730
26.280000	169.71787
26.290000	169.68629
26.300000	169.74720
26.310000	169.74864
26.320000	169.61401
26.330000	169.54711
26.340000	169.63500
26.350000	169.56955
26.360000	169.48177
26.370000	169.54262
26.380000	169.68053
26.390000	169.59606
26.400000	169.39549
26.410000	169.33098
26.420000	169.28130
26.430000	169.20508
26.440000	169.22475
26.450000	169.21689
26.460000	169.19799
26.470000	169.13978
26.480000	169.09136
26.490000	169.05892
26.500000	169.08553
26.510000	168.97845
26.520000	168.85586
26.530000	168.89580
26.540000	168.80882
26.550000	168.70602
26.560000	168.71960
26.570000	168.65344
26.580000	168.61086
26.590000	168.67033
26.600000	168.63246
26.610000	168.59689
26.620000	168.62732
26.630000	168.50372
26.640000	168.44767
26.650000	168.48003
26.660000	168.46448
26.670000	168.43162
26.680000	168.41921
26.690000	168.30572
26.700000	168.10658
26.710000	168.03951
26.720000	168.00520
26.730000	168.07174
26.740000	168.12480
26.750000	168.09021
26.760000	168.07965
26.770000	167.92726
26.780000	167.76918
26.790000	167.70796
26.800000	167.68751
26.810000	167.61550
26.820000	167.66137
26.830000	167.73912
26.840000	167.81330
26.850000	167.66309
26.860000	167.54508
26.870000	167.48291
26.880000	167.44456
26.890000	167.48580
26.900000	167.43072
26.910000	167.28774
26.920000	167.23997
26.930000	167.15549
26.940000	167.08841
26.950000	167.10762
26.960000	167.11145
26.970000	167.11979
26.980000	167.08114
26.990000	167.05859
27.000000	167.05481
27.010000	167.00209
27.020000	166.85560
27.030000	166.73662
27.040000	166.82168
27.050000	166.84726
27.060000	166.77309
27.070000	166.75667
27.080000	166.76415
27.090000	166.64060
27.100000	166.51095
27.110000	166.47088
27.120000	166.50023
27.130000	166.55377
27.140000	166.42994
27.150000	166.30626
27.160000	166.15911
27.170000	166.09047
27.180000	166.06886
27.190000	166.06257
27.200000	166.18949
27.210000	166.18929
27.220000	166.05696
27.230000	165.93275
27.240000	165.96664
27.250000	165.83790
27.260000	165.71820
27.270000	165.71463
27.280000	165.69569
27.290000	165.68402
27.300000	165.70895
27.310000	165.63189
27.320000	165.57879
27.330000	165.52707
27.340000	165.42207
27.350000	165.47598
27.360000	165.49403
27.370000	165.48151
27.380000	165.45821
27.390000	165.32095
27.400000	165.20827
27.410000	165.16167
27.420000	165.16807
27.430000	165.12322
27.440000	165.04977
27.450000	165.00467
27.460000	164.98649
27.470000	164.98241
27.480000	165.05225
27.490000	164.97499
27.500000	164.82066
27.510000	164.60978
27.520000	164.51532
27.530000	164.67174
27.540000	164.71116
27.550000	164.72301
27.560000	164.77279
27.570000	164.70632
27.580000	164.60131
27.590000	164.51809
27.600000	164.51331
27.610000	164.49544
27.620000	164.46287
27.630000	164.33918
27.640000	164.27877
27.650000	164.21365
27.660000	164.09515
27.670000	164.09833
27.680000	164.11793
27.690000	163.93464
27.700000	163.88744
27.710000	164.09515
27.720000	164.01643
27.730000	163.79799
27.740000	163.75177
27.750000	163.79169
27.760000	163.83310
27.770000	163.88441
27.780000	163.88850
27.790000	163.76132
27.800000	163.55387
27.810000	163.50742
27.820000	163.47012
27.830000	163.42670
27.840000	163.49018
27.850000	163.49106
27.860000	163.34621
27.870000	163.34685
27.880000	163.35675
27.890000	163.31056
27.900000	163.20249
27.910000	163.13715
27.920000	163.09639
27.930000	163.03726
27.940000	163.00970
27.950000	162.94505
27.960000	162.86399
27.970000	162.64348
27.980000	162.68042
27.990000	162.71920
28.000000	162.78368
28.010000	162.75087
28.020000	162.59388
28.030000	162.53174
28.040000	162.56599
28.050000	162.59858
28.060000	162.59307
28.070000	162.50664
28.080000	162.39188
28.090000	162.41940
28.100000	162.36100
28.110000	162.20482
28.120000	162.20555
28.130000	162.21934
28.140000	162.15236
28.150000	162.06884
28.160000	161.91583
28.170000	161.84545
28.180000	161.90854
28.190000	161.89036
28.200000	161.85076
28.210000	161.85558
28.220000	161.82828
28.230000	161.78537
28.240000	161.85244
28.250000	161.85975
28.260000	161.69595
28.270000	161.52159
28.280000	161.50565
28.290000	161.49929
28.300000	161.44317
28.310000	161.37227
28.320000	161.34912
28.330000	161.22277
28.340000	161.12538
28.350000	161.08795
28.360000	161.12006
28.370000	161.05968
28.380000	161.07752
28.390000	161.10659
28.400000	161.02057
28.410000	160.98426
28.420000	161.03332
28.430000	161.03362
28.440000	160.96890
28.450000	160.83053
28.460000	160.73709
28.470000	160.75788
28.480000	160.71876
28.490000	160.61741
28.500000	160.63863
28.510000	160.70012
28.520000	160.58005
28.530000	160.42075
28.540000	160.36031
28.550000	160.38084
28.560000	160.43834
28.570000	160.31375
28.580000	160.30038
28.590000	160.34381
28.600000	160.16597
28.610000	160.05256
28.620000	160.14746
28.630000	160.13084
28.640000	159.98020
28.650000	159.91860
28.660000	159.84858
28.670000	159.65415
28.680000	159.52701
28.690000	159.64599
28.700000	159.63335
28.710000	159.55409
28.720000	159.46371
28.730000	159.38906
28.740000	159.53609
28.750000	159.55995
28.760000	159.49156
28.770000	159.50221
28.780000	159.41391
28.790000	159.20498
28.800000	159.08468
28.810000	158.99911
28.820000	159.11708
28.830000	159.19173
28.840000	159.15967
28.850000	159.11434
28.860000	159.09815
28.870000	159.07385
28.880000	158.96535
28.890000	158.83343
28.900000	158.81620
28.910000	158.81554
28.920000	158.80376
28.930000	158.70738
28.940000	158.59457
28.950000	158.46058
28.960000	158.49569
28.970000	158.45091
28.980000	158.35108
28.990000	158.29849
29.000000	158.20731
29.010000	158.24824
29.020000	158.16954
29.030000	158.11021
29.040000	158.18050
29.050000	158.20248
29.060000	158.13333
29.070000	157.99114
29.080000	158.04756
29.090000	158.06977
29.100000	157.92300
29.110000	157.84600
29.120000	157.74939
29.130000	157.70183
29.140000	157.76072
29.150000	157.79515
29.160000	157.67332
29.170000	157.51557
29.180000	157.52490
29.190000	157.55815
29.200000	157.47444
29.210000	157.32324
29.220000	157.46769
29.230000	157.48976
29.240000	157.22957
29.250000	157.12715
29.260000	157.15490
29.270000	157.17161
29.280000	157.05511
29.290000	157.08786
29.300000	157.08562
29.310000	157.02824
29.320000	157.07483
29.330000	157.01724
29.340000	156.92199
29.350000	156.90238
29.360000	156.84314
29.370000	156.67879
29.380000	156.56146
29.390000	156.42526
29.400000	156.28526
29.410000	156.34228
29.420000	156.46876
29.430000	156.42025
29.440000	156.33936
29.450000	156.25834
29.460000	156.36632
29.470000	156.33394
29.480000	156.28137
29.490000	156.14972
29.500000	156.00413
29.510000	156.05791
29.520000	156.01436
29.530000	155.89063
29.540000	155.77646
29.550000	155.78628
29.560000	155.88173
29.570000	155.76424
29.580000	155.67814
29.590000	155.62558
29.600000	155.57233
29.610000	155.68706
29.620000	155.69598
29.630000	155.62317
29.640000	155.48617
29.650000	155.47177
29.660000	155.55282
29.670000	155.45380
29.680000	155.37378
29.690000	155.31284
29.700000	155.25480
29.710000	155.13781
29.720000	155.08147
29.730000	155.02016
29.740000	155.08174
29.750000	155.00696
29.760000	154.81780
29.770000	154.78061
29.780000	154.87302
29.790000	154.91285
29.800000	154.66420
29.810000	154.52186
29.820000	154.59609
29.830000	154.49038
29.840000	154.52332
29.850000	154.52080
29.860000	154.42426
29.870000	154.37771
29.880000	154.29015
29.890000	154.25685
29.900000	154.20864
29.910000	154.12242
29.920000	154.08674
29.930000	154.16932
29.940000	154.17479
29.950000	154.13256
29.960000	154.01347
29.970000	153.87016
29.980000	153.96664
29.990000	153.93674
30.000000	153.80657
30.010000	153.80919
30.020000	153.83346
30.030000	153.80577
30.040000	153.75528
30.050000	153.50764
30.060000	153.35229
30.070000	153.46559
30.080000	153.53207
30.090000	153.41357
30.100000	153.39133
30.110000	153.46621
30.120000	153.37750
30.130000	153.14105
30.140000	153.10813
30.150000	153.10164
30.160000	152.98169
30.170000	153.01235
30.180000	153.02098
30.190000	152.84750
30.200000	152.88137
30.210000	152.81638
30.220000	152.67839
30.230000	152.71099
30.240000	152.67117
30.250000	152.69321
30.260000	152.66471
30.270000	152.72912
30.280000	152.74094
30.290000	152.53940
30.300000	152.45708
30.310000	152.47261
30.320000	152.30257
30.330000	152.25916
30.340000	152.35756
30.350000	152.17149
30.360000	152.19070
30.370000	152.33598
30.380000	152.23462
30.390000	152.10622
30.400000	152.07375
30.410000	152.04472
30.420000	151.98350
30.430000	151.95615
30.440000	151.85134
30.450000	151.59841
30.460000	151.68976
30.470000	151.85812
30.480000	151.65469
30.490000	151.65289
30.500000	151.71674
30.510000	151.50062
30.520000	151.33953
30.530000	151.37773
30.540000	151.45845
30.550000	151.44031
30.560000	151.35053
30.570000	151.18373
30.580000	151.20409
30.590000	151.24948
30.600000	151.11122
30.610000	151.07452
30.620000	151.02804
30.630000	150.99212
30.640000	151.02436
30.650000	150.96946
30.660000	150.78090
30.670000	150.78974
30.680000	150.79028
30.690000	150.78240
30.700000	150.82348
30.710000	150.67875
30.720000	150.50772
30.730000	150.37403
30.740000	150.41170
30.750000	150.44746
30.760000	150.47108
30.770000	150.39419
30.780000	150.33298
30.790000	150.18144
30.800000	150.16432
30.810000	150.15597
30.820000	150.06869
30.830000	150.03833
30.840000	149.98645
30.850000	150.07664
30.860000	150.05293
30.870000	149.94291
30.880000	149.92318
30.890000	149.95455
30.900000	149.85176
30.910000	149.67500
30.920000	149.48750
30.930000	149.52385
30.940000	149.43641
30.950000	149.32688
30.960000	149.24197
30.970000	149.27925
30.980000	149.32201
30.990000	149.27388
31.000000	149.40055
31.010000	149.27907
31.020000	149.20159
31.030000	149.16500
31.040000	149.09744
31.050000	149.02605
31.060000	149.02372
31.070000	148.93203
31.080000	148.87861
31.090000	148.84847
31.100000	148.82936
31.110000	148.68512
31.120000	148.78399
31.130000	148.81475
31.140000	148.70326
31.150000	148.59055
31.160000	148.63966
31.170000	148.65194
31.180000	148.56299
31.190000	148.46369
31.200000	148.52898
31.210000	148.57114
31.220000	148.43340
31.230000	148.25359
31.240000	148.16519
31.250000	148.07269
31.260000	148.12384
31.270000	148.09141
31.280000	148.01602
31.290000	147.90968
31.300000	147.92183
31.310000	148.01494
31.320000	147.91943
31.330000	147.77826
31.340000	147.91874
31.350000	147.97091
31.360000	147.76392
31.370000	147.59360
31.380000	147.70399
31.390000	147.64538
31.400000	147.46704
31.410000	147.37137
31.420000	147.45962
31.430000	147.48605
31.440000	147.42554
31.450000	147.40095
31.460000	147.22199
31.470000	147.35045
31.480000	147.27404
31.490000	146.96825
31.500000	146.91612
31.510000	147.15098
31.520000	147.09998
31.530000	147.02803
31.540000	147.03408
31.550000	146.85695
31.560000	146.85347
31.570000	146.87110
31.580000	146.87880
31.590000	146.90009
31.600000	146.71334
31.610000	146.55665
31.620000	146.57853
31.630000	146.62607
31.640000	146.44756
31.650000	146.32858
31.660000	146.23911
31.670000	146.17214
31.680000	146.27899
31.690000	146.22650
31.700000	146.13813
31.710000	146.08253
31.720000	146.00529
31.730000	146.12843
31.740000	146.18160
31.750000	146.01494
31.760000	145.91528
31.770000	145.65763
31.780000	145.70506
31.790000	145.78487
31.800000	145.60891
31.810000	145.33768
31.820000	145.45885
31.830000	145.46449
31.840000	145.45045
31.850000	145.31949
31.860000	145.25934
31.870000	145.33833
31.880000	145.51021
31.890000	145.34981
31.900000	145.36105
31.910000	145.38166
31.920000	145.20462
31.930000	145.16570
31.940000	145.03366
31.950000	145.05111
31.960000	145.10283
31.970000	144.94182
31.980000	144.89329
31.990000	144.86858
32.000000	144.82679
32.010000	144.84746
32.020000	144.82669
32.030000	144.93685
32.040000	144.80195
32.050000	144.55284
32.060000	144.51094
32.070000	144.46690
32.080000	144.49836
32.090000	144.42049
32.100000	144.22426
32.110000	144.22546
32.120000	144.22402
32.130000	144.24369
32.140000	144.21726
32.150000	144.10661
32.160000	144.16344
32.170000	144.17226
32.180000	144.16037
32.190000	143.93524
32.200000	143.98088
32.210000	144.04436
32.220000	143.93714
32.230000	143.92794
32.240000	143.92991
32.250000	143.70992
32.260000	143.65157
32.270000	143.76224
32.280000	143.87906
32.290000	143.76483
32.300000	143.58371
32.310000	143.38938
32.320000	143.50950
32.330000	143.51782
32.340000	143.36976
32.350000	143.30242
32.360000	143.19356
32.370000	143.12224
32.380000	143.15010
32.390000	143.20751
32.400000	143.08277
32.410000	143.00312
32.420000	142.97885
32.430000	142.90152
32.440000	143.02711
32.450000	142.94783
32.460000	142.94329
32.470000	142.82836
32.480000	142.90385
32.490000	142.83426
32.500000	142.79616
32.510000	142.74754
32.520000	142.58059
32.530000	142.63238
32.540000	142.70105
32.550000	142.61743
32.560000	142.38974
32.570000	142.28326
32.580000	142.28452
32.590000	142.23887
32.600000	142.26669
32.610000	142.24618
32.620000	142.21736
32.630000	142.13715
32.640000	142.03120
32.650000	142.01200
32.660000	142.18715
32.670000	142.11905
32.680000	142.01008
32.690000	141.88084
32.700000	141.84495
32.710000	142.00251
32.720000	141.74835
32.730000	141.62034
32.740000	141.78192
32.750000	141.56029
32.760000	141.54835
32.770000	141.61436
32.780000	141.44850
32.790000	141.31104
32.800000	141.24099
32.810000	141.40436
32.820000	141.43164
32.830000	141.31094
32.840000	141.27522
32.850000	141.06796
32.860000	141.13454
32.870000	141.28464
32.880000	141.22707
32.890000	141.11144
32.900000	141.11551
32.910000	141.08004
32.920000	140.81152
32.930000	140.80355
32.940000	140.87090
32.950000	140.62629
32.960000	140.63146
32.970000	140.74650
32.980000	140.82522
32.990000	140.66330
33.000000	140.67870
33.010000	140.49559
33.020000	140.69629
33.030000	140.56396
33.040000	140.49526
33.050000	140.52360
33.060000	140.43827
33.070000	140.39760
33.080000	140.26165
33.090000	140.30571
33.100000	140.15967
33.110000	140.03257
33.120000	140.04341
33.130000	139.97882
33.140000	139.92919
33.150000	139.92505
33.160000	139.81134
33.170000	139.84800
33.180000	139.84358
33.190000	139.74033
33.200000	139.72784
33.210000	139.57401
33.220000	139.54131
33.230000	139.57962
33.240000	139.60726
33.250000	139.47900
33.260000	139.58272
33.270000	139.54747
33.280000	139.33060
33.290000	139.34904
33.300000	139.31812
33.310000	139.42007
33.320000	139.14610
33.330000	138.95744
33.340000	139.08718
33.350000	139.17292
33.360000	139.07839
33.370000	138.86290
33.380000	138.82317
33.390000	138.71258
33.400000	138.81210
33.410000	138.70199
33.420000	138.72551
33.430000	138.60952
33.440000	138.49825
33.450000	138.67120
33.460000	138.55923
33.470000	138.61783
33.480000	138.55259
33.490000	138.43756
33.500000	138.20950
33.510000	138.09548
33.520000	138.18962
33.530000	138.15049
33.540000	138.15190
33.550000	138.16129
33.560000	138.16441
33.570000	138.16161
33.580000	138.27115
33.590000	138.04107
33.600000	137.86511
33.610000	137.89337
33.620000	137.89124
33.630000	137.82307
33.640000	137.76138
33.650000	137.61670
33.660000	137.59584
33.670000	137.69397
33.680000	137.62757
33.690000	137.72671
33.700000	137.67506
33.710000	137.33925
33.720000	137.26553
33.730000	137.26743
33.740000	137.32070
33.750000	137.32186
33.760000	137.46883
33.770000	137.28556
33.780000	137.39110
33.790000	137.30243
33.800000	136.98152
33.810000	137.00757
33.820000	137.06916
33.830000	136.90957
33.840000	136.90995
33.850000	136.93501
33.860000	136.91125
33.870000	136.86998
33.880000	136.79654
33.890000	136.50367
33.900000	136.48935
33.910000	136.61363
33.920000	136.73285
33.930000	136.62886
33.940000	136.54687
33.950000	136.49598
33.960000	136.61077
33.970000	136.52620
33.980000	136.35596
33.990000	136.36985
34.000000	136.32386
34.010000	136.34644
34.020000	136.30608
34.030000	136.08751
34.040000	135.75123
34.050000	135.82717
34.060000	136.11032
34.070000	136.01955
34.080000	135.92026
34.090000	135.97720
34.100000	136.07018
34.110000	136.07464
34.120000	135.99795
34.130000	135.78422
34.140000	135.70648
34.150000	135.64438
34.160000	135.50189
34.170000	135.53655
34.180000	135.51507
34.190000	135.47970
34.200000	135.51048
34.210000	135.55699
34.220000	135.45198
34.230000	135.18353
34.240000	135.19166
34.250000	135.21620
34.260000	135.19597
34.270000	135.13104
34.280000	134.93592
34.290000	135.01646
34.300000	135.10310
34.310000	135.13068
34.320000	135.02877
34.330000	134.93662
34.340000	134.77393
34.350000	134.54910
34.360000	134.78515
34.370000	134.79982
34.380000	134.64134
34.390000	134.62317
34.400000	134.68122
34.410000	134.79637
34.420000	134.65525
34.430000	134.56262
34.440000	134.47795
34.450000	134.46129
34.460000	134.56224
34.470000	134.43863
34.480000	134.21608
34.490000	134.37325
34.500000	134.42601
34.510000	134.29175
34.520000	134.08260
34.530000	134.14229
34.540000	134.22840
34.550000	134.12273
34.560000	133.92220
34.570000	133.89052
34.580000	133.90226
34.590000	133.97775
34.600000	134.21039
34.610000	133.88291
34.620000	133.67827
34.630000	133.60694
34.640000	133.80738
34.650000	133.87609
34.660000	133.65039
34.670000	133.56778
34.680000	133.61431
34.690000	133.52470
34.700000	133.37978
34.710000	133.28626
34.720000	133.43334
34.730000	133.32448
34.740000	133.33730
34.750000	133.30601
34.760000	133.35557
34.770000	133.12539
34.780000	132.96440
34.790000	133.12974
34.800000	133.02661
34.810000	132.99196
34.820000	132.97048
34.830000	133.10806
34.840000	132.85534
34.850000	132.62077
34.860000	132.95289
34.870000	132.92577
34.880000	132.93647
34.890000	132.86875
34.900000	132.82944
34.910000	132.74651
34.920000	132.75020
34.930000	132.62100
34.940000	132.50391
34.950000	132.58929
34.960000	132.53931
34.970000	132.61460
34.980000	132.48301
34.990000	132.34553
35.000000	132.34792
