0.0000000	551.64199
0.020000000	551.64199
0.040000000	555.25439
0.060000000	555.58243
0.080000000	559.25532
0.10000000	563.08082
0.12000000	565.52957
0.14000000	569.83315
0.16000000	572.75399
0.18000000	576.84069
0.20000000	581.07502
0.22000000	584.79497
0.24000000	591.67851
0.26000000	598.27164
0.28000000	610.60314
0.30000000	629.84915
0.32000000	674.83424
0.34000000	737.43459
0.36000000	874.08118
0.38000000	1056.8608
0.40000000	1212.1710
0.42000000	1394.2904
0.44000000	1525.2329
0.46000000	1688.2909
0.48000000	1823.0313
0.50000000	1932.1770
0.52000000	2039.8788
0.54000000	2162.6935
0.56000000	2247.9110
0.58000000	2337.6730
0.60000000	2430.6090
0.62000000	2505.3909
0.64000000	2595.5375
0.66000000	2677.3079
0.68000000	2785.1004
0.70000000	2900.7781
0.72000000	3058.8807
0.74000000	3201.3837
0.76000000	3375.4306
0.78000000	3504.0229
0.80000000	3618.8596
0.82000000	3718.8664
0.84000000	3799.9800
0.86000000	3876.6482
0.88000000	3940.2168
0.90000000	3998.3060
0.92000000	4050.3927
0.94000000	4104.7241
0.96000000	4150.3317
0.98000000	4198.1985
1.0000000	4241.2707
1.0200000	4280.2666
1.0400000	4316.1426
1.0600000	4349.1530
1.0800000	4379.9144
1.1000000	4410.0962
1.1200000	4438.2204
1.1400000	4465.4133
1.1600000	4494.0605
1.1800000	4518.8859
1.2000000	4544.3613
1.2200000	4569.7063
1.2400000	4592.2328
1.2600000	4614.9186
1.2800000	4639.9878
1.3000000	4661.7017
1.3200000	4681.6824
1.3400000	4705.1363
1.3600000	4728.4078
1.3800000	4752.5162
1.4000000	4778.2321
1.4200000	4806.8388
1.4400000	4839.6356
1.4600000	4873.0781
1.4800000	4908.1631
1.5000000	4950.0102
1.5200000	4992.9372
1.5400000	5040.0763
1.5600000	5092.6036
1.5800000	5144.3436
1.6000000	5203.3599
1.6200000	5267.3733
1.6400000	5335.4315
1.6600000	5406.4037
1.6800000	5489.1066
1.7000000	5569.3164
1.7200000	5663.1545
1.7400000	5759.4163
1.7600000	5858.2584
1.7800000	5970.1045
1.8000000	6081.4546
1.8200000	6200.1738
1.8400000	6324.3451
1.8600000	6456.3713
1.8800000	6584.5431
1.9000000	6729.2885
1.9200000	6863.0949
1.9400000	7002.2935
1.9600000	7149.3377
1.9800000	7284.9543
2.0000000	7424.9746
2.0200000	7562.3818
2.0400000	7688.7542
2.0600000	7807.0940
2.0800000	7922.5026
2.1000000	8015.3723
2.1200000	8103.7315
2.1400000	8171.4899
2.1600000	8221.8421
2.1800000	8256.6403
2.2000000	8271.2343
2.2200000	8268.0347
2.2400000	8246.9578
2.2600000	8206.7499
2.2800000	8154.0091
2.3000000	8076.3871
2.3200000	7991.7016
2.3400000	7888.1183
2.3600000	7770.4277
2.3800000	7647.5956
2.4000000	7518.1843
2.4200000	7374.2511
2.4400000	7234.6087
2.4600000	7087.8704
2.4800000	6931.9096
2.5000000	6790.2272
2.5200000	6635.7883
2.5400000	6489.6147
2.5600000	6344.0291
2.5800000	6201.1965
2.6000000	6057.9174
2.6200000	5927.2051
2.6400000	5788.4690
2.6600000	5662.5942
2.6800000	5541.4979
2.7000000	5418.9650
2.7200000	5307.6861
2.7400000	5197.3925
2.7600000	5086.1275
2.7800000	4980.2602
2.8000000	4881.5466
2.8200000	4780.4516
2.8400000	4693.0841
2.8600000	4604.9121
2.8800000	4520.4848
2.9000000	4443.5214
2.9200000	4367.0985
2.9400000	4293.8815
2.9600000	4224.0258
2.9800000	4155.2547
3.0000000	4087.4230
3.0200000	4026.8448
3.0400000	3963.8127
3.0600000	3907.3391
3.0800000	3852.2908
3.1000000	3798.2916
3.1200000	3747.0078
3.1400000	3698.8850
3.1600000	3650.8765
3.1800000	3606.5723
3.2000000	3564.4789
3.2200000	3521.6571
3.2400000	3483.9784
3.2600000	3444.8613
3.2800000	3407.2522
3.3000000	3371.7094
3.3200000	3337.9364
3.3400000	3303.8051
3.3600000	3272.1743
3.3800000	3239.9095
3.4000000	3208.0602
3.4200000	3178.6243
3.4400000	3148.0406
3.4600000	3119.4606
3.4800000	3091.0937
3.5000000	3063.2130
3.5200000	3035.7904
3.5400000	3010.2209
3.5600000	2983.6383
3.5800000	2958.9588
3.6000000	2933.3931
3.6200000	2907.1342
3.6400000	2881.7787
3.6600000	2856.5771
3.6800000	2830.3742
3.7000000	2805.1588
3.7200000	2780.1226
3.7400000	2754.2291
3.7600000	2729.7017
3.7800000	2703.5663
3.8000000	2677.8662
3.8200000	2652.4464
3.8400000	2626.9899
3.8600000	2601.0800
3.8800000	2576.0327
3.9000000	2550.1711
3.9200000	2525.3026
3.9400000	2501.6749
3.9600000	2477.4505
3.9800000	2455.6869
4.0000000	2434.3742
4.0200000	2414.4997
4.0400000	2395.8660
4.0600000	2378.7420
4.0800000	2362.6047
4.1000000	2348.8859
4.1200000	2337.0210
4.1400000	2326.3495
4.1600000	2318.2739
4.1800000	2311.8557
4.2000000	2306.9226
4.2200000	2303.4078
4.2400000	2300.9761
4.2600000	2299.1947
4.2800000	2298.0910
4.3000000	2297.4881
4.3200000	2297.5328
4.3400000	2297.8067
4.3600000	2297.9138
4.3800000	2297.5884
4.4000000	2297.4779
4.4200000	2297.3412
4.4400000	2296.8222
4.4600000	2295.9842
4.4800000	2294.6710
4.5000000	2293.2086
4.5200000	2291.1450
4.5400000	2288.8300
4.5600000	2286.3349
4.5800000	2283.6182
4.6000000	2280.6180
4.6200000	2277.4194
4.6400000	2273.9226
4.6600000	2269.8746
4.6800000	2265.9615
4.7000000	2261.7126
4.7200000	2257.8842
4.7400000	2254.0879
4.7600000	2250.2967
4.7800000	2246.4322
4.8000000	2242.4296
4.8200000	2238.0175
4.8400000	2233.0327
4.8600000	2227.9904
4.8800000	2222.6591
4.9000000	2217.9162
4.9200000	2213.3515
4.9400000	2209.0913
4.9600000	2204.7677
4.9800000	2200.9286
5.0000000	2196.8134
5.0200000	2193.4589
5.0400000	2189.6392
5.0600000	2185.9040
5.0800000	2182.1525
5.1000000	2178.8349
5.1200000	2175.5029
5.1400000	2172.5363
5.1600000	2170.0476
5.1800000	2167.6027
5.2000000	2165.3853
5.2200000	2163.4597
5.2400000	2161.7496
5.2600000	2160.1893
5.2800000	2158.6965
5.3000000	2157.5813
5.3200000	2156.7820
5.3400000	2156.2067
5.3600000	2155.7891
5.3800000	2155.3824
5.4000000	2155.3194
5.4200000	2155.2296
5.4400000	2155.7637
5.4600000	2156.2811
5.4800000	2157.3917
5.5000000	2159.1131
5.5200000	2161.1538
5.5400000	2163.3191
5.5600000	2165.5156
5.5800000	2168.1604
5.6000000	2171.1544
5.6200000	2174.9767
5.6400000	2179.2696
5.6600000	2183.1517
5.6800000	2186.8453
5.7000000	2190.8675
5.7200000	2195.0130
5.7400000	2199.6010
5.7600000	2204.9078
5.7800000	2210.2631
5.8000000	2215.6483
5.8200000	2221.4667
5.8400000	2227.4231
5.8600000	2233.8143
5.8800000	2240.0862
5.9000000	2246.5786
5.9200000	2253.0640
5.9400000	2259.6484
5.9600000	2266.1362
5.9800000	2273.0989
6.0000000	2280.3733
6.0200000	2287.4080
6.0400000	2294.7555
6.0600000	2302.3309
6.0800000	2309.7623
6.1000000	2317.3226
6.1200000	2324.4134
6.1400000	2331.3458
6.1600000	2338.4413
6.1800000	2345.7298
6.2000000	2352.8317
6.2200000	2359.6660
6.2400000	2365.6623
6.2600000	2371.5450
6.2800000	2377.3683
6.3000000	2382.9266
6.3200000	2387.9391
6.3400000	2392.3034
6.3600000	2396.2622
6.3800000	2400.3889
6.4000000	2404.6575
6.4200000	2408.4878
6.4400000	2411.7979
6.4600000	2414.7073
6.4800000	2417.2661
6.5000000	2419.6706
6.5200000	2421.8580
6.5400000	2423.5531
6.5600000	2425.1241
6.5800000	2426.1427
6.6000000	2426.8756
6.6200000	2427.3515
6.6400000	2427.7275
6.6600000	2427.7060
6.6800000	2427.3773
6.7000000	2426.7001
6.7200000	2425.8354
6.7400000	2424.8398
6.7600000	2423.5535
6.7800000	2422.6670
6.8000000	2421.8686
6.8200000	2421.3869
6.8400000	2420.6526
6.8600000	2419.7556
6.8800000	2418.7016
6.9000000	2417.6875
6.9200000	2416.7318
6.9400000	2416.0116
6.9600000	2415.4769
6.9800000	2414.9972
7.0000000	2414.3091
7.0200000	2413.6454
7.0400000	2413.1970
7.0600000	2412.7377
7.0800000	2412.6878
7.1000000	2412.8723
7.1200000	2413.1035
7.1400000	2412.9767
7.1600000	2412.9926
7.1800000	2413.2689
7.2000000	2413.3304
7.2200000	2413.3058
7.2400000	2413.2128
7.2600000	2413.2696
7.2800000	2412.9735
7.3000000	2412.4505
7.3200000	2411.3636
7.3400000	2410.1436
7.3600000	2408.5754
7.3800000	2406.6410
7.4000000	2404.2125
7.4200000	2401.3828
7.4400000	2397.6789
7.4600000	2393.2198
7.4800000	2387.9018
7.5000000	2381.5271
7.5200000	2374.1528
7.5400000	2366.4526
7.5600000	2357.9558
7.5800000	2348.2768
7.6000000	2337.8563
7.6200000	2326.1178
7.6400000	2313.3392
7.6600000	2299.5828
7.6800000	2284.6433
7.7000000	2268.4747
7.7200000	2252.0864
7.7400000	2233.4926
7.7600000	2214.3619
7.7800000	2194.4118
7.8000000	2173.8611
7.8200000	2152.3980
7.8400000	2130.7159
7.8600000	2108.0861
7.8800000	2085.5028
7.9000000	2063.1907
7.9200000	2039.9845
7.9400000	2016.9477
7.9600000	1993.5781
7.9800000	1970.2756
8.0000000	1947.3308
8.0200000	1925.0858
8.0400000	1902.1103
8.0600000	1880.6524
8.0800000	1859.1611
8.1000000	1838.6029
8.1200000	1818.6241
8.1400000	1799.4169
8.1600000	1780.2785
8.1800000	1762.4606
8.2000000	1745.2983
8.2200000	1728.4508
8.2400000	1712.8229
8.2600000	1698.2167
8.2800000	1683.9484
8.3000000	1670.5659
8.3200000	1658.0661
8.3400000	1646.0783
8.3600000	1634.9298
8.3800000	1624.2992
8.4000000	1614.0080
8.4200000	1604.4547
8.4400000	1595.7861
8.4600000	1587.6348
8.4800000	1580.3170
8.5000000	1573.6435
8.5200000	1567.0751
8.5400000	1561.1359
8.5600000	1555.5175
8.5800000	1550.4055
8.6000000	1545.9509
8.6200000	1541.7528
8.6400000	1537.8604
8.6600000	1534.6960
8.6800000	1531.7981
8.7000000	1528.9909
8.7200000	1526.3731
8.7400000	1524.1042
8.7600000	1522.0835
8.7800000	1520.3398
8.8000000	1518.7244
8.8200000	1517.3083
8.8400000	1516.1457
8.8600000	1514.9830
8.8800000	1513.9566
8.9000000	1513.0683
8.9200000	1512.1994
8.9400000	1511.5351
8.9600000	1510.7260
8.9800000	1510.3313
9.0000000	1509.7502
9.0200000	1509.5087
9.0400000	1509.1587
9.0600000	1508.7191
9.0800000	1508.3178
9.1000000	1507.9191
9.1200000	1507.6240
9.1400000	1507.4339
9.1600000	1507.2959
9.1800000	1507.0570
9.2000000	1506.6930
9.2200000	1506.2575
9.2400000	1505.6201
9.2600000	1505.1025
9.2800000	1504.5215
9.3000000	1503.8098
9.3200000	1503.0060
9.3400000	1502.1049
9.3600000	1501.2570
9.3800000	1500.2068
9.4000000	1499.2679
9.4200000	1498.0207
9.4400000	1496.8058
9.4600000	1495.5395
9.4800000	1494.2368
9.5000000	1492.8207
9.5200000	1491.1175
9.5400000	1489.3832
9.5600000	1487.4887
9.5800000	1485.6432
9.6000000	1483.5750
9.6200000	1481.3413
9.6400000	1478.9158
9.6600000	1476.4303
9.6800000	1474.0215
9.7000000	1471.5106
9.7200000	1468.7529
9.7400000	1465.8774
9.7600000	1462.9476
9.7800000	1459.9206
9.8000000	1457.0351
9.8200000	1454.1949
9.8400000	1451.2407
9.8600000	1447.9863
9.8800000	1444.6063
9.9000000	1441.2253
9.9200000	1438.0309
9.9400000	1434.5393
9.9600000	1430.9363
9.9800000	1427.1437
10.000000	1423.3112
10.020000	1419.3880
10.040000	1415.4855
10.060000	1411.8508
10.080000	1408.1549
10.100000	1404.6289
10.120000	1400.8421
10.140000	1396.9257
10.160000	1392.9035
10.180000	1388.9302
10.200000	1384.9745
10.220000	1381.1252
10.240000	1377.6107
10.260000	1373.8101
10.280000	1370.0368
10.300000	1366.2563
10.320000	1362.6649
10.340000	1359.1695
10.360000	1355.7714
10.380000	1352.4538
10.400000	1349.0091
10.420000	1345.7343
10.440000	1342.5896
10.460000	1339.5936
10.480000	1336.7183
10.500000	1333.7544
10.520000	1330.8391
10.540000	1328.2128
10.560000	1325.6495
10.580000	1323.0727
10.600000	1320.6831
10.620000	1318.3974
10.640000	1316.2273
10.660000	1314.3091
10.680000	1312.5685
10.700000	1311.1465
10.720000	1309.6116
10.740000	1308.3760
10.760000	1307.0810
10.780000	1306.0692
10.800000	1304.9224
10.820000	1303.9220
10.840000	1303.1985
10.860000	1302.6098
10.880000	1302.0356
10.900000	1301.4951
10.920000	1301.2335
10.940000	1301.1847
10.960000	1301.3989
10.980000	1301.6899
11.000000	1302.0278
11.020000	1302.3219
11.040000	1302.8134
11.060000	1303.5144
11.080000	1304.2900
11.100000	1305.2647
11.120000	1306.4882
11.140000	1307.6845
11.160000	1308.8913
11.180000	1310.1589
11.200000	1311.5221
11.220000	1312.8895
11.240000	1314.5084
11.260000	1316.1077
11.280000	1317.7870
11.300000	1319.5846
11.320000	1321.4953
11.340000	1323.4237
11.360000	1325.2289
11.380000	1327.1121
11.400000	1328.7492
11.420000	1330.5356
11.440000	1332.2379
11.460000	1333.9731
11.480000	1335.7309
11.500000	1337.4121
11.520000	1339.2618
11.540000	1340.9572
11.560000	1342.6255
11.580000	1344.0522
11.600000	1345.5062
11.620000	1346.8552
11.640000	1348.1591
11.660000	1349.4653
11.680000	1350.7001
11.700000	1351.9245
11.720000	1353.0681
11.740000	1354.1680
11.760000	1354.9876
11.780000	1355.9250
11.800000	1356.6373
11.820000	1357.3057
11.840000	1357.7584
11.860000	1358.0724
11.880000	1358.2259
11.900000	1358.3113
11.920000	1358.4462
11.940000	1358.5780
11.960000	1358.6225
11.980000	1358.5347
12.000000	1358.3439
12.020000	1358.1955
12.040000	1357.8381
12.060000	1357.5684
12.080000	1357.1671
12.100000	1356.5611
12.120000	1355.9517
12.140000	1355.2935
12.160000	1354.4385
12.180000	1353.4611
12.200000	1352.6353
12.220000	1351.7969
12.240000	1350.7578
12.260000	1349.6490
12.280000	1348.4659
12.300000	1347.2325
12.320000	1346.0348
12.340000	1344.9137
12.360000	1343.6854
12.380000	1342.3815
12.400000	1341.1232
12.420000	1339.7505
12.440000	1338.3491
12.460000	1336.8372
12.480000	1335.2614
12.500000	1333.7744
12.520000	1332.3088
12.540000	1330.6236
12.560000	1328.9552
12.580000	1327.2456
12.600000	1325.4708
12.620000	1323.8155
12.640000	1322.1590
12.660000	1320.4702
12.680000	1318.5336
12.700000	1316.7370
12.720000	1314.8876
12.740000	1313.1611
12.760000	1311.3886
12.780000	1309.5588
12.800000	1307.5904
12.820000	1305.5221
12.840000	1303.5419
12.860000	1301.4644
12.880000	1299.3774
12.900000	1297.4014
12.920000	1295.4695
12.940000	1293.4943
12.960000	1291.5245
12.980000	1289.4531
13.000000	1287.1876
13.020000	1285.0081
13.040000	1282.7548
13.060000	1280.5837
13.080000	1278.4744
13.100000	1276.3689
13.120000	1274.2908
13.140000	1272.2321
13.160000	1270.1700
13.180000	1267.8457
13.200000	1265.4444
13.220000	1263.1231
13.240000	1260.8405
13.260000	1258.5840
13.280000	1256.3138
13.300000	1253.9037
13.320000	1251.5786
13.340000	1249.4103
13.360000	1247.1532
13.380000	1244.7684
13.400000	1242.4695
13.420000	1240.1134
13.440000	1237.6693
13.460000	1235.0789
13.480000	1232.6421
13.500000	1230.3008
13.520000	1227.9968
13.540000	1225.6572
13.560000	1223.2960
13.580000	1220.9365
13.600000	1218.4461
13.620000	1215.9221
13.640000	1213.5453
13.660000	1211.4132
13.680000	1209.2658
13.700000	1206.8953
13.720000	1204.4657
13.740000	1202.0783
13.760000	1199.7486
13.780000	1197.3790
13.800000	1195.0296
13.820000	1192.7894
13.840000	1190.5804
13.860000	1188.4510
13.880000	1186.0538
13.900000	1183.6864
13.920000	1181.5079
13.940000	1179.4632
13.960000	1177.2523
13.980000	1175.0328
14.000000	1172.7686
14.020000	1170.6521
14.040000	1168.5360
14.060000	1166.3796
14.080000	1164.2595
14.100000	1162.1714
14.120000	1160.2421
14.140000	1158.2442
14.160000	1156.1965
14.180000	1154.2367
14.200000	1152.3472
14.220000	1150.5998
14.240000	1148.7882
14.260000	1146.8999
14.280000	1144.9626
14.300000	1143.0500
14.320000	1141.2918
14.340000	1139.4018
14.360000	1137.6898
14.380000	1136.1462
14.400000	1134.5439
14.420000	1132.7427
14.440000	1131.0612
14.460000	1129.6063
14.480000	1128.1797
14.500000	1126.5910
14.520000	1124.9819
14.540000	1123.5214
14.560000	1122.2046
14.580000	1120.9399
14.600000	1119.6295
14.620000	1118.1882
14.640000	1116.8132
14.660000	1115.5766
14.680000	1114.3957
14.700000	1113.0875
14.720000	1111.8664
14.740000	1110.6642
14.760000	1109.5482
14.780000	1108.3715
14.800000	1107.2121
14.820000	1105.9303
14.840000	1104.8784
14.860000	1103.6888
14.880000	1102.6148
14.900000	1101.7518
14.920000	1100.8117
14.940000	1099.9595
14.960000	1098.9651
14.980000	1097.9061
15.000000	1096.8008
15.020000	1095.9444
15.040000	1095.1610
15.060000	1094.4160
15.080000	1093.5365
15.100000	1092.6564
15.120000	1091.6605
15.140000	1090.6885
15.160000	1089.8540
15.180000	1089.1131
15.200000	1088.2754
15.220000	1087.4342
15.240000	1086.6675
15.260000	1085.9778
15.280000	1085.3145
15.300000	1084.6537
15.320000	1083.9352
15.340000	1083.3230
15.360000	1082.5995
15.380000	1081.7853
15.400000	1080.9053
15.420000	1080.2322
15.440000	1079.6020
15.460000	1078.9526
15.480000	1078.2331
15.500000	1077.5556
15.520000	1076.8256
15.540000	1076.0725
15.560000	1075.3115
15.580000	1074.6511
15.600000	1074.2192
15.620000	1073.6849
15.640000	1073.0253
15.660000	1072.3845
15.680000	1071.7273
15.700000	1071.1114
15.720000	1070.5957
15.740000	1069.9527
15.760000	1069.1178
15.780000	1068.3502
15.800000	1067.6112
15.820000	1066.9935
15.840000	1066.4210
15.860000	1065.9137
15.880000	1065.3584
15.900000	1064.6826
15.920000	1064.0829
15.940000	1063.4643
15.960000	1062.8921
15.980000	1062.2522
16.000000	1061.6199
16.020000	1061.0664
16.040000	1060.4926
16.060000	1059.8942
16.080000	1059.1957
16.100000	1058.4967
16.120000	1057.8923
16.140000	1057.3631
16.160000	1056.7989
16.180000	1056.2262
16.200000	1055.6624
16.220000	1055.1451
16.240000	1054.5310
16.260000	1053.7779
16.280000	1053.0477
16.300000	1052.5101
16.320000	1052.0613
16.340000	1051.3792
16.360000	1050.8051
16.380000	1050.3542
16.400000	1049.9355
16.420000	1049.3653
16.440000	1048.9406
16.460000	1048.4672
16.480000	1047.9717
16.500000	1047.4201
16.520000	1046.8445
16.540000	1046.2667
16.560000	1045.7539
16.580000	1045.4251
16.600000	1045.0774
16.620000	1044.6520
16.640000	1044.2622
16.660000	1043.8800
16.680000	1043.5250
16.700000	1043.2657
16.720000	1043.0171
16.740000	1042.7933
16.760000	1042.4071
16.780000	1042.0759
16.800000	1041.6496
16.820000	1041.2789
16.840000	1040.9617
16.860000	1040.6647
16.880000	1040.3870
16.900000	1040.2510
16.920000	1040.1821
16.940000	1040.1464
16.960000	1039.9399
16.980000	1039.6751
17.000000	1039.5307
17.020000	1039.3075
17.040000	1039.1854
17.060000	1039.1526
17.080000	1039.1010
17.100000	1039.1213
17.120000	1039.1549
17.140000	1039.1886
17.160000	1038.9986
17.180000	1038.9007
17.200000	1038.9003
17.220000	1038.9520
17.240000	1039.0662
17.260000	1039.2979
17.280000	1039.3219
17.300000	1039.2853
17.320000	1039.3589
17.340000	1039.5894
17.360000	1039.7852
17.380000	1039.9284
17.400000	1040.0698
17.420000	1040.1526
17.440000	1040.2004
17.460000	1040.2620
17.480000	1040.4925
17.500000	1040.7374
17.520000	1040.9937
17.540000	1040.9866
17.560000	1041.0864
17.580000	1041.4253
17.600000	1041.8330
17.620000	1042.1205
17.640000	1042.3418
17.660000	1042.5904
17.680000	1042.6883
17.700000	1042.9620
17.720000	1043.3152
17.740000	1043.6378
17.760000	1043.9750
17.780000	1044.2586
17.800000	1044.5000
17.820000	1044.6085
17.840000	1044.7967
17.860000	1044.9450
17.880000	1045.2473
17.900000	1045.5361
17.920000	1045.8005
17.940000	1046.0296
17.960000	1046.2721
17.980000	1046.4749
18.000000	1046.5744
18.020000	1046.7298
18.040000	1046.9141
18.060000	1047.0987
18.080000	1047.1405
18.100000	1047.1773
18.120000	1047.1981
18.140000	1047.3546
18.160000	1047.5635
18.180000	1047.6626
18.200000	1047.7484
18.220000	1047.8446
18.240000	1047.9473
18.260000	1048.0094
18.280000	1047.9100
18.300000	1047.8030
18.320000	1047.6344
18.340000	1047.4711
18.360000	1047.2288
18.380000	1047.0998
18.400000	1047.1198
18.420000	1047.0459
18.440000	1046.9633
18.460000	1046.7758
18.480000	1046.5188
18.500000	1046.1271
18.520000	1045.8420
18.540000	1045.5124
18.560000	1045.2550
18.580000	1044.8130
18.600000	1044.3934
18.620000	1044.0633
18.640000	1043.6120
18.660000	1043.2604
18.680000	1042.7175
18.700000	1042.3374
18.720000	1041.8628
18.740000	1041.3194
18.760000	1040.8838
18.780000	1040.4681
18.800000	1039.9547
18.820000	1039.4103
18.840000	1038.9070
18.860000	1038.3153
18.880000	1037.8043
18.900000	1037.1425
18.920000	1036.5016
18.940000	1035.7995
18.960000	1035.1328
18.980000	1034.4981
19.000000	1033.9576
19.020000	1033.3281
19.040000	1032.6448
19.060000	1031.9499
19.080000	1031.3043
19.100000	1030.5933
19.120000	1029.8215
19.140000	1029.0709
19.160000	1028.3866
19.180000	1027.6987
19.200000	1027.0415
19.220000	1026.2936
19.240000	1025.4978
19.260000	1024.6924
19.280000	1024.0635
19.300000	1023.4858
19.320000	1022.8242
19.340000	1022.0805
19.360000	1021.3023
19.380000	1020.5633
19.400000	1019.9198
19.420000	1019.1664
19.440000	1018.4695
19.460000	1017.7988
19.480000	1017.0534
19.500000	1016.2667
19.520000	1015.3925
19.540000	1014.5821
19.560000	1013.8118
19.580000	1013.0647
19.600000	1012.2343
19.620000	1011.5968
19.640000	1011.0190
19.660000	1010.3378
19.680000	1009.6038
19.700000	1008.9020
19.720000	1008.1801
19.740000	1007.4459
19.760000	1006.7846
19.780000	1006.0899
19.800000	1005.4674
19.820000	1004.9478
19.840000	1004.3071
19.860000	1003.6537
19.880000	1003.0083
19.900000	1002.5735
19.920000	1002.1013
19.940000	1001.4691
19.960000	1000.7979
19.980000	1000.2144
20.000000	999.62970
20.020000	999.05097
20.040000	998.36790
20.060000	997.76540
20.080000	997.16596
20.100000	996.69459
20.120000	996.26967
20.140000	995.91908
20.160000	995.41534
20.180000	994.82719
20.200000	994.26049
20.220000	993.85265
20.240000	993.48985
20.260000	993.05858
20.280000	992.53516
20.300000	992.05768
20.320000	991.61248
20.340000	991.24250
20.360000	990.83594
20.380000	990.40517
20.400000	989.96033
20.420000	989.48460
20.440000	989.01492
20.460000	988.63346
20.480000	988.24545
20.500000	987.87083
20.520000	987.53202
20.540000	987.10875
20.560000	986.77894
20.580000	986.43272
20.600000	986.21441
20.620000	985.86139
20.640000	985.59681
20.660000	985.51318
20.680000	985.30323
20.700000	984.89676
20.720000	984.42508
20.740000	984.10888
20.760000	983.91023
20.780000	983.70210
20.800000	983.44306
20.820000	983.15464
20.840000	982.83947
20.860000	982.55024
20.880000	982.35321
20.900000	982.18231
20.920000	981.92001
20.940000	981.79721
20.960000	981.69993
20.980000	981.45667
21.000000	981.23345
21.020000	980.98254
21.040000	980.71258
21.060000	980.39808
21.080000	980.27571
21.100000	980.12389
21.120000	979.96875
21.140000	979.76471
21.160000	979.65333
21.180000	979.54369
21.200000	979.38659
21.220000	979.18058
21.240000	978.98403
21.260000	978.83664
21.280000	978.59628
21.300000	978.41314
21.320000	978.22076
21.340000	978.13598
21.360000	977.97645
21.380000	977.87034
21.400000	977.73870
21.420000	977.74225
21.440000	977.63012
21.460000	977.59243
21.480000	977.47563
21.500000	977.40644
21.520000	977.31783
21.540000	977.27455
21.560000	977.18756
21.580000	976.97201
21.600000	976.85484
21.620000	976.67708
21.640000	976.62425
21.660000	976.59625
21.680000	976.58489
21.700000	976.43030
21.720000	976.27756
21.740000	976.23331
21.760000	976.23349
21.780000	976.10764
21.800000	975.95861
21.820000	975.92288
21.840000	975.89529
21.860000	975.82036
21.880000	975.71049
21.900000	975.72194
21.920000	975.71598
21.940000	975.81092
21.960000	975.83006
21.980000	975.74726
22.000000	975.77289
22.020000	975.75564
22.040000	975.61922
22.060000	975.48772
22.080000	975.39342
22.100000	975.32176
22.120000	975.19525
22.140000	975.05013
22.160000	975.01599
22.180000	974.97908
22.200000	974.92330
22.220000	974.88235
22.240000	974.83488
22.260000	974.73862
22.280000	974.75569
22.300000	974.70142
22.320000	974.65132
22.340000	974.62137
22.360000	974.75134
22.380000	974.77880
22.400000	974.86453
22.420000	974.85352
22.440000	974.83843
22.460000	974.75103
22.480000	974.66865
22.500000	974.69848
22.520000	974.65249
22.540000	974.64472
22.560000	974.68791
22.580000	974.75611
22.600000	974.67040
22.620000	974.61730
22.640000	974.57221
22.660000	974.62289
22.680000	974.61738
22.700000	974.63096
22.720000	974.53294
22.740000	974.52109
22.760000	974.63043
22.780000	974.65322
22.800000	974.61944
22.820000	974.54061
22.840000	974.49582
22.860000	974.41937
22.880000	974.38994
22.900000	974.36608
22.920000	974.41884
22.940000	974.53256
22.960000	974.54300
22.980000	974.47223
23.000000	974.43766
23.020000	974.37942
23.040000	974.27821
23.060000	974.24972
23.080000	974.22382
23.100000	974.26032
23.120000	974.21055
23.140000	974.32891
23.160000	974.50704
23.180000	974.59473
23.200000	974.64131
23.220000	974.72187
23.240000	974.73478
23.260000	974.68683
23.280000	974.71793
23.300000	974.70241
23.320000	974.57989
23.340000	974.45188
23.360000	974.52497
23.380000	974.52589
23.400000	974.57706
23.420000	974.62099
23.440000	974.66500
23.460000	974.68599
23.480000	974.63522
23.500000	974.65041
23.520000	974.73273
23.540000	974.82694
23.560000	974.86783
23.580000	974.71455
23.600000	974.62251
23.620000	974.66889
23.640000	974.95124
23.660000	975.26779
23.680000	975.31120
23.700000	975.22184
23.720000	975.11275
23.740000	975.02689
23.760000	974.84359
23.780000	974.70894
23.800000	974.67674
23.820000	974.71634
23.840000	974.84463
23.860000	974.85067
23.880000	974.80115
23.900000	974.84481
23.920000	974.88829
23.940000	974.85654
23.960000	974.98547
23.980000	975.09050
24.000000	975.00612
24.020000	974.95750
24.040000	975.04816
24.060000	975.11133
24.080000	975.07379
24.100000	975.02737
24.120000	974.97121
24.140000	974.86048
24.160000	974.81312
24.180000	974.78996
24.200000	974.64545
24.220000	974.60268
24.240000	974.68850
24.260000	974.75604
24.280000	974.81491
24.300000	974.86295
24.320000	974.84914
24.340000	974.78570
24.360000	974.74707
24.380000	974.64744
24.400000	974.52525
24.420000	974.52189
24.440000	974.53343
24.460000	974.47290
24.480000	974.35063
24.500000	974.12692
24.520000	974.01247
24.540000	973.96454
24.560000	973.91534
24.580000	973.98465
24.600000	973.94982
24.620000	973.80775
24.640000	973.76012
24.660000	973.76082
24.680000	973.68053
24.700000	973.69411
24.720000	973.57426
24.740000	973.50206
24.760000	973.37838
24.780000	973.23767
24.800000	973.15935
24.820000	973.05138
24.840000	973.01494
24.860000	973.01830
24.880000	972.91793
24.900000	972.74347
24.920000	972.58067
24.940000	972.37437
24.960000	972.29833
24.980000	972.19847
25.000000	972.08873
25.020000	972.07748
25.040000	972.06554
25.060000	971.97171
25.080000	971.67965
25.100000	971.44991
25.120000	971.16670
25.140000	971.00663
25.160000	971.03318
25.180000	970.95091
25.200000	970.77775
25.220000	970.56343
25.240000	970.33809
25.260000	970.14072
25.280000	969.95266
25.300000	969.79874
25.320000	969.68810
25.340000	969.59635
25.360000	969.46269
25.380000	969.33122
25.400000	969.25162
25.420000	969.17287
25.440000	968.88754
25.460000	968.52973
25.480000	968.33729
25.500000	968.15235
25.520000	967.94317
25.540000	967.75984
25.560000	967.52213
25.580000	967.40203
25.600000	967.33108
25.620000	967.21695
25.640000	967.03701
25.660000	966.83846
25.680000	966.70935
25.700000	966.59095
25.720000	966.46237
25.740000	966.19471
25.760000	965.92289
25.780000	965.82040
25.800000	965.65542
25.820000	965.41623
25.840000	965.24617
25.860000	965.11640
25.880000	964.91253
25.900000	964.75068
25.920000	964.54391
25.940000	964.18137
25.960000	963.99376
25.980000	963.76515
26.000000	963.54306
26.020000	963.42498
26.040000	963.27196
26.060000	963.08459
26.080000	962.96180
26.100000	962.84827
26.120000	962.63477
26.140000	962.44102
26.160000	962.33191
26.180000	962.35120
26.200000	962.26379
26.220000	962.16230
26.240000	962.00191
26.260000	961.75433
26.280000	961.58343
26.300000	961.42213
26.320000	961.26379
26.340000	961.14835
26.360000	961.01276
26.380000	960.85016
26.400000	960.65376
26.420000	960.49366
26.440000	960.33509
26.460000	960.35639
26.480000	960.25449
26.500000	960.09045
26.520000	959.98810
26.540000	959.90048
26.560000	959.77743
26.580000	959.56120
26.600000	959.40938
26.620000	959.33162
26.640000	959.19550
26.660000	959.05318
26.680000	958.87992
26.700000	958.70223
26.720000	958.55395
26.740000	958.56331
26.760000	958.55044
26.780000	958.45555
26.800000	958.36759
26.820000	958.24776
26.840000	958.20752
26.860000	958.13227
26.880000	958.18434
26.900000	958.15511
26.920000	957.96848
26.940000	957.88277
26.960000	957.91411
26.980000	957.87747
27.000000	957.65688
27.020000	957.61694
27.040000	957.60472
27.060000	957.51912
27.080000	957.48716
27.100000	957.41654
27.120000	957.40278
27.140000	957.40136
27.160000	957.37478
27.180000	957.18897
27.200000	957.13244
27.220000	957.11607
27.240000	957.04920
27.260000	957.06423
27.280000	957.05727
27.300000	956.97288
27.320000	956.90026
27.340000	956.85430
27.360000	956.77382
27.380000	956.72850
27.400000	956.78756
27.420000	956.77924
27.440000	956.79913
27.460000	956.73282
27.480000	956.62907
27.500000	956.58429
27.520000	956.56458
27.540000	956.55246
27.560000	956.51755
27.580000	956.53106
27.600000	956.53814
27.620000	956.54397
27.640000	956.53999
27.660000	956.47093
27.680000	956.40313
27.700000	956.42071
27.720000	956.43993
27.740000	956.37183
27.760000	956.35476
27.780000	956.39698
27.800000	956.35052
27.820000	956.34534
27.840000	956.42767
27.860000	956.44222
27.880000	956.49759
27.900000	956.56302
27.920000	956.58794
27.940000	956.43313
27.960000	956.29687
27.980000	956.27965
28.000000	956.31554
28.020000	956.31897
28.040000	956.20257
28.060000	956.24566
28.080000	956.37853
28.100000	956.36835
28.120000	956.28461
28.140000	956.25142
28.160000	956.42668
28.180000	956.50202
28.200000	956.40525
28.220000	956.41127
28.240000	956.45767
28.260000	956.49786
28.280000	956.46458
28.300000	956.51176
28.320000	956.58448
28.340000	956.62702
28.360000	956.52332
28.380000	956.47360
28.400000	956.49127
28.420000	956.49478
28.440000	956.71101
28.460000	956.81969
28.480000	956.79879
28.500000	956.85161
28.520000	956.85450
28.540000	956.87854
28.560000	956.82750
28.580000	956.78499
28.600000	956.82780
28.620000	956.93052
28.640000	957.02675
28.660000	956.94995
28.680000	956.96437
28.700000	957.05384
28.720000	957.02777
28.740000	957.03290
28.760000	957.09641
28.780000	957.12108
28.800000	957.09585
28.820000	957.12366
28.840000	957.12450
28.860000	957.09474
28.880000	957.19677
28.900000	957.30398
28.920000	957.29817
28.940000	957.30609
28.960000	957.37926
28.980000	957.32573
29.000000	957.22278
29.020000	957.21378
29.040000	957.30950
29.060000	957.27413
29.080000	957.24136
29.100000	957.29745
29.120000	957.39658
29.140000	957.36262
29.160000	957.31916
29.180000	957.40860
29.200000	957.46010
29.220000	957.50250
29.240000	957.58717
29.260000	957.64210
29.280000	957.66120
29.300000	957.58233
29.320000	957.55430
29.340000	957.59855
29.360000	957.55428
29.380000	957.55190
29.400000	957.60056
29.420000	957.68434
29.440000	957.75273
29.460000	957.78348
29.480000	957.81609
29.500000	957.75799
29.520000	957.66001
29.540000	957.64825
29.560000	957.68543
29.580000	957.73417
29.600000	957.77189
29.620000	957.77943
29.640000	957.63224
29.660000	957.53350
29.680000	957.57495
29.700000	957.69933
29.720000	957.74917
29.740000	957.81341
29.760000	957.85203
29.780000	957.81419
29.800000	957.80462
29.820000	957.67661
29.840000	957.52396
29.860000	957.48625
29.880000	957.57036
29.900000	957.62728
29.920000	957.56036
29.940000	957.57701
29.960000	957.64476
29.980000	957.71499
30.000000	957.68826
30.020000	957.61429
30.040000	957.66747
30.060000	957.56264
30.080000	957.44489
30.100000	957.42935
30.120000	957.37258
30.140000	957.21518
30.160000	957.28038
30.180000	957.37421
30.200000	957.32236
30.220000	957.27108
30.240000	957.21898
30.260000	957.25687
30.280000	957.18336
30.300000	957.05352
30.320000	957.01353
30.340000	956.94448
30.360000	956.87195
30.380000	956.89189
30.400000	956.79271
30.420000	956.78260
30.440000	956.82119
30.460000	956.75567
30.480000	956.71314
30.500000	956.61794
30.520000	956.47710
30.540000	956.37830
30.560000	956.32700
30.580000	956.33813
30.600000	956.30730
30.620000	956.33182
30.640000	956.34449
30.660000	956.35097
30.680000	956.30942
30.700000	956.29714
30.720000	956.33709
30.740000	956.22817
30.760000	956.12462
30.780000	955.98819
30.800000	955.81441
30.820000	955.65715
30.840000	955.60026
30.860000	955.48893
30.880000	955.47826
30.900000	955.43825
30.920000	955.31385
30.940000	955.08290
30.960000	955.01388
30.980000	955.12911
31.000000	955.19302
31.020000	955.12183
31.040000	954.99642
31.060000	954.78536
31.080000	954.73210
31.100000	954.73303
31.120000	954.55556
31.140000	954.44562
31.160000	954.46354
31.180000	954.47379
31.200000	954.40817
31.220000	954.31808
31.240000	954.23953
31.260000	954.10952
31.280000	954.05966
31.300000	954.04733
31.320000	953.83468
31.340000	953.83335
31.360000	953.76453
31.380000	953.52896
31.400000	953.34636
31.420000	953.36209
31.440000	953.41079
31.460000	953.44352
31.480000	953.38045
31.500000	953.22610
31.520000	953.22138
31.540000	953.23424
31.560000	953.08057
31.580000	952.77851
31.600000	952.55163
31.620000	952.58976
31.640000	952.51940
31.660000	952.34545
31.680000	952.32227
31.700000	952.19177
31.720000	952.09554
31.740000	952.18957
31.760000	952.11826
31.780000	951.94933
31.800000	951.84569
31.820000	951.83043
31.840000	951.83164
31.860000	951.73616
31.880000	951.28004
31.900000	950.98370
31.920000	951.19312
31.940000	951.34254
31.960000	951.28191
31.980000	951.19420
32.000000	951.17109
32.020000	951.07216
32.040000	950.88672
32.060000	950.80364
32.080000	950.69526
32.100000	950.43878
32.120000	950.29247
32.140000	950.27188
32.160000	950.37240
32.180000	950.20246
32.200000	950.04426
32.220000	950.20635
32.240000	950.22338
32.260000	950.20924
32.280000	950.18263
32.300000	950.08182
32.320000	950.03806
32.340000	950.01939
32.360000	949.88095
32.380000	949.71748
32.400000	949.48012
32.420000	949.37273
32.440000	949.35064
32.460000	949.34326
32.480000	949.28595
32.500000	949.33721
32.520000	949.40165
32.540000	949.29848
32.560000	949.28792
32.580000	949.20746
32.600000	948.89669
32.620000	948.63076
32.640000	948.60761
32.660000	948.59042
32.680000	948.49848
32.700000	948.23204
32.720000	948.29229
32.740000	948.36148
32.760000	948.30549
32.780000	948.39404
32.800000	948.30538
32.820000	948.19518
32.840000	948.25005
32.860000	947.97535
32.880000	947.75910
32.900000	947.90294
32.920000	947.95829
32.940000	947.92671
32.960000	947.83557
32.980000	947.86852
33.000000	947.79217
33.020000	947.53908
33.040000	947.18740
33.060000	947.23635
33.080000	947.45909
33.100000	947.34644
33.120000	947.36186
33.140000	947.34352
33.160000	947.31169
33.180000	947.18969
33.200000	946.99249
33.220000	946.80988
33.240000	946.85034
33.260000	946.90907
33.280000	946.92264
33.300000	946.96216
33.320000	947.01647
33.340000	947.04878
33.360000	946.98019
33.380000	946.89301
33.400000	946.86838
33.420000	946.78311
33.440000	946.63436
33.460000	946.54575
33.480000	946.53986
33.500000	946.56289
33.520000	946.48326
33.540000	946.53128
33.560000	946.43451
33.580000	946.20250
33.600000	945.99780
33.620000	946.01794
33.640000	946.28288
33.660000	946.20136
33.680000	945.96484
33.700000	945.90725
33.720000	945.76481
33.740000	945.79670
33.760000	945.94761
33.780000	945.97253
33.800000	945.92691
33.820000	945.82433
33.840000	945.61389
33.860000	945.67723
33.880000	945.86080
33.900000	945.53845
33.920000	944.98135
33.940000	945.15549
33.960000	945.61259
33.980000	945.64132
34.000000	945.63909
34.020000	945.54662
34.040000	945.46732
34.060000	945.33816
34.080000	945.34426
34.100000	945.48920
34.120000	945.42625
34.140000	945.38748
34.160000	945.36790
34.180000	945.21342
34.200000	945.12085
34.220000	945.12221
34.240000	945.10123
34.260000	944.94336
34.280000	944.91301
34.300000	945.01226
34.320000	944.92146
34.340000	944.89509
34.360000	944.95357
34.380000	944.77927
34.400000	944.68889
34.420000	944.83562
34.440000	944.68227
34.460000	944.61108
34.480000	944.69110
34.500000	944.66978
34.520000	944.70632
34.540000	944.73229
34.560000	944.64477
34.580000	944.41539
34.600000	944.20185
34.620000	944.37369
34.640000	944.56716
34.660000	944.61953
34.680000	944.59600
34.700000	944.51974
34.720000	944.53900
34.740000	944.52636
34.760000	944.26184
34.780000	944.28120
34.800000	944.48717
34.820000	944.44373
34.840000	944.39347
34.860000	944.31427
34.880000	944.20393
34.900000	944.25216
34.920000	944.35128
34.940000	944.25870
34.960000	944.07158
34.980000	944.04393
35.000000	943.95937
35.020000	943.91326
35.040000	944.02078
35.060000	943.96593
35.080000	943.92226
35.100000	944.02027
35.120000	943.93850
35.140000	943.79330
35.160000	943.85468
35.180000	943.94185
35.200000	944.00243
35.220000	944.04116
35.240000	943.91629
35.260000	943.80681
35.280000	943.66632
35.300000	943.56819
35.320000	943.47947
35.340000	943.46941
35.360000	943.41741
35.380000	943.38753
35.400000	943.36083
35.420000	943.24532
35.440000	943.27850
35.460000	943.33482
35.480000	943.43864
35.500000	943.47234
35.520000	943.48595
35.540000	943.44194
35.560000	943.39491
35.580000	943.35202
35.600000	943.29224
35.620000	943.21266
35.640000	943.08973
35.660000	943.02186
35.680000	943.06862
35.700000	943.04195
35.720000	942.94635
35.740000	942.84511
35.760000	942.77550
35.780000	942.77146
35.800000	942.80084
35.820000	942.80711
35.840000	942.72596
35.860000	942.68946
35.880000	942.62823
35.900000	942.47067
35.920000	942.39630
35.940000	942.37423
35.960000	942.33799
35.980000	942.43877
36.000000	942.52754
36.020000	942.46571
36.040000	942.37359
36.060000	942.26222
36.080000	942.14427
36.100000	942.05954
36.120000	942.09978
36.140000	942.05784
36.160000	942.07348
36.180000	942.07723
36.200000	941.91869
36.220000	941.86541
36.240000	941.98824
36.260000	941.86541
36.280000	941.59917
36.300000	941.61030
36.320000	941.59736
36.340000	941.52314
36.360000	941.50761
36.380000	941.29186
36.400000	941.29778
36.420000	941.35887
36.440000	941.32738
36.460000	941.26132
36.480000	941.14178
36.500000	941.02913
36.520000	941.06957
36.540000	941.12948
36.560000	941.01047
36.580000	940.86077
36.600000	940.79558
36.620000	940.76987
36.640000	940.71087
36.660000	940.61356
36.680000	940.56584
36.700000	940.60006
36.720000	940.51543
36.740000	940.37179
36.760000	940.48374
36.780000	940.46204
36.800000	940.31908
36.820000	940.12202
36.840000	939.92301
36.860000	939.84281
36.880000	939.83720
36.900000	939.72312
36.920000	939.66020
36.940000	939.64649
36.960000	939.63149
36.980000	939.56502
37.000000	939.40030
37.020000	939.32182
37.040000	939.27378
37.060000	939.23052
37.080000	939.14145
37.100000	939.03791
37.120000	939.02037
37.140000	939.02885
37.160000	938.96955
37.180000	938.78370
37.200000	938.65807
37.220000	938.49778
37.240000	938.47975
37.260000	938.33428
37.280000	938.10055
37.300000	937.99580
37.320000	937.98492
37.340000	938.06407
37.360000	937.93642
37.380000	937.88507
37.400000	937.77436
37.420000	937.58226
37.440000	937.56708
37.460000	937.55074
37.480000	937.49020
37.500000	937.61319
37.520000	937.47509
37.540000	937.20542
37.560000	936.95184
37.580000	936.84418
37.600000	936.89801
37.620000	936.92261
37.640000	936.94985
37.660000	936.77563
37.680000	936.48263
37.700000	936.44729
37.720000	936.32356
37.740000	936.16565
37.760000	936.14069
37.780000	936.21512
37.800000	936.22582
37.820000	935.99776
37.840000	935.89538
37.860000	935.97959
37.880000	935.81720
37.900000	935.73088
37.920000	935.61650
37.940000	935.40975
37.960000	935.33979
37.980000	935.34328
38.000000	935.12358
38.020000	935.12527
38.040000	935.22012
38.060000	935.20438
38.080000	935.08617
38.100000	934.96568
38.120000	934.87576
38.140000	934.74049
38.160000	934.57259
38.180000	934.54954
38.200000	934.45918
38.220000	934.45171
38.240000	934.34793
38.260000	934.28792
38.280000	934.12559
38.300000	933.89562
38.320000	933.73802
38.340000	933.63389
38.360000	933.56801
38.380000	933.61074
38.400000	933.50404
38.420000	933.46755
38.440000	933.24575
38.460000	933.15925
38.480000	933.23707
38.500000	933.10735
38.520000	932.95318
38.540000	933.00778
38.560000	932.91241
38.580000	932.91580
38.600000	932.71497
38.620000	932.52502
38.640000	932.54724
38.660000	932.57955
38.680000	932.55519
38.700000	932.45113
38.720000	932.32325
38.740000	932.16316
38.760000	931.98449
38.780000	932.03456
38.800000	932.07030
38.820000	931.88429
38.840000	931.73480
38.860000	931.53980
38.880000	931.28078
38.900000	931.24710
38.920000	931.27743
38.940000	931.25501
38.960000	931.19601
38.980000	931.11744
39.000000	930.89276
39.020000	930.80316
39.040000	930.73904
39.060000	930.65182
39.080000	930.62722
39.100000	930.34970
39.120000	930.20025
39.140000	930.17126
39.160000	930.14559
39.180000	930.20260
39.200000	930.10310
39.220000	930.02635
39.240000	929.96831
39.260000	930.04822
39.280000	930.05868
39.300000	929.86687
39.320000	929.74521
39.340000	929.59241
39.360000	929.54680
39.380000	929.38503
39.400000	929.20148
39.420000	929.15017
39.440000	929.05751
39.460000	928.97351
39.480000	929.00011
39.500000	928.87434
39.520000	928.74192
39.540000	928.77577
39.560000	928.69550
39.580000	928.66672
39.600000	928.53890
39.620000	928.36150
39.640000	928.33948
39.660000	928.20669
39.680000	928.20506
39.700000	928.23727
39.720000	928.08593
39.740000	927.81611
39.760000	927.82226
39.780000	927.95172
39.800000	927.91050
39.820000	927.77945
39.840000	927.58797
39.860000	927.56957
39.880000	927.73501
39.900000	927.64436
39.920000	927.44609
39.940000	927.43410
39.960000	927.31541
39.980000	927.02492
40.000000	926.96269
40.020000	926.90930
40.040000	926.96862
40.060000	926.89005
40.080000	926.75878
40.100000	926.74720
40.120000	926.78307
40.140000	926.59799
40.160000	926.38130
40.180000	926.34599
40.200000	926.31037
40.220000	926.23830
40.240000	926.25049
40.260000	926.03659
40.280000	925.90342
40.300000	926.04977
40.320000	925.98193
40.340000	925.70930
40.360000	925.53385
40.380000	925.49917
40.400000	925.75284
40.420000	925.73707
40.440000	925.44786
40.460000	925.44379
40.480000	925.35716
40.500000	925.24627
40.520000	925.20716
40.540000	925.26332
40.560000	925.19761
40.580000	925.07262
40.600000	924.87010
40.620000	924.83474
40.640000	924.70779
40.660000	924.66936
40.680000	924.75687
40.700000	924.72318
40.720000	924.51150
40.740000	924.57157
40.760000	924.58951
40.780000	924.30816
40.800000	924.23526
40.820000	924.06589
40.840000	923.96275
40.860000	924.03053
40.880000	923.99829
40.900000	923.83561
40.920000	923.72716
40.940000	923.65683
40.960000	923.61451
40.980000	923.50433
41.000000	923.33938
41.020000	923.23381
41.040000	923.34296
41.060000	923.48886
41.080000	923.36025
41.100000	923.26307
41.120000	923.18189
41.140000	923.09055
41.160000	923.04562
41.180000	922.95604
41.200000	922.68715
41.220000	922.60476
41.240000	922.54813
41.260000	922.61684
41.280000	922.49413
41.300000	922.33279
41.320000	922.31370
41.340000	922.17085
41.360000	922.15322
41.380000	922.12664
41.400000	921.99600
41.420000	922.00230
41.440000	921.98864
41.460000	921.86767
41.480000	921.71526
41.500000	921.71417
41.520000	921.58268
41.540000	921.45234
41.560000	921.37222
41.580000	921.18782
41.600000	921.09896
41.620000	921.21296
41.640000	921.09641
41.660000	921.09585
41.680000	921.04339
41.700000	920.92090
41.720000	921.01668
41.740000	920.89657
41.760000	920.75873
41.780000	920.58756
41.800000	920.52968
41.820000	920.43648
41.840000	920.36919
41.860000	920.19646
41.880000	920.05306
41.900000	920.07997
41.920000	920.06058
41.940000	919.93186
41.960000	919.76443
41.980000	919.66447
42.000000	919.59387
42.020000	919.61000
42.040000	919.62072
42.060000	919.39623
42.080000	919.24133
42.100000	919.26453
42.120000	919.10683
42.140000	919.10101
42.160000	919.08741
42.180000	918.88988
42.200000	918.75795
42.220000	918.74697
42.240000	918.73148
42.260000	918.62848
42.280000	918.44987
42.300000	918.24719
42.320000	918.20381
42.340000	918.13720
42.360000	918.13649
42.380000	918.08108
42.400000	918.06483
42.420000	917.90210
42.440000	917.78284
42.460000	917.71533
42.480000	917.76114
42.500000	917.71242
42.520000	917.62540
42.540000	917.55209
42.560000	917.43207
42.580000	917.23821
42.600000	917.20547
42.620000	917.14271
42.640000	916.99596
42.660000	916.88800
42.680000	916.70683
42.700000	916.61799
42.720000	916.72232
42.740000	916.71983
42.760000	916.65532
42.780000	916.52038
42.800000	916.36802
42.820000	916.30999
42.840000	916.34756
42.860000	916.32080
42.880000	916.02936
42.900000	915.73006
42.920000	915.73039
42.940000	915.70677
42.960000	915.74390
42.980000	915.68496
43.000000	915.52590
43.020000	915.42720
43.040000	915.42000
43.060000	915.30839
43.080000	915.06412
43.100000	915.04996
43.120000	914.88917
43.140000	914.76088
43.160000	914.50231
43.180000	914.56993
43.200000	914.62526
43.220000	914.56345
43.240000	914.46652
43.260000	914.29893
43.280000	914.21711
43.300000	914.12990
43.320000	913.99626
43.340000	913.94979
43.360000	913.93345
43.380000	913.87095
43.400000	913.85916
43.420000	913.80900
43.440000	913.50736
43.460000	913.37428
43.480000	913.18843
43.500000	913.11290
43.520000	913.16617
43.540000	913.24106
43.560000	913.00438
43.580000	912.78868
43.600000	912.66048
43.620000	912.74306
43.640000	912.73221
43.660000	912.70424
43.680000	912.47757
43.700000	912.26539
43.720000	912.37152
43.740000	912.34445
43.760000	912.19047
43.780000	911.95960
43.800000	911.95859
43.820000	911.86871
43.840000	911.64221
43.860000	911.56829
43.880000	911.53333
43.900000	911.60638
43.920000	911.40114
43.940000	911.27209
43.960000	911.08733
43.980000	910.90834
44.000000	910.85866
44.020000	910.71002
44.040000	910.60394
44.060000	910.55079
44.080000	910.38571
44.100000	910.30866
44.120000	910.24365
44.140000	910.18711
44.160000	910.18273
44.180000	910.05272
44.200000	910.06085
44.220000	909.91198
44.240000	909.60491
44.260000	909.55715
44.280000	909.43391
44.300000	909.25193
44.320000	909.17410
44.340000	909.26617
44.360000	909.07261
44.380000	909.03886
44.400000	908.86372
44.420000	908.74923
44.440000	908.70230
44.460000	908.45267
44.480000	908.28172
44.500000	908.37848
44.520000	908.54172
44.540000	908.13321
44.560000	907.87983
44.580000	907.69844
44.600000	907.71325
44.620000	907.84170
44.640000	907.58413
44.660000	907.41915
44.680000	907.43063
44.700000	907.36791
44.720000	907.18765
44.740000	907.11940
44.760000	906.84949
44.780000	906.72021
44.800000	906.60016
44.820000	906.65011
44.840000	906.53811
44.860000	906.47638
44.880000	906.40171
44.900000	906.33996
44.920000	906.12968
44.940000	905.93752
44.960000	905.87995
44.980000	905.65892
45.000000	905.51762
45.020000	905.62036
45.040000	905.39877
45.060000	905.20290
45.080000	905.09117
45.100000	905.02242
45.120000	904.96388
45.140000	904.92364
45.160000	904.95732
45.180000	904.85423
45.200000	904.69073
45.220000	904.55283
45.240000	904.36247
45.260000	904.26567
45.280000	904.24261
45.300000	904.22693
45.320000	904.18479
45.340000	904.12873
45.360000	904.01983
45.380000	903.98412
45.400000	903.97955
45.420000	903.88193
45.440000	903.76453
45.460000	903.55904
45.480000	903.28420
45.500000	903.19278
45.520000	903.05377
45.540000	902.91898
45.560000	902.94714
45.580000	902.92991
45.600000	902.82959
45.620000	902.69536
45.640000	902.66279
45.660000	902.68321
45.680000	902.49157
45.700000	902.34299
45.720000	902.12117
45.740000	902.04208
45.760000	902.01850
45.780000	901.82417
45.800000	901.69599
45.820000	901.64403
45.840000	901.58085
45.860000	901.59607
45.880000	901.42978
45.900000	901.37155
45.920000	901.18682
45.940000	901.12386
45.960000	900.81519
45.980000	900.62249
46.000000	900.67223
46.020000	900.78034
46.040000	900.71738
46.060000	900.47508
46.080000	900.27904
46.100000	900.15183
46.120000	900.18347
46.140000	899.90144
46.160000	899.76112
46.180000	899.88900
46.200000	899.85484
46.220000	899.87969
46.240000	899.59679
46.260000	899.68476
46.280000	899.50950
46.300000	899.32401
46.320000	899.04028
46.340000	898.97167
46.360000	899.16637
46.380000	899.08974
46.400000	898.78651
46.420000	898.71591
46.440000	898.65765
46.460000	898.56166
46.480000	898.41734
46.500000	898.29111
46.520000	898.18138
46.540000	898.05298
46.560000	897.90553
46.580000	897.78859
46.600000	897.70385
46.620000	897.72355
46.640000	897.70640
46.660000	897.46047
46.680000	897.52989
46.700000	897.54671
46.720000	897.19282
46.740000	897.07998
46.760000	897.02663
46.780000	896.92884
46.800000	896.85297
46.820000	896.65264
46.840000	896.46539
46.860000	896.43706
46.880000	896.30785
46.900000	896.41696
46.920000	896.22850
46.940000	896.26935
46.960000	896.14126
46.980000	896.05263
47.000000	896.11679
47.020000	895.93564
47.040000	895.74797
47.060000	895.80239
47.080000	895.42911
47.100000	895.25460
47.120000	895.26839
47.140000	895.25848
47.160000	895.14522
47.180000	895.10141
47.200000	894.98967
47.220000	894.91807
47.240000	894.85304
47.260000	894.62430
47.280000	894.35120
47.300000	894.46260
47.320000	894.33205
47.340000	894.29421
47.360000	894.12996
47.380000	894.12193
47.400000	894.13829
47.420000	893.99435
47.440000	893.68829
47.460000	893.58191
47.480000	893.73068
47.500000	893.63838
47.520000	893.49484
47.540000	893.26529
47.560000	893.07081
47.580000	893.08853
47.600000	893.16076
47.620000	892.99723
47.640000	893.00306
47.660000	892.90449
47.680000	892.51203
47.700000	892.18536
47.720000	892.26488
47.740000	892.29373
47.760000	892.34114
47.780000	892.23491
47.800000	892.20136
47.820000	892.00070
47.840000	891.85108
47.860000	891.69000
47.880000	891.64973
47.900000	891.51389
47.920000	891.41625
47.940000	891.26248
47.960000	891.30333
47.980000	891.32421
48.000000	891.11140
48.020000	890.88683
48.040000	890.88376
48.060000	890.70238
48.080000	890.48649
48.100000	890.57759
48.120000	890.51610
48.140000	890.36953
48.160000	890.42285
48.180000	890.24010
48.200000	890.01731
48.220000	890.07140
48.240000	889.97124
48.260000	889.98277
48.280000	889.58222
48.300000	889.74902
48.320000	889.43936
48.340000	889.24735
48.360000	889.06668
48.380000	888.99278
48.400000	888.97822
48.420000	888.86352
48.440000	888.76835
48.460000	888.64731
48.480000	888.58822
48.500000	888.57848
48.520000	888.41312
48.540000	888.37721
48.560000	888.42215
48.580000	888.18397
48.600000	888.08428
48.620000	887.89827
48.640000	887.75008
48.660000	887.69705
48.680000	887.49367
48.700000	887.55877
48.720000	887.51541
48.740000	887.22177
48.760000	887.23901
48.780000	887.14247
48.800000	887.06645
48.820000	886.78788
48.840000	886.55270
48.860000	886.58669
48.880000	886.52314
48.900000	886.54508
48.920000	886.30602
48.940000	886.10055
48.960000	886.17205
48.980000	886.18063
49.000000	886.10096
49.020000	885.95393
49.040000	885.62765
49.060000	885.58688
49.080000	885.44770
49.100000	885.34983
49.120000	885.10436
49.140000	884.93022
49.160000	884.92500
49.180000	884.92968
49.200000	884.80569
49.220000	884.72250
49.240000	884.46716
49.260000	884.38289
49.280000	884.37427
49.300000	884.31401
49.320000	884.13610
49.340000	883.84313
49.360000	883.71276
49.380000	883.59063
49.400000	883.51846
49.420000	883.59568
49.440000	883.21656
49.460000	883.08190
49.480000	883.14104
49.500000	882.93614
49.520000	882.75664
49.540000	882.63665
49.560000	882.69706
49.580000	882.48974
49.600000	882.54477
49.620000	882.50177
49.640000	882.28120
49.660000	882.03517
49.680000	881.98249
49.700000	881.75125
49.720000	881.67877
49.740000	881.58047
49.760000	881.33227
49.780000	881.39967
49.800000	881.08336
49.820000	881.11011
49.840000	880.98730
49.860000	880.97554
49.880000	880.82001
49.900000	880.60464
49.920000	880.50635
49.940000	880.41090
49.960000	880.13504
49.980000	880.25997
50.000000	880.15600
50.020000	879.76803
50.040000	879.81841
50.060000	879.74002
50.080000	879.74777
50.100000	879.62312
50.120000	879.47507
50.140000	879.47361
50.160000	879.21891
50.180000	878.95780
50.200000	878.89850
50.220000	879.02951
50.240000	878.80899
50.260000	878.61376
50.280000	878.58936
50.300000	878.30298
50.320000	878.10953
50.340000	878.12427
50.360000	877.71425
50.380000	877.86446
50.400000	877.86300
50.420000	877.71595
50.440000	877.60285
50.460000	877.42391
50.480000	877.18852
50.500000	877.03900
50.520000	877.14488
50.540000	877.06814
50.560000	876.97960
50.580000	876.95991
50.600000	876.72008
50.620000	876.25371
50.640000	876.22732
50.660000	876.26777
50.680000	876.13056
50.700000	875.86298
50.720000	875.78674
50.740000	875.74184
50.760000	875.98185
50.780000	875.74307
50.800000	875.55486
50.820000	875.29757
50.840000	875.33160
50.860000	875.24692
50.880000	874.93812
50.900000	875.15718
50.920000	875.05273
50.940000	874.60001
50.960000	874.40821
50.980000	874.56574
51.000000	874.38576
51.020000	874.41712
51.040000	874.29268
51.060000	874.00503
51.080000	874.04109
51.100000	873.80837
51.120000	873.54453
51.140000	873.52797
51.160000	873.55013
51.180000	873.37821
51.200000	873.23275
51.220000	873.04569
51.240000	873.04187
51.260000	872.93155
51.280000	873.02124
51.300000	873.00449
51.320000	872.60325
51.340000	872.68285
51.360000	872.49504
51.380000	872.36624
51.400000	872.35068
51.420000	872.18984
51.440000	872.12798
51.460000	871.99553
51.480000	872.08242
51.500000	871.93786
51.520000	872.00453
51.540000	871.94471
51.560000	871.80041
51.580000	871.66310
51.600000	871.54485
51.620000	871.64147
51.640000	871.30632
51.660000	871.26241
51.680000	871.06029
51.700000	870.83365
51.720000	870.65490
51.740000	870.68659
51.760000	870.56371
51.780000	870.38818
51.800000	870.17360
51.820000	870.04351
51.840000	869.80013
51.860000	869.76174
51.880000	869.86647
51.900000	869.64344
51.920000	869.51689
51.940000	869.43151
51.960000	869.36372
51.980000	869.49093
52.000000	869.21909
52.020000	869.14328
52.040000	869.20864
52.060000	869.07212
52.080000	868.81187
52.100000	868.48540
52.120000	868.31707
52.140000	868.28180
52.160000	868.20913
52.180000	868.08430
52.200000	867.94666
52.220000	868.03178
52.240000	868.06235
52.260000	867.90498
52.280000	867.65317
52.300000	867.39761
52.320000	867.38304
52.340000	867.20406
52.360000	867.14976
52.380000	866.97296
52.400000	866.97146
52.420000	866.87268
52.440000	866.93208
52.460000	866.79313
52.480000	866.61457
52.500000	866.46069
52.520000	866.16720
52.540000	866.15190
52.560000	865.97050
52.580000	866.08583
52.600000	866.09475
52.620000	866.05123
52.640000	865.66205
52.660000	865.51662
52.680000	865.43254
52.700000	865.28306
52.720000	865.41888
52.740000	865.17314
52.760000	865.02096
52.780000	865.06670
52.800000	864.99030
52.820000	864.94542
52.840000	864.69938
52.860000	864.51194
52.880000	864.29423
52.900000	864.15286
52.920000	864.20473
52.940000	863.94183
52.960000	863.88073
52.980000	864.07583
53.000000	863.79979
53.020000	863.58628
53.040000	863.33891
53.060000	863.40274
53.080000	863.22688
53.100000	863.08599
53.120000	862.79993
53.140000	862.71012
53.160000	862.68193
53.180000	862.53314
53.200000	862.69060
53.220000	862.59371
53.240000	862.33163
53.260000	862.37358
53.280000	862.14835
53.300000	861.92943
53.320000	861.94483
53.340000	861.92271
53.360000	861.96197
53.380000	861.52573
53.400000	861.60510
53.420000	861.53712
53.440000	861.25898
53.460000	860.98648
53.480000	861.07241
53.500000	860.86495
53.520000	860.78189
53.540000	860.69246
53.560000	860.73249
53.580000	860.38295
53.600000	860.20683
53.620000	859.99749
53.640000	859.97792
53.660000	860.01183
53.680000	859.97924
53.700000	859.86362
53.720000	859.46557
53.740000	859.25210
53.760000	859.46112
53.780000	859.34225
53.800000	859.18593
53.820000	858.97842
53.840000	859.02151
53.860000	858.67331
53.880000	858.87321
53.900000	858.66708
53.920000	858.57377
53.940000	858.57658
53.960000	858.59482
53.980000	858.13807
54.000000	857.98655
54.020000	857.77986
54.040000	857.95846
54.060000	857.87184
54.080000	857.96192
54.100000	858.08002
54.120000	857.41651
54.140000	857.27681
54.160000	857.23080
54.180000	857.19782
54.200000	857.17757
54.220000	856.93216
54.240000	856.63618
54.260000	856.58919
54.280000	856.36676
54.300000	856.45950
54.320000	856.27788
54.340000	856.20678
54.360000	856.15718
54.380000	855.83268
54.400000	855.86510
54.420000	855.86189
54.440000	855.75143
54.460000	855.58178
54.480000	855.61834
54.500000	855.54443
54.520000	855.11419
54.540000	855.28330
54.560000	854.99955
54.580000	855.30825
54.600000	855.05237
54.620000	854.80033
54.640000	854.92469
54.660000	854.50106
54.680000	854.05371
54.700000	854.32328
54.720000	854.09506
54.740000	853.87132
54.760000	853.81925
54.780000	853.83665
54.800000	853.85005
54.820000	853.83022
54.840000	853.44228
54.860000	853.63602
54.880000	853.51641
54.900000	853.21953
54.920000	853.13335
54.940000	853.03589
54.960000	853.16422
54.980000	853.18688
55.000000	852.90805
55.020000	853.09233
55.040000	852.61646
55.060000	852.19173
55.080000	852.41271
55.100000	852.24856
55.120000	852.53524
55.140000	852.17943
55.160000	851.89532
55.180000	851.80812
55.200000	851.97402
55.220000	851.84682
55.240000	851.87136
55.260000	851.55530
55.280000	851.63518
55.300000	851.33868
55.320000	851.24217
55.340000	851.62611
55.360000	851.31155
55.380000	850.54578
55.400000	850.52465
55.420000	850.83436
55.440000	850.28606
55.460000	850.35740
55.480000	850.12237
55.500000	850.40774
55.520000	850.20476
55.540000	850.11209
55.560000	849.93838
55.580000	850.00810
55.600000	849.56363
55.620000	849.70327
55.640000	849.30772
55.660000	849.56010
55.680000	849.68873
55.700000	849.57219
55.720000	849.23303
55.740000	849.34330
55.760000	849.04714
55.780000	848.70303
55.800000	848.34277
55.820000	848.05804
55.840000	847.99897
55.860000	847.98490
55.880000	848.55225
55.900000	848.07719
55.920000	848.16215
55.940000	848.14589
55.960000	848.10746
55.980000	847.66113
56.000000	846.93964
56.020000	847.77115
56.040000	847.80561
56.060000	847.97119
56.080000	847.66310
56.100000	847.67984
56.120000	847.60090
56.140000	847.36716
56.160000	847.70537
56.180000	847.12494
56.200000	846.93425
56.220000	846.65700
56.240000	846.79905
56.260000	846.64185
56.280000	846.24232
56.300000	846.15578
56.320000	846.53849
56.340000	846.25850
56.360000	846.04340
56.380000	845.89400
56.400000	845.86032
56.420000	845.89350
56.440000	845.74380
56.460000	845.68306
56.480000	845.66797
56.500000	845.03129
56.520000	845.40275
56.540000	845.32243
56.560000	845.26101
56.580000	845.29465
56.600000	845.13530
56.620000	845.42632
56.640000	845.18849
56.660000	845.31280
56.680000	844.99231
56.700000	844.86869
56.720000	844.13015
56.740000	844.68683
56.760000	844.43299
56.780000	843.80532
56.800000	843.90159
56.820000	844.22695
56.840000	844.26218
56.860000	843.79265
56.880000	844.14540
56.900000	843.90794
56.920000	843.29782
56.940000	843.36286
56.960000	843.46245
56.980000	843.60755
57.000000	843.61215
57.020000	842.90229
57.040000	842.84152
57.060000	842.47009
57.080000	842.60662
57.100000	843.09190
57.120000	842.31003
57.140000	841.84069
57.160000	842.31965
57.180000	842.59364
57.200000	841.79340
57.220000	842.23921
57.240000	842.43593
57.260000	842.01665
57.280000	841.53313
57.300000	841.84226
57.320000	841.96028
57.340000	841.82168
57.360000	841.01129
57.380000	840.99915
57.400000	840.84324
57.420000	840.90489
57.440000	840.92804
57.460000	840.95289
57.480000	840.41442
57.500000	840.67977
57.520000	840.78512
57.540000	839.90737
57.560000	839.78414
57.580000	840.26709
57.600000	840.74823
57.620000	840.84166
57.640000	839.76292
57.660000	840.43288
57.680000	840.44012
57.700000	839.75948
57.720000	838.89186
57.740000	839.30816
57.760000	838.74662
57.780000	838.56295
57.800000	839.14398
57.820000	839.45712
57.840000	839.66514
57.860000	839.67948
57.880000	838.95844
57.900000	839.20099
57.920000	839.00081
57.940000	839.15976
57.960000	838.57075
57.980000	838.56476
58.000000	838.04179
58.020000	839.38915
58.040000	838.41028
58.060000	837.86549
58.080000	838.18429
58.100000	839.12516
58.120000	838.18575
58.140000	837.51041
58.160000	837.51079
58.180000	837.32868
58.200000	837.48905
58.220000	837.87185
58.240000	837.25247
58.260000	837.11471
58.280000	836.96566
58.300000	836.35118
58.320000	836.81122
58.340000	836.43144
58.360000	837.01207
58.380000	836.85648
58.400000	837.36910
58.420000	837.00522
58.440000	835.93321
58.460000	836.23045
58.480000	836.22780
58.500000	837.33586
58.520000	836.16174
58.540000	836.38898
58.560000	836.12036
58.580000	836.06054
58.600000	835.95849
58.620000	835.31908
58.640000	835.62280
58.660000	835.62440
58.680000	836.23597
58.700000	835.77671
58.720000	835.71556
58.740000	835.57908
58.760000	835.56617
58.780000	835.44415
58.800000	836.21347
58.820000	835.97653
58.840000	834.77855
58.860000	834.58794
58.880000	835.11875
58.900000	835.57949
58.920000	835.70170
58.940000	835.90857
58.960000	835.25338
58.980000	834.85641
59.000000	834.88317
59.020000	834.39762
59.040000	834.28570
59.060000	833.04043
59.080000	833.07955
59.100000	834.64337
59.120000	833.76008
59.140000	833.77615
59.160000	833.76948
59.180000	834.13748
59.200000	834.37449
59.220000	834.24750
59.240000	834.79112
59.260000	834.03731
59.280000	833.33027
59.300000	833.82652
59.320000	833.25797
59.340000	832.85929
59.360000	833.72274
59.380000	832.89555
59.400000	833.04316
59.420000	832.78721
59.440000	832.93800
59.460000	832.71786
59.480000	833.27419
59.500000	833.51143
59.520000	832.69402
59.540000	832.03630
59.560000	832.99622
59.580000	833.53116
59.600000	832.75899
59.620000	832.50900
59.640000	832.04489
59.660000	831.37000
59.680000	831.95150
59.700000	831.67225
59.720000	831.27115
59.740000	831.22885
59.760000	831.41848
59.780000	831.69891
59.800000	831.97107
59.820000	832.06881
59.840000	832.04310
59.860000	831.12701
59.880000	831.81716
59.900000	831.37066
59.920000	831.87397
59.940000	831.40524
59.960000	830.74854
59.980000	831.02510
60.000000	830.70728
