0.0000000	558.34847
0.020000000	558.34847
0.040000000	562.23357
0.060000000	563.60205
0.080000000	567.19084
0.10000000	570.98625
0.12000000	573.35877
0.14000000	577.42093
0.16000000	580.29825
0.18000000	584.50481
0.20000000	589.46844
0.22000000	593.37558
0.24000000	600.95588
0.26000000	608.13585
0.28000000	621.03456
0.30000000	640.48217
0.32000000	686.77552
0.34000000	751.00486
0.36000000	889.36044
0.38000000	1072.4549
0.40000000	1226.8941
0.42000000	1407.7650
0.44000000	1539.6755
0.46000000	1703.3465
0.48000000	1838.7375
0.50000000	1947.5319
0.52000000	2055.7734
0.54000000	2178.5052
0.56000000	2264.5144
0.58000000	2355.1131
0.60000000	2451.7761
0.62000000	2530.3388
0.64000000	2627.0589
0.66000000	2717.5939
0.68000000	2835.3976
0.70000000	2959.9446
0.72000000	3125.7060
0.74000000	3274.2300
0.76000000	3452.4913
0.78000000	3582.4730
0.80000000	3698.3672
0.82000000	3798.8779
0.84000000	3880.0190
0.86000000	3956.2113
0.88000000	4018.5928
0.90000000	4075.5148
0.92000000	4127.6011
0.94000000	4185.5363
0.96000000	4232.7973
0.98000000	4276.6137
1.0000000	4317.8378
1.0200000	4356.3847
1.0400000	4392.1317
1.0600000	4424.8595
1.0800000	4455.4159
1.1000000	4486.2372
1.1200000	4514.8826
1.1400000	4542.4695
1.1600000	4570.7845
1.1800000	4595.5618
1.2000000	4620.8576
1.2200000	4645.8771
1.2400000	4668.0477
1.2600000	4690.0987
1.2800000	4715.7340
1.3000000	4737.1477
1.3200000	4757.1280
1.3400000	4780.7988
1.3600000	4803.8794
1.3800000	4828.1210
1.4000000	4853.5908
1.4200000	4882.8471
1.4400000	4915.1324
1.4600000	4948.3599
1.4800000	4983.1346
1.5000000	5025.1509
1.5200000	5067.6142
1.5400000	5114.8352
1.5600000	5167.3286
1.5800000	5219.5739
1.6000000	5279.0171
1.6200000	5343.0963
1.6400000	5411.7856
1.6600000	5483.4337
1.6800000	5567.1252
1.7000000	5647.8964
1.7200000	5742.0663
1.7400000	5839.2765
1.7600000	5938.9284
1.7800000	6052.1119
1.8000000	6164.6138
1.8200000	6284.7400
1.8400000	6410.1787
1.8600000	6543.2940
1.8800000	6673.0457
1.9000000	6820.1958
1.9200000	6955.3704
1.9400000	7095.9084
1.9600000	7244.8570
1.9800000	7382.2131
2.0000000	7524.1678
2.0200000	7663.2019
2.0400000	7790.7433
2.0600000	7910.2112
2.0800000	8027.2072
2.1000000	8121.0207
2.1200000	8211.0648
2.1400000	8281.3815
2.1600000	8334.8402
2.1800000	8371.8797
2.2000000	8389.0895
2.2200000	8387.9429
2.2400000	8368.5971
2.2600000	8328.7731
2.2800000	8276.0937
2.3000000	8199.6961
2.3200000	8116.0328
2.3400000	8014.1920
2.3600000	7896.9582
2.3800000	7774.5153
2.4000000	7645.3675
2.4200000	7501.0637
2.4400000	7360.8203
2.4600000	7213.1229
2.4800000	7056.1015
2.5000000	6912.7870
2.5200000	6755.8401
2.5400000	6607.7681
2.5600000	6460.6177
2.5800000	6315.6313
2.6000000	6170.0083
2.6200000	6036.9148
2.6400000	5895.3674
2.6600000	5766.4740
2.6800000	5641.0480
2.7000000	5513.3977
2.7200000	5398.0338
2.7400000	5285.4927
2.7600000	5174.0109
2.7800000	5068.4018
2.8000000	4970.3934
2.8200000	4869.3676
2.8400000	4781.3843
2.8600000	4691.7707
2.8800000	4605.9797
2.9000000	4527.9461
2.9200000	4450.4273
2.9400000	4376.2265
2.9600000	4304.7143
2.9800000	4234.4840
3.0000000	4164.7818
3.0200000	4102.6368
3.0400000	4037.7013
3.0600000	3979.9172
3.0800000	3923.2964
3.1000000	3867.6391
3.1200000	3814.6220
3.1400000	3765.3325
3.1600000	3716.5523
3.1800000	3671.7786
3.2000000	3628.7076
3.2200000	3584.5836
3.2400000	3545.3943
3.2600000	3504.8013
3.2800000	3465.8303
3.3000000	3429.6696
3.3200000	3394.9336
3.3400000	3359.3690
3.3600000	3326.2896
3.3800000	3292.9229
3.4000000	3260.0437
3.4200000	3230.1100
3.4400000	3198.7260
3.4600000	3169.6763
3.4800000	3140.3748
3.5000000	3111.6507
3.5200000	3083.0385
3.5400000	3056.1946
3.5600000	3027.8248
3.5800000	3001.0556
3.6000000	2974.1000
3.6200000	2946.4307
3.6400000	2919.4967
3.6600000	2892.2532
3.6800000	2864.8724
3.7000000	2837.6182
3.7200000	2810.7863
3.7400000	2782.6934
3.7600000	2756.8880
3.7800000	2729.2177
3.8000000	2701.7583
3.8200000	2674.4085
3.8400000	2646.9534
3.8600000	2619.0124
3.8800000	2591.9057
3.9000000	2564.1933
3.9200000	2537.8529
3.9400000	2513.0941
3.9600000	2487.4883
3.9800000	2464.2138
4.0000000	2441.5329
4.0200000	2421.0921
4.0400000	2402.0363
4.0600000	2384.8535
4.0800000	2368.7456
4.1000000	2355.7547
4.1200000	2344.4251
4.1400000	2334.4557
4.1600000	2326.9435
4.1800000	2320.9735
4.2000000	2316.4178
4.2200000	2313.7399
4.2400000	2312.2502
4.2600000	2311.2199
4.2800000	2311.1068
4.3000000	2311.2034
4.3200000	2311.7108
4.3400000	2312.0908
4.3600000	2312.4491
4.3800000	2312.8081
4.4000000	2313.0382
4.4200000	2312.9772
4.4400000	2312.5014
4.4600000	2311.7523
4.4800000	2310.2278
4.5000000	2308.5033
4.5200000	2306.2058
4.5400000	2303.6249
4.5600000	2300.7185
4.5800000	2297.6324
4.6000000	2294.4634
4.6200000	2291.4853
4.6400000	2288.2285
4.6600000	2284.3243
4.6800000	2280.3281
4.7000000	2275.9851
4.7200000	2272.0081
4.7400000	2268.1890
4.7600000	2264.5477
4.7800000	2260.5493
4.8000000	2256.5018
4.8200000	2252.0786
4.8400000	2247.3156
4.8600000	2242.0960
4.8800000	2236.8841
4.9000000	2232.0902
4.9200000	2227.1922
4.9400000	2222.3539
4.9600000	2217.7716
4.9800000	2213.6148
5.0000000	2209.0120
5.0200000	2204.9090
5.0400000	2200.8850
5.0600000	2196.9753
5.0800000	2193.6218
5.1000000	2190.6413
5.1200000	2187.7898
5.1400000	2184.9036
5.1600000	2182.2168
5.1800000	2179.7243
5.2000000	2177.5802
5.2200000	2175.5244
5.2400000	2173.6723
5.2600000	2171.9345
5.2800000	2170.4884
5.3000000	2169.2941
5.3200000	2168.3530
5.3400000	2167.6579
5.3600000	2167.2953
5.3800000	2166.9961
5.4000000	2166.8708
5.4200000	2166.6328
5.4400000	2166.8026
5.4600000	2166.8698
5.4800000	2167.5008
5.5000000	2168.5478
5.5200000	2170.3602
5.5400000	2172.2781
5.5600000	2174.4748
5.5800000	2176.8002
5.6000000	2179.7458
5.6200000	2183.3961
5.6400000	2187.5656
5.6600000	2191.5074
5.6800000	2195.2016
5.7000000	2198.9932
5.7200000	2203.2848
5.7400000	2207.6733
5.7600000	2212.7272
5.7800000	2217.7876
5.8000000	2223.0482
5.8200000	2228.5831
5.8400000	2234.2869
5.8600000	2240.4410
5.8800000	2246.7119
5.9000000	2253.0257
5.9200000	2259.6443
5.9400000	2266.2824
5.9600000	2273.0055
5.9800000	2279.9384
6.0000000	2287.0621
6.0200000	2294.2543
6.0400000	2301.8803
6.0600000	2309.5539
6.0800000	2316.8495
6.1000000	2324.1148
6.1200000	2331.2051
6.1400000	2338.1525
6.1600000	2345.2621
6.1800000	2352.3233
6.2000000	2359.4211
6.2200000	2366.3252
6.2400000	2372.4037
6.2600000	2378.0362
6.2800000	2383.6860
6.3000000	2389.2152
6.3200000	2394.5668
6.3400000	2399.6227
6.3600000	2404.0963
6.3800000	2408.3226
6.4000000	2412.0515
6.4200000	2415.3555
6.4400000	2418.3379
6.4600000	2420.9954
6.4800000	2423.5048
6.5000000	2425.7322
6.5200000	2427.3762
6.5400000	2428.3112
6.5600000	2429.3924
6.5800000	2430.2780
6.6000000	2430.7624
6.6200000	2431.1013
6.6400000	2431.0380
6.6600000	2430.5702
6.6800000	2430.1651
6.7000000	2429.3586
6.7200000	2428.6899
6.7400000	2427.6191
6.7600000	2426.3393
6.7800000	2425.1838
6.8000000	2423.7634
6.8200000	2422.9955
6.8400000	2421.9201
6.8600000	2420.8962
6.8800000	2419.8011
6.9000000	2418.8227
6.9200000	2417.6671
6.9400000	2416.8690
6.9600000	2416.4044
6.9800000	2415.9267
7.0000000	2415.8496
7.0200000	2415.6154
7.0400000	2415.7904
7.0600000	2415.6543
7.0800000	2415.8852
7.1000000	2416.5692
7.1200000	2417.7449
7.1400000	2418.9388
7.1600000	2419.9466
7.1800000	2420.9972
7.2000000	2422.1946
7.2200000	2423.7242
7.2400000	2425.1600
7.2600000	2426.5344
7.2800000	2427.8981
7.3000000	2429.0234
7.3200000	2429.9381
7.3400000	2430.5242
7.3600000	2430.9296
7.3800000	2431.1851
7.4000000	2431.0809
7.4200000	2430.4980
7.4400000	2428.9211
7.4600000	2426.5152
7.4800000	2423.3076
7.5000000	2419.2402
7.5200000	2414.1621
7.5400000	2408.3132
7.5600000	2401.6367
7.5800000	2393.6374
7.6000000	2384.6751
7.6200000	2374.5848
7.6400000	2363.5098
7.6600000	2351.1095
7.6800000	2337.5062
7.7000000	2322.0727
7.7200000	2306.1854
7.7400000	2287.9793
7.7600000	2269.6128
7.7800000	2249.8467
7.8000000	2229.1896
7.8200000	2207.2291
7.8400000	2184.8368
7.8600000	2161.5126
7.8800000	2137.9300
7.9000000	2114.0958
7.9200000	2088.9593
7.9400000	2064.2368
7.9600000	2039.3473
7.9800000	2014.2495
8.0000000	1989.5591
8.0200000	1965.4076
8.0400000	1940.4011
8.0600000	1917.0708
8.0800000	1893.9240
8.1000000	1871.3784
8.1200000	1849.3986
8.1400000	1828.4563
8.1600000	1807.5840
8.1800000	1788.0481
8.2000000	1769.1092
8.2200000	1750.4513
8.2400000	1733.4058
8.2600000	1717.4845
8.2800000	1702.1319
8.3000000	1687.5527
8.3200000	1673.8876
8.3400000	1660.7153
8.3600000	1648.6601
8.3800000	1637.1270
8.4000000	1625.8598
8.4200000	1615.5037
8.4400000	1606.0346
8.4600000	1597.1254
8.4800000	1589.0416
8.5000000	1581.8054
8.5200000	1574.9767
8.5400000	1568.8527
8.5600000	1563.1326
8.5800000	1557.6441
8.6000000	1552.9227
8.6200000	1548.7031
8.6400000	1544.8266
8.6600000	1541.3346
8.6800000	1538.1074
8.7000000	1535.4016
8.7200000	1532.8395
8.7400000	1530.5476
8.7600000	1528.5179
8.7800000	1527.0080
8.8000000	1525.5167
8.8200000	1524.2270
8.8400000	1523.1710
8.8600000	1522.0488
8.8800000	1521.1226
8.9000000	1520.2204
8.9200000	1519.6097
8.9400000	1518.9539
8.9600000	1518.5604
8.9800000	1518.3607
9.0000000	1518.3588
9.0200000	1518.3509
9.0400000	1518.2897
9.0600000	1517.9928
9.0800000	1517.7332
9.1000000	1517.6228
9.1200000	1517.7344
9.1400000	1517.8223
9.1600000	1517.7924
9.1800000	1517.5664
9.2000000	1517.0878
9.2200000	1516.8146
9.2400000	1516.6193
9.2600000	1516.4690
9.2800000	1516.1485
9.3000000	1515.8550
9.3200000	1515.2627
9.3400000	1514.7025
9.3600000	1513.9422
9.3800000	1513.2056
9.4000000	1512.4155
9.4200000	1511.3495
9.4400000	1510.2752
9.4600000	1509.1913
9.4800000	1507.9999
9.5000000	1506.6078
9.5200000	1504.9638
9.5400000	1503.0564
9.5600000	1501.1789
9.5800000	1499.3029
9.6000000	1497.1931
9.6200000	1495.1353
9.6400000	1492.9543
9.6600000	1490.8857
9.6800000	1488.7189
9.7000000	1486.1600
9.7200000	1483.2617
9.7400000	1480.4221
9.7600000	1477.6378
9.7800000	1474.6220
9.8000000	1471.5605
9.8200000	1468.3592
9.8400000	1465.1606
9.8600000	1461.8816
9.8800000	1458.5819
9.9000000	1455.0030
9.9200000	1451.3009
9.9400000	1447.4122
9.9600000	1443.5185
9.9800000	1439.5618
10.000000	1435.5862
10.020000	1431.6377
10.040000	1427.6602
10.060000	1423.5537
10.080000	1419.6187
10.100000	1415.6766
10.120000	1411.6511
10.140000	1407.4082
10.160000	1403.2488
10.180000	1398.9535
10.200000	1394.7463
10.220000	1390.5527
10.240000	1386.4540
10.260000	1382.3287
10.280000	1378.3668
10.300000	1374.4733
10.320000	1370.5565
10.340000	1366.7739
10.360000	1363.0325
10.380000	1359.2589
10.400000	1355.6379
10.420000	1352.1167
10.440000	1348.6756
10.460000	1345.2754
10.480000	1342.1078
10.500000	1338.9932
10.520000	1335.7913
10.540000	1332.7514
10.560000	1329.8785
10.580000	1327.2278
10.600000	1324.5985
10.620000	1322.0730
10.640000	1319.6615
10.660000	1317.4353
10.680000	1315.2925
10.700000	1313.2231
10.720000	1311.5821
10.740000	1310.0339
10.760000	1308.6900
10.780000	1307.5783
10.800000	1306.4642
10.820000	1305.4237
10.840000	1304.4927
10.860000	1303.7912
10.880000	1303.3347
10.900000	1303.0053
10.920000	1302.9900
10.940000	1302.8503
10.960000	1302.9527
10.980000	1303.1648
11.000000	1303.6878
11.020000	1304.4095
11.040000	1305.2335
11.060000	1306.2812
11.080000	1307.2844
11.100000	1308.4006
11.120000	1309.9352
11.140000	1311.4493
11.160000	1312.8965
11.180000	1314.3678
11.200000	1316.1597
11.220000	1317.9041
11.240000	1319.9199
11.260000	1322.0948
11.280000	1324.3832
11.300000	1326.7365
11.320000	1328.9561
11.340000	1331.2441
11.360000	1333.5719
11.380000	1335.8888
11.400000	1338.0388
11.420000	1340.1338
11.440000	1342.3352
11.460000	1344.6246
11.480000	1346.9626
11.500000	1349.0808
11.520000	1351.2808
11.540000	1353.2984
11.560000	1355.3045
11.580000	1357.2494
11.600000	1359.2053
11.620000	1360.9766
11.640000	1362.6375
11.660000	1364.1787
11.680000	1365.6137
11.700000	1366.8979
11.720000	1368.1722
11.740000	1369.3185
11.760000	1370.2570
11.780000	1371.2500
11.800000	1372.0034
11.820000	1372.6869
11.840000	1373.2746
11.860000	1373.8054
11.880000	1374.2228
11.900000	1374.4621
11.920000	1374.4559
11.940000	1374.3106
11.960000	1374.1703
11.980000	1374.0267
12.000000	1373.6862
12.020000	1373.2026
12.040000	1372.7127
12.060000	1372.2789
12.080000	1371.6802
12.100000	1371.0003
12.120000	1370.1959
12.140000	1369.3803
12.160000	1368.4707
12.180000	1367.4610
12.200000	1366.7591
12.220000	1365.8338
12.240000	1364.6898
12.260000	1363.3144
12.280000	1362.0556
12.300000	1360.6911
12.320000	1359.3403
12.340000	1357.8887
12.360000	1356.6216
12.380000	1355.1917
12.400000	1353.7988
12.420000	1352.2100
12.440000	1350.7673
12.460000	1349.2154
12.480000	1347.6828
12.500000	1345.9882
12.520000	1344.3763
12.540000	1342.6433
12.560000	1340.9740
12.580000	1339.4816
12.600000	1337.7964
12.620000	1336.0067
12.640000	1334.2770
12.660000	1332.5265
12.680000	1330.6896
12.700000	1328.8771
12.720000	1327.1208
12.740000	1325.3667
12.760000	1323.6808
12.780000	1321.8787
12.800000	1319.9166
12.820000	1317.8760
12.840000	1316.0210
12.860000	1314.1309
12.880000	1312.2329
12.900000	1310.3913
12.920000	1308.5347
12.940000	1306.5422
12.960000	1304.6750
12.980000	1302.8188
13.000000	1300.7116
13.020000	1298.6085
13.040000	1296.3590
13.060000	1294.2650
13.080000	1292.0576
13.100000	1289.8632
13.120000	1287.6543
13.140000	1285.5872
13.160000	1283.6313
13.180000	1281.5706
13.200000	1279.4654
13.220000	1277.1731
13.240000	1275.0633
13.260000	1272.9447
13.280000	1270.8312
13.300000	1268.5532
13.320000	1266.2072
13.340000	1263.8545
13.360000	1261.4332
13.380000	1259.0091
13.400000	1256.8407
13.420000	1254.6170
13.440000	1252.2647
13.460000	1249.7690
13.480000	1247.2759
13.500000	1244.8705
13.520000	1242.5415
13.540000	1240.1870
13.560000	1237.8231
13.580000	1235.5204
13.600000	1233.0709
13.620000	1230.6318
13.640000	1228.2121
13.660000	1225.8926
13.680000	1223.4015
13.700000	1221.0015
13.720000	1218.6455
13.740000	1216.2280
13.760000	1213.8455
13.780000	1211.6859
13.800000	1209.4096
13.820000	1207.0453
13.840000	1204.6721
13.860000	1202.2716
13.880000	1199.8444
13.900000	1197.4591
13.920000	1195.1454
13.940000	1192.8975
13.960000	1190.5012
13.980000	1188.3214
14.000000	1186.0637
14.020000	1183.7084
14.040000	1181.3683
14.060000	1179.2441
14.080000	1177.1236
14.100000	1175.1131
14.120000	1173.2140
14.140000	1171.0528
14.160000	1168.7062
14.180000	1166.5145
14.200000	1164.6243
14.220000	1162.7086
14.240000	1160.8828
14.260000	1158.9335
14.280000	1157.0920
14.300000	1155.2731
14.320000	1153.4223
14.340000	1151.6113
14.360000	1149.8772
14.380000	1148.2191
14.400000	1146.4763
14.420000	1144.6971
14.440000	1142.9575
14.460000	1141.2460
14.480000	1139.6204
14.500000	1138.0178
14.520000	1136.5645
14.540000	1134.9695
14.560000	1133.4883
14.580000	1131.9704
14.600000	1130.6830
14.620000	1129.3891
14.640000	1128.1221
14.660000	1126.8378
14.680000	1125.5703
14.700000	1124.3394
14.720000	1123.0326
14.740000	1121.8158
14.760000	1120.5604
14.780000	1119.3876
14.800000	1118.1153
14.820000	1116.9231
14.840000	1115.7796
14.860000	1114.6633
14.880000	1113.6238
14.900000	1112.5666
14.920000	1111.5049
14.940000	1110.6440
14.960000	1109.6655
14.980000	1108.8229
15.000000	1107.9753
15.020000	1107.0571
15.040000	1106.0873
15.060000	1105.1302
15.080000	1104.2170
15.100000	1103.4956
15.120000	1102.6849
15.140000	1101.8559
15.160000	1101.0726
15.180000	1100.3020
15.200000	1099.3907
15.220000	1098.4365
15.240000	1097.5027
15.260000	1096.7642
15.280000	1095.9495
15.300000	1095.2105
15.320000	1094.5175
15.340000	1093.8177
15.360000	1093.1530
15.380000	1092.5760
15.400000	1091.7743
15.420000	1090.9456
15.440000	1090.2324
15.460000	1089.5076
15.480000	1088.8355
15.500000	1088.1797
15.520000	1087.5634
15.540000	1086.9716
15.560000	1086.3199
15.580000	1085.6209
15.600000	1084.9239
15.620000	1084.2569
15.640000	1083.4950
15.660000	1082.7697
15.680000	1081.9468
15.700000	1081.2907
15.720000	1080.7777
15.740000	1080.2494
15.760000	1079.5927
15.780000	1078.9448
15.800000	1078.2956
15.820000	1077.6133
15.840000	1076.9160
15.860000	1076.3323
15.880000	1075.6389
15.900000	1075.0270
15.920000	1074.3670
15.940000	1073.7620
15.960000	1073.0837
15.980000	1072.3667
16.000000	1071.6915
16.020000	1070.9823
16.040000	1070.3464
16.060000	1069.6248
16.080000	1068.9335
16.100000	1068.2101
16.120000	1067.5039
16.140000	1066.8869
16.160000	1066.2899
16.180000	1065.5793
16.200000	1064.9381
16.220000	1064.2294
16.240000	1063.5598
16.260000	1062.8420
16.280000	1062.1351
16.300000	1061.4229
16.320000	1060.7880
16.340000	1060.1232
16.360000	1059.4322
16.380000	1058.8519
16.400000	1058.1914
16.420000	1057.4727
16.440000	1056.8455
16.460000	1056.1833
16.480000	1055.7176
16.500000	1055.1884
16.520000	1054.6095
16.540000	1053.9138
16.560000	1053.3175
16.580000	1052.8045
16.600000	1052.3735
16.620000	1051.8071
16.640000	1051.1802
16.660000	1050.6693
16.680000	1050.2525
16.700000	1049.8211
16.720000	1049.3852
16.740000	1048.8803
16.760000	1048.4621
16.780000	1048.2452
16.800000	1047.9348
16.820000	1047.3965
16.840000	1046.9042
16.860000	1046.5140
16.880000	1046.3413
16.900000	1046.1718
16.920000	1045.8968
16.940000	1045.4928
16.960000	1045.1731
16.980000	1045.0702
17.000000	1044.8727
17.020000	1044.6163
17.040000	1044.4220
17.060000	1044.3150
17.080000	1044.2114
17.100000	1044.1782
17.120000	1044.2282
17.140000	1044.2290
17.160000	1044.1196
17.180000	1044.1740
17.200000	1044.2267
17.220000	1044.2590
17.240000	1044.3375
17.260000	1044.4088
17.280000	1044.5708
17.300000	1044.6341
17.320000	1044.7193
17.340000	1044.8927
17.360000	1045.1155
17.380000	1045.4936
17.400000	1045.8729
17.420000	1046.2177
17.440000	1046.4804
17.460000	1046.7322
17.480000	1046.9999
17.500000	1047.2037
17.520000	1047.5334
17.540000	1048.0205
17.560000	1048.5044
17.580000	1048.9382
17.600000	1049.2250
17.620000	1049.5248
17.640000	1049.8576
17.660000	1050.3204
17.680000	1050.7952
17.700000	1051.2141
17.720000	1051.6309
17.740000	1052.1609
17.760000	1052.6902
17.780000	1053.0730
17.800000	1053.4983
17.820000	1053.9660
17.840000	1054.4239
17.860000	1054.8028
17.880000	1055.2393
17.900000	1055.7277
17.920000	1056.2252
17.940000	1056.6703
17.960000	1057.1176
17.980000	1057.6497
18.000000	1058.0409
18.020000	1058.3916
18.040000	1058.7628
18.060000	1059.1865
18.080000	1059.6360
18.100000	1060.0016
18.120000	1060.2849
18.140000	1060.4997
18.160000	1060.8320
18.180000	1061.0432
18.200000	1061.2356
18.220000	1061.4106
18.240000	1061.6561
18.260000	1061.7953
18.280000	1061.8967
18.300000	1062.0099
18.320000	1062.0688
18.340000	1062.1534
18.360000	1062.3076
18.380000	1062.3521
18.400000	1062.3120
18.420000	1062.1435
18.440000	1062.0188
18.460000	1061.9289
18.480000	1061.8419
18.500000	1061.6538
18.520000	1061.4880
18.540000	1061.2958
18.560000	1061.1646
18.580000	1060.8723
18.600000	1060.5811
18.620000	1060.2940
18.640000	1059.9833
18.660000	1059.5779
18.680000	1058.9874
18.700000	1058.4711
18.720000	1058.1016
18.740000	1057.6730
18.760000	1057.0539
18.780000	1056.3953
18.800000	1055.9074
18.820000	1055.3216
18.840000	1054.6730
18.860000	1053.9730
18.880000	1053.3569
18.900000	1052.5854
18.920000	1051.8211
18.940000	1051.1542
18.960000	1050.5005
18.980000	1049.8922
19.000000	1049.2711
19.020000	1048.6187
19.040000	1047.8061
19.060000	1046.8316
19.080000	1045.9857
19.100000	1045.1758
19.120000	1044.3206
19.140000	1043.4314
19.160000	1042.5617
19.180000	1041.6963
19.200000	1040.7793
19.220000	1039.8995
19.240000	1039.0112
19.260000	1038.2326
19.280000	1037.4269
19.300000	1036.5258
19.320000	1035.6631
19.340000	1034.7820
19.360000	1033.9549
19.380000	1033.1068
19.400000	1032.2518
19.420000	1031.4447
19.440000	1030.6957
19.460000	1029.7726
19.480000	1028.8379
19.500000	1027.8774
19.520000	1026.9515
19.540000	1026.1162
19.560000	1025.2617
19.580000	1024.4722
19.600000	1023.6855
19.620000	1022.9182
19.640000	1022.0660
19.660000	1021.2751
19.680000	1020.5595
19.700000	1019.8705
19.720000	1018.9168
19.740000	1018.0152
19.760000	1017.2840
19.780000	1016.6523
19.800000	1016.0788
19.820000	1015.4012
19.840000	1014.6172
19.860000	1013.8693
19.880000	1013.1192
19.900000	1012.3777
19.920000	1011.5999
19.940000	1010.8188
19.960000	1010.2076
19.980000	1009.6370
20.000000	1009.0272
20.020000	1008.4622
20.040000	1007.8650
20.060000	1007.2089
20.080000	1006.4766
20.100000	1005.9731
20.120000	1005.4863
20.140000	1005.0622
20.160000	1004.5117
20.180000	1004.1092
20.200000	1003.6286
20.220000	1003.0285
20.240000	1002.4529
20.260000	1001.8248
20.280000	1001.2588
20.300000	1000.8087
20.320000	1000.3515
20.340000	999.99086
20.360000	999.63537
20.380000	999.23965
20.400000	998.77885
20.420000	998.30215
20.440000	997.82071
20.460000	997.31318
20.480000	997.01396
20.500000	996.69455
20.520000	996.25298
20.540000	995.79171
20.560000	995.37556
20.580000	995.00726
20.600000	994.77757
20.620000	994.43165
20.640000	994.15164
20.660000	993.96882
20.680000	993.69235
20.700000	993.20497
20.720000	992.84819
20.740000	992.64315
20.760000	992.42976
20.780000	992.18447
20.800000	991.89987
20.820000	991.66071
20.840000	991.39065
20.860000	991.13158
20.880000	990.90160
20.900000	990.65612
20.920000	990.42849
20.940000	990.13212
20.960000	989.93639
20.980000	989.63089
21.000000	989.40838
21.020000	989.27349
21.040000	989.26802
21.060000	989.20424
21.080000	989.09596
21.100000	989.00633
21.120000	988.78213
21.140000	988.61932
21.160000	988.38951
21.180000	988.23039
21.200000	988.14694
21.220000	988.07542
21.240000	987.79553
21.260000	987.59427
21.280000	987.41889
21.300000	987.36609
21.320000	987.23846
21.340000	987.27290
21.360000	987.20799
21.380000	987.01135
21.400000	986.83057
21.420000	986.68167
21.440000	986.62093
21.460000	986.55880
21.480000	986.52644
21.500000	986.50741
21.520000	986.42645
21.540000	986.30975
21.560000	986.28636
21.580000	986.21251
21.600000	986.10355
21.620000	985.89937
21.640000	985.77364
21.660000	985.79462
21.680000	985.94415
21.700000	986.00939
21.720000	985.95262
21.740000	985.86452
21.760000	985.71211
21.780000	985.60925
21.800000	985.59616
21.820000	985.60488
21.840000	985.47758
21.860000	985.50224
21.880000	985.50401
21.900000	985.50498
21.920000	985.45427
21.940000	985.45894
21.960000	985.32329
21.980000	985.30000
22.000000	985.36122
22.020000	985.36841
22.040000	985.36066
22.060000	985.36000
22.080000	985.31152
22.100000	985.19906
22.120000	985.26448
22.140000	985.26137
22.160000	985.16020
22.180000	985.08248
22.200000	985.03150
22.220000	985.01145
22.240000	985.01512
22.260000	984.86574
22.280000	984.77267
22.300000	984.78660
22.320000	984.82315
22.340000	984.84381
22.360000	984.87917
22.380000	984.92067
22.400000	984.91977
22.420000	984.95422
22.440000	985.01173
22.460000	985.11661
22.480000	985.18999
22.500000	985.08029
22.520000	984.93440
22.540000	984.82562
22.560000	984.75925
22.580000	984.73714
22.600000	984.68413
22.620000	984.65894
22.640000	984.62730
22.660000	984.67565
22.680000	984.55705
22.700000	984.48467
22.720000	984.54059
22.740000	984.61677
22.760000	984.63056
22.780000	984.63470
22.800000	984.54655
22.820000	984.44629
22.840000	984.39975
22.860000	984.31089
22.880000	984.23542
22.900000	984.13004
22.920000	984.12498
22.940000	984.08935
22.960000	984.13123
22.980000	984.13362
23.000000	984.14972
23.020000	984.14343
23.040000	984.22887
23.060000	984.24314
23.080000	984.15959
23.100000	983.91800
23.120000	983.84675
23.140000	983.86113
23.160000	983.90709
23.180000	983.89704
23.200000	983.84706
23.220000	983.88502
23.240000	983.94555
23.260000	983.92448
23.280000	983.73912
23.300000	983.71448
23.320000	983.83226
23.340000	983.89149
23.360000	983.93433
23.380000	983.90541
23.400000	983.96175
23.420000	983.93975
23.440000	983.86841
23.460000	983.83719
23.480000	983.81849
23.500000	983.93639
23.520000	983.99057
23.540000	984.01402
23.560000	983.86111
23.580000	983.78684
23.600000	983.74142
23.620000	983.77423
23.640000	983.79517
23.660000	983.87983
23.680000	983.87129
23.700000	983.92145
23.720000	983.96990
23.740000	984.05958
23.760000	984.17849
23.780000	984.24820
23.800000	984.25464
23.820000	984.31688
23.840000	984.33096
23.860000	984.24153
23.880000	984.11283
23.900000	984.08902
23.920000	984.16475
23.940000	984.17989
23.960000	984.27886
23.980000	984.36852
24.000000	984.31390
24.020000	984.21537
24.040000	984.24619
24.060000	984.33838
24.080000	984.44087
24.100000	984.56462
24.120000	984.68234
24.140000	984.68455
24.160000	984.70672
24.180000	984.65204
24.200000	984.65774
24.220000	984.67477
24.240000	984.77848
24.260000	984.78998
24.280000	984.75361
24.300000	984.79205
24.320000	984.79422
24.340000	984.71648
24.360000	984.73357
24.380000	984.74595
24.400000	984.84324
24.420000	984.91473
24.440000	984.99863
24.460000	985.00970
24.480000	984.91032
24.500000	984.85397
24.520000	984.90966
24.540000	984.95579
24.560000	984.99195
24.580000	984.95238
24.600000	984.79876
24.620000	984.71869
24.640000	984.68291
24.660000	984.67623
24.680000	984.65023
24.700000	984.54916
24.720000	984.49550
24.740000	984.48191
24.760000	984.54806
24.780000	984.58201
24.800000	984.51875
24.820000	984.44102
24.840000	984.41907
24.860000	984.43440
24.880000	984.38387
24.900000	984.18919
24.920000	984.10232
24.940000	984.04280
24.960000	984.04927
24.980000	983.97106
25.000000	983.69029
25.020000	983.51439
25.040000	983.38433
25.060000	983.25865
25.080000	983.18608
25.100000	983.19869
25.120000	983.13161
25.140000	982.99666
25.160000	982.81823
25.180000	982.62805
25.200000	982.50644
25.220000	982.38236
25.240000	982.12846
25.260000	981.90737
25.280000	981.76531
25.300000	981.57061
25.320000	981.39533
25.340000	981.35249
25.360000	981.32192
25.380000	981.07621
25.400000	980.79583
25.420000	980.61706
25.440000	980.51419
25.460000	980.37356
25.480000	980.15516
25.500000	980.06718
25.520000	979.84285
25.540000	979.58459
25.560000	979.31838
25.580000	979.09219
25.600000	978.94836
25.620000	978.78006
25.640000	978.60714
25.660000	978.38223
25.680000	978.21626
25.700000	978.03833
25.720000	977.70495
25.740000	977.43111
25.760000	977.16377
25.780000	977.04298
25.800000	976.82450
25.820000	976.51856
25.840000	976.15133
25.860000	975.88578
25.880000	975.75946
25.900000	975.68112
25.920000	975.47129
25.940000	975.18381
25.960000	974.77277
25.980000	974.51660
26.000000	974.38417
26.020000	974.18949
26.040000	973.93151
26.060000	973.79474
26.080000	973.64778
26.100000	973.56441
26.120000	973.42973
26.140000	973.10554
26.160000	972.71034
26.180000	972.46360
26.200000	972.34940
26.220000	972.27574
26.240000	972.10590
26.260000	971.82336
26.280000	971.58617
26.300000	971.34044
26.320000	971.14268
26.340000	971.01760
26.360000	970.89234
26.380000	970.68903
26.400000	970.39752
26.420000	970.20212
26.440000	970.08936
26.460000	969.94480
26.480000	969.74592
26.500000	969.62946
26.520000	969.51952
26.540000	969.26883
26.560000	969.05492
26.580000	968.82314
26.600000	968.68011
26.620000	968.63168
26.640000	968.60688
26.660000	968.51052
26.680000	968.25217
26.700000	968.04260
26.720000	967.95411
26.740000	967.91275
26.760000	967.79358
26.780000	967.72826
26.800000	967.54821
26.820000	967.28928
26.840000	967.16141
26.860000	967.06457
26.880000	967.01653
26.900000	967.03428
26.920000	966.97495
26.940000	966.87991
26.960000	966.82998
26.980000	966.73492
27.000000	966.60661
27.020000	966.48302
27.040000	966.28842
27.060000	966.17396
27.080000	966.08692
27.100000	965.89206
27.120000	965.76702
27.140000	965.73714
27.160000	965.77231
27.180000	965.73012
27.200000	965.64121
27.220000	965.59216
27.240000	965.59989
27.260000	965.64938
27.280000	965.57444
27.300000	965.57751
27.320000	965.53995
27.340000	965.59582
27.360000	965.53929
27.380000	965.34973
27.400000	965.28891
27.420000	965.28627
27.440000	965.25327
27.460000	965.11917
27.480000	965.04733
27.500000	965.05934
27.520000	964.96682
27.540000	964.86180
27.560000	964.81376
27.580000	964.83962
27.600000	964.85358
27.620000	964.85434
27.640000	964.85269
27.660000	964.89745
27.680000	965.00646
27.700000	964.98204
27.720000	965.03741
27.740000	965.09152
27.760000	965.09078
27.780000	965.04645
27.800000	965.02255
27.820000	964.96900
27.840000	964.95418
27.860000	965.04534
27.880000	965.01102
27.900000	965.01571
27.920000	965.13792
27.940000	965.14535
27.960000	965.17886
27.980000	965.20482
28.000000	965.14364
28.020000	965.10481
28.040000	965.07410
28.060000	965.04003
28.080000	965.07534
28.100000	965.18439
28.120000	965.33902
28.140000	965.46018
28.160000	965.40550
28.180000	965.38314
28.200000	965.41926
28.220000	965.46189
28.240000	965.58593
28.260000	965.61200
28.280000	965.55927
28.300000	965.61257
28.320000	965.81126
28.340000	965.85553
28.360000	965.73238
28.380000	965.62398
28.400000	965.64803
28.420000	965.67675
28.440000	965.67353
28.460000	965.70245
28.480000	965.80512
28.500000	965.78591
28.520000	965.76188
28.540000	965.93845
28.560000	966.01183
28.580000	966.00533
28.600000	966.11215
28.620000	966.23867
28.640000	966.29292
28.660000	966.24534
28.680000	966.31378
28.700000	966.45069
28.720000	966.47238
28.740000	966.50271
28.760000	966.49098
28.780000	966.50183
28.800000	966.44186
28.820000	966.39139
28.840000	966.50128
28.860000	966.52822
28.880000	966.59186
28.900000	966.71167
28.920000	966.86610
28.940000	966.94497
28.960000	966.95245
28.980000	967.03787
29.000000	967.13256
29.020000	967.13133
29.040000	967.16177
29.060000	967.15634
29.080000	967.21373
29.100000	967.28607
29.120000	967.30705
29.140000	967.24365
29.160000	967.19810
29.180000	967.28794
29.200000	967.34487
29.220000	967.38183
29.240000	967.50288
29.260000	967.49512
29.280000	967.46435
29.300000	967.57610
29.320000	967.76943
29.340000	967.82108
29.360000	967.87440
29.380000	967.89637
29.400000	967.78031
29.420000	967.75439
29.440000	967.83468
29.460000	967.92986
29.480000	967.96899
29.500000	967.99090
29.520000	968.04727
29.540000	968.12132
29.560000	968.05781
29.580000	968.04610
29.600000	968.08523
29.620000	968.03258
29.640000	968.04511
29.660000	968.11190
29.680000	968.02794
29.700000	967.97852
29.720000	968.00772
29.740000	968.15353
29.760000	968.22303
29.780000	968.21039
29.800000	968.22115
29.820000	968.32075
29.840000	968.26589
29.860000	968.08965
29.880000	968.04224
29.900000	968.08952
29.920000	968.13634
29.940000	968.20473
29.960000	968.12110
29.980000	967.98566
30.000000	967.94280
30.020000	967.97612
30.040000	968.00079
30.060000	967.95060
30.080000	967.91639
30.100000	968.00331
30.120000	967.97102
30.140000	967.82770
30.160000	967.85427
30.180000	967.82326
30.200000	967.72765
30.220000	967.59096
30.240000	967.47178
30.260000	967.49504
30.280000	967.62587
30.300000	967.54975
30.320000	967.48634
30.340000	967.50982
30.360000	967.41821
30.380000	967.36878
30.400000	967.37089
30.420000	967.46448
30.440000	967.52926
30.460000	967.24755
30.480000	967.06205
30.500000	967.09272
30.520000	967.03502
30.540000	966.74590
30.560000	966.60121
30.580000	966.86490
30.600000	966.95092
30.620000	966.83454
30.640000	966.65736
30.660000	966.44075
30.680000	966.39421
30.700000	966.34817
30.720000	966.28982
30.740000	966.24472
30.760000	966.17277
30.780000	966.29696
30.800000	966.30343
30.820000	966.15391
30.840000	965.94990
30.860000	965.73572
30.880000	965.59364
30.900000	965.57830
30.920000	965.59756
30.940000	965.48128
30.960000	965.38617
30.980000	965.23982
31.000000	965.18849
31.020000	965.24996
31.040000	964.99391
31.060000	964.88809
31.080000	964.86763
31.100000	964.74597
31.120000	964.67724
31.140000	964.56080
31.160000	964.52246
31.180000	964.44583
31.200000	964.29681
31.220000	964.23029
31.240000	964.22217
31.260000	964.23350
31.280000	964.23463
31.300000	964.11174
31.320000	963.96384
31.340000	963.90308
31.360000	963.86605
31.380000	963.71032
31.400000	963.57416
31.420000	963.39751
31.440000	963.18236
31.460000	963.16062
31.480000	963.21334
31.500000	963.20313
31.520000	963.09884
31.540000	962.82479
31.560000	962.69169
31.580000	962.67566
31.600000	962.61939
31.620000	962.60295
31.640000	962.50358
31.660000	962.25854
31.680000	962.17689
31.700000	962.07825
31.720000	961.97859
31.740000	961.95375
31.760000	961.86025
31.780000	961.67218
31.800000	961.69742
31.820000	961.65626
31.840000	961.59147
31.860000	961.52128
31.880000	961.44256
31.900000	961.26291
31.920000	961.22537
31.940000	961.20171
31.960000	961.17527
31.980000	961.05623
32.000000	960.99997
32.020000	960.76899
32.040000	960.12387
32.060000	960.19541
32.080000	960.49746
32.100000	960.49778
32.120000	960.37836
32.140000	960.17917
32.160000	959.97205
32.180000	959.87450
32.200000	959.87446
32.220000	959.85445
32.240000	959.79795
32.260000	959.73619
32.280000	959.58845
32.300000	959.51033
32.320000	959.69906
32.340000	959.69890
32.360000	959.40764
32.380000	959.19727
32.400000	959.06154
32.420000	958.95708
32.440000	958.97477
32.460000	958.88392
32.480000	958.76922
32.500000	958.62082
32.520000	958.50782
32.540000	958.33321
32.560000	958.41898
32.580000	958.59216
32.600000	958.37280
32.620000	958.24828
32.640000	958.24208
32.660000	958.17399
32.680000	957.96660
32.700000	957.61481
32.720000	957.85690
32.740000	957.88330
32.760000	957.84470
32.780000	957.93568
32.800000	957.88940
32.820000	957.82879
32.840000	957.73667
32.860000	957.53749
32.880000	957.32515
32.900000	957.20676
32.920000	957.14875
32.940000	957.20772
32.960000	957.07810
32.980000	956.98375
33.000000	956.92891
33.020000	956.93722
33.040000	956.79561
33.060000	956.76279
33.080000	956.79941
33.100000	956.73387
33.120000	956.51099
33.140000	956.35115
33.160000	956.47285
33.180000	956.40768
33.200000	956.27235
33.220000	956.12276
33.240000	956.03696
33.260000	956.09226
33.280000	956.05354
33.300000	956.01210
33.320000	956.01969
33.340000	955.89087
33.360000	955.98550
33.380000	956.05231
33.400000	955.98669
33.420000	955.78967
33.440000	955.73543
33.460000	955.75343
33.480000	955.73349
33.500000	955.76492
33.520000	955.71673
33.540000	955.66474
33.560000	955.50373
33.580000	955.45053
33.600000	955.44979
33.620000	955.42729
33.640000	955.35133
33.660000	955.11663
33.680000	955.22554
33.700000	955.39834
33.720000	955.30814
33.740000	955.32021
33.760000	955.33793
33.780000	955.30590
33.800000	955.13396
33.820000	955.00028
33.840000	955.11456
33.860000	955.07389
33.880000	954.88505
33.900000	954.70859
33.920000	954.78096
33.940000	954.76551
33.960000	954.73237
33.980000	954.65931
34.000000	954.74764
34.020000	954.78429
34.040000	954.59656
34.060000	954.51045
34.080000	954.49651
34.100000	954.58191
34.120000	954.55070
34.140000	954.47699
34.160000	954.55139
34.180000	954.43237
34.200000	954.51345
34.220000	954.61028
34.240000	954.49429
34.260000	954.35984
34.280000	954.30513
34.300000	954.36153
34.320000	954.30401
34.340000	954.29154
34.360000	954.19070
34.380000	954.19727
34.400000	954.22680
34.420000	954.23737
34.440000	954.21159
34.460000	954.18388
34.480000	954.00927
34.500000	953.94104
34.520000	953.99008
34.540000	953.96963
34.560000	953.99850
34.580000	953.96072
34.600000	953.99765
34.620000	954.05007
34.640000	953.95355
34.660000	953.96138
34.680000	953.96873
34.700000	953.95646
34.720000	953.94756
34.740000	953.96197
34.760000	953.95504
34.780000	953.93828
34.800000	953.93303
34.820000	953.92715
34.840000	953.82998
34.860000	953.66225
34.880000	953.53088
34.900000	953.54854
34.920000	953.68400
34.940000	953.59470
34.960000	953.44065
34.980000	953.57666
35.000000	953.68140
35.020000	953.51747
35.040000	953.53102
35.060000	953.61241
35.080000	953.53874
35.100000	953.54397
35.120000	953.63662
35.140000	953.59334
35.160000	953.47924
35.180000	953.44313
35.200000	953.33081
35.220000	953.39640
35.240000	953.50653
35.260000	953.60951
35.280000	953.58414
35.300000	953.54851
35.320000	953.39862
35.340000	953.34609
35.360000	953.29588
35.380000	953.25636
35.400000	953.19936
35.420000	953.11400
35.440000	953.21832
35.460000	953.35077
35.480000	953.44846
35.500000	953.53916
35.520000	953.36760
35.540000	953.20256
35.560000	953.09300
35.580000	953.09768
35.600000	953.02668
35.620000	952.93467
35.640000	952.98820
35.660000	952.99117
35.680000	952.89242
35.700000	953.05761
35.720000	953.11837
35.740000	953.04679
35.760000	953.02484
35.780000	952.89669
35.800000	952.78238
35.820000	952.75800
35.840000	952.74540
35.860000	952.60169
35.880000	952.51522
35.900000	952.60907
35.920000	952.63182
35.940000	952.53410
35.960000	952.38643
35.980000	952.34979
36.000000	952.24932
36.020000	952.19877
36.040000	952.25051
36.060000	952.19712
36.080000	952.10185
36.100000	952.07521
36.120000	951.98082
36.140000	951.92934
36.160000	951.93406
36.180000	951.92751
36.200000	951.81508
36.220000	951.84452
36.240000	951.92242
36.260000	951.88568
36.280000	951.93125
36.300000	951.94109
36.320000	951.80879
36.340000	951.68084
36.360000	951.62786
36.380000	951.61684
36.400000	951.62119
36.420000	951.56372
36.440000	951.45702
36.460000	951.48256
36.480000	951.33185
36.500000	951.07598
36.520000	950.98745
36.540000	951.05798
36.560000	951.05771
36.580000	951.00592
36.600000	951.02911
36.620000	950.96268
36.640000	950.81041
36.660000	950.68184
36.680000	950.63920
36.700000	950.62572
36.720000	950.64377
36.740000	950.58145
36.760000	950.39092
36.780000	950.20422
36.800000	950.17829
36.820000	950.19595
36.840000	950.11904
36.860000	949.93956
36.880000	949.74595
36.900000	949.73701
36.920000	949.78142
36.940000	949.63422
36.960000	949.45143
36.980000	949.43201
37.000000	949.40204
37.020000	949.34872
37.040000	949.35375
37.060000	949.19149
37.080000	949.05106
37.100000	948.88378
37.120000	948.81174
37.140000	948.90859
37.160000	948.77401
37.180000	948.60178
37.200000	948.55562
37.220000	948.39802
37.240000	948.32966
37.260000	948.31530
37.280000	948.26192
37.300000	948.21131
37.320000	948.13546
37.340000	948.01532
37.360000	947.74984
37.380000	947.56380
37.400000	947.51242
37.420000	947.40676
37.440000	947.44101
37.460000	947.35596
37.480000	947.38785
37.500000	947.38227
37.520000	947.32414
37.540000	947.09209
37.560000	946.95022
37.580000	946.96761
37.600000	946.84428
37.620000	946.74114
37.640000	946.65370
37.660000	946.40457
37.680000	946.21405
37.700000	946.23952
37.720000	946.18621
37.740000	945.97445
37.760000	945.99812
37.780000	946.02565
37.800000	945.87457
37.820000	945.84994
37.840000	945.83020
37.860000	945.72204
37.880000	945.67185
37.900000	945.58155
37.920000	945.41789
37.940000	945.31919
37.960000	945.07716
37.980000	944.84772
38.000000	944.81237
38.020000	944.93453
38.040000	944.81447
38.060000	944.67764
38.080000	944.68682
38.100000	944.64294
38.120000	944.54505
38.140000	944.44631
38.160000	944.31707
38.180000	944.17428
38.200000	944.00799
38.220000	943.78054
38.240000	943.77595
38.260000	943.68853
38.280000	943.60829
38.300000	943.45908
38.320000	943.24065
38.340000	943.25676
38.360000	943.19816
38.380000	943.06116
38.400000	942.88830
38.420000	942.81852
38.440000	942.81891
38.460000	942.80011
38.480000	942.72730
38.500000	942.53224
38.520000	942.48378
38.540000	942.42511
38.560000	942.34647
38.580000	942.12878
38.600000	941.98835
38.620000	941.88211
38.640000	941.72037
38.660000	941.58571
38.680000	941.64518
38.700000	941.58146
38.720000	941.41514
38.740000	941.36200
38.760000	941.43455
38.780000	941.41838
38.800000	941.12097
38.820000	940.97602
38.840000	940.90662
38.860000	940.82317
38.880000	940.96464
38.900000	940.94611
38.920000	940.86798
38.940000	940.69220
38.960000	940.64138
38.980000	940.49335
39.000000	940.35783
39.020000	940.37308
39.040000	940.25286
39.060000	940.12219
39.080000	939.95275
39.100000	939.77767
39.120000	939.75254
39.140000	939.70242
39.160000	939.41367
39.180000	939.42011
39.200000	939.55762
39.220000	939.61705
39.240000	939.47430
39.260000	939.36599
39.280000	939.19078
39.300000	938.97479
39.320000	938.92589
39.340000	938.79932
39.360000	938.76947
39.380000	938.79435
39.400000	938.72857
39.420000	938.72862
39.440000	938.64425
39.460000	938.53780
39.480000	938.51061
39.500000	938.28443
39.520000	938.15725
39.540000	938.10146
39.560000	937.94047
39.580000	937.91316
39.600000	938.00116
39.620000	937.97556
39.640000	937.86039
39.660000	937.84166
39.680000	937.74466
39.700000	937.77932
39.720000	937.62372
39.740000	937.33734
39.760000	937.18840
39.780000	937.19560
39.800000	937.22439
39.820000	937.20482
39.840000	937.11911
39.860000	937.03882
39.880000	937.07059
39.900000	936.99190
39.920000	936.85433
39.940000	936.80957
39.960000	936.67992
39.980000	936.46200
40.000000	936.39782
40.020000	936.42340
40.040000	936.38456
40.060000	936.27309
40.080000	936.22586
40.100000	936.10212
40.120000	936.12253
40.140000	936.08586
40.160000	936.08710
40.180000	936.08907
40.200000	935.83305
40.220000	935.75125
40.240000	935.64195
40.260000	935.68995
40.280000	935.58239
40.300000	935.57305
40.320000	935.60693
40.340000	935.51485
40.360000	935.47309
40.380000	935.35015
40.400000	935.17099
40.420000	935.13964
40.440000	935.13539
40.460000	935.05676
40.480000	934.92140
40.500000	934.82603
40.520000	934.75564
40.540000	934.69551
40.560000	934.73219
40.580000	934.53845
40.600000	934.42426
40.620000	934.38706
40.640000	934.44839
40.660000	934.47691
40.680000	934.43810
40.700000	934.27941
40.720000	934.06850
40.740000	934.12545
40.760000	934.03371
40.780000	933.99296
40.800000	934.05337
40.820000	934.01028
40.840000	933.70770
40.860000	933.70147
40.880000	933.61576
40.900000	933.61951
40.920000	933.57998
40.940000	933.58515
40.960000	933.36619
40.980000	933.14202
41.000000	933.36336
41.020000	933.41153
41.040000	933.25323
41.060000	933.18848
41.080000	933.06339
41.100000	932.90004
41.120000	932.84589
41.140000	932.77618
41.160000	932.67993
41.180000	932.65507
41.200000	932.62611
41.220000	932.41503
41.240000	932.27401
41.260000	932.16622
41.280000	932.18964
41.300000	932.20377
41.320000	932.02430
41.340000	932.00116
41.360000	931.95011
41.380000	932.00597
41.400000	932.10586
41.420000	932.00842
41.440000	931.67736
41.460000	931.47975
41.480000	931.47865
41.500000	931.52863
41.520000	931.46390
41.540000	931.42156
41.560000	931.28094
41.580000	931.25944
41.600000	931.16467
41.620000	930.98628
41.640000	931.07962
41.660000	931.16261
41.680000	931.04616
41.700000	930.82497
41.720000	930.74812
41.740000	930.46004
41.760000	930.36064
41.780000	930.25863
41.800000	930.20782
41.820000	930.21617
41.840000	930.24498
41.860000	930.23209
41.880000	930.04892
41.900000	930.01477
41.920000	929.96806
41.940000	929.88136
41.960000	929.78038
41.980000	929.80591
42.000000	929.80717
42.020000	929.54880
42.040000	929.43257
42.060000	929.45523
42.080000	929.35908
42.100000	929.19184
42.120000	929.09265
42.140000	929.15049
42.160000	929.17544
42.180000	929.05481
42.200000	928.77892
42.220000	928.71947
42.240000	928.63697
42.260000	928.51544
42.280000	928.42957
42.300000	928.36894
42.320000	928.35848
42.340000	928.19508
42.360000	928.14928
42.380000	928.12612
42.400000	928.00818
42.420000	927.85778
42.440000	927.70070
42.460000	927.55117
42.480000	927.71899
42.500000	927.58302
42.520000	927.49200
42.540000	927.42166
42.560000	927.33248
42.580000	927.33074
42.600000	927.46591
42.620000	927.30009
42.640000	927.00203
42.660000	926.84973
42.680000	926.87508
42.700000	926.69025
42.720000	926.78878
42.740000	926.59727
42.760000	926.46624
42.780000	926.38837
42.800000	926.42979
42.820000	926.40584
42.840000	926.38040
42.860000	926.28546
42.880000	926.11811
42.900000	925.87405
42.920000	925.97393
42.940000	925.91178
42.960000	925.82603
42.980000	925.57844
43.000000	925.48257
43.020000	925.50145
43.040000	925.44400
43.060000	925.24727
43.080000	925.10708
43.100000	925.04935
43.120000	925.03165
43.140000	924.91352
43.160000	924.78977
43.180000	924.75955
43.200000	924.62462
43.220000	924.47688
43.240000	924.44523
43.260000	924.31523
43.280000	924.16776
43.300000	924.18861
43.320000	924.02287
43.340000	923.94264
43.360000	923.98203
43.380000	924.00700
43.400000	923.83690
43.420000	923.66569
43.440000	923.48934
43.460000	923.44336
43.480000	923.49516
43.500000	923.34005
43.520000	923.13613
43.540000	923.08563
43.560000	923.06530
43.580000	923.06439
43.600000	922.91912
43.620000	922.75309
43.640000	922.68709
43.660000	922.57363
43.680000	922.41263
43.700000	922.30504
43.720000	922.25602
43.740000	922.02662
43.760000	921.96721
43.780000	921.76222
43.800000	921.74138
43.820000	921.78360
43.840000	921.72528
43.860000	921.68551
43.880000	921.46762
43.900000	921.23935
43.920000	921.26634
43.940000	921.16397
43.960000	921.03312
43.980000	920.82697
44.000000	920.66709
44.020000	920.63988
44.040000	920.61402
44.060000	920.57525
44.080000	920.48430
44.100000	920.33577
44.120000	920.15796
44.140000	920.03091
44.160000	919.80780
44.180000	919.66897
44.200000	919.34987
44.220000	919.35008
44.240000	919.36041
44.260000	919.26673
44.280000	919.21930
44.300000	919.25431
44.320000	919.23321
44.340000	919.13776
44.360000	918.99478
44.380000	918.73502
44.400000	918.59477
44.420000	918.47924
44.440000	918.35305
44.460000	918.36794
44.480000	918.44951
44.500000	918.25627
44.520000	918.19416
44.540000	918.11627
44.560000	917.87624
44.580000	917.63225
44.600000	917.52879
44.620000	917.42754
44.640000	917.30173
44.660000	917.19287
44.680000	917.16573
44.700000	917.02756
44.720000	917.18273
44.740000	916.94477
44.760000	916.65057
44.780000	916.61170
44.800000	916.45529
44.820000	916.45690
44.840000	916.55093
44.860000	916.47212
44.880000	916.21868
44.900000	915.99390
44.920000	915.85728
44.940000	915.86777
44.960000	915.71042
44.980000	915.40099
45.000000	915.11557
45.020000	914.90626
45.040000	915.00355
45.060000	915.08347
45.080000	914.90882
45.100000	914.76718
45.120000	914.81171
45.140000	914.80725
45.160000	914.70135
45.180000	914.62956
45.200000	914.37586
45.220000	914.19111
45.240000	914.18808
45.260000	914.21881
45.280000	914.08273
45.300000	914.10798
45.320000	913.98683
45.340000	913.81047
45.360000	913.90035
45.380000	913.71345
45.400000	913.50893
45.420000	913.53053
45.440000	913.41164
45.460000	913.28968
45.480000	913.03340
45.500000	912.93416
45.520000	912.89025
45.540000	912.81458
45.560000	912.76728
45.580000	912.64051
45.600000	912.60402
45.620000	912.51441
45.640000	912.33927
45.660000	912.35529
45.680000	912.37116
45.700000	912.25895
45.720000	911.99543
45.740000	911.82590
45.760000	911.62047
45.780000	911.71278
45.800000	911.82037
45.820000	911.76173
45.840000	911.63227
45.860000	911.35708
45.880000	911.37301
45.900000	911.16530
45.920000	911.12671
45.940000	911.04967
45.960000	910.74980
45.980000	910.81064
46.000000	910.84198
46.020000	910.68201
46.040000	910.34153
46.060000	910.45422
46.080000	910.37460
46.100000	910.27704
46.120000	910.15593
46.140000	909.91940
46.160000	909.92460
46.180000	909.79353
46.200000	909.52006
46.220000	909.52519
46.240000	909.43355
46.260000	909.46037
46.280000	909.51836
46.300000	909.38073
46.320000	909.19091
46.340000	909.17910
46.360000	909.18752
46.380000	908.96209
46.400000	908.92380
46.420000	908.86630
46.440000	908.71690
46.460000	908.60538
46.480000	908.46231
46.500000	908.34038
46.520000	908.32061
46.540000	908.09575
46.560000	907.90686
46.580000	908.01945
46.600000	907.93921
46.620000	907.83201
46.640000	907.72854
46.660000	907.66744
46.680000	907.41404
46.700000	907.34680
46.720000	907.20848
46.740000	907.18927
46.760000	907.10902
46.780000	907.01075
46.800000	906.85624
46.820000	906.76887
46.840000	906.78943
46.860000	906.70267
46.880000	906.47885
46.900000	906.39856
46.920000	906.40399
46.940000	906.33156
46.960000	906.33016
46.980000	906.17797
47.000000	905.96125
47.020000	905.86486
47.040000	905.81040
47.060000	905.73368
47.080000	905.74005
47.100000	905.56130
47.120000	905.51457
47.140000	905.31794
47.160000	905.24309
47.180000	905.34079
47.200000	905.26239
47.220000	905.20926
47.240000	905.05830
47.260000	904.92082
47.280000	904.80243
47.300000	904.76184
47.320000	904.79268
47.340000	904.61775
47.360000	904.25104
47.380000	904.23140
47.400000	904.37283
47.420000	904.39994
47.440000	904.09902
47.460000	903.82312
47.480000	903.76208
47.500000	903.59951
47.520000	903.72970
47.540000	903.63231
47.560000	903.54858
47.580000	903.39339
47.600000	903.38149
47.620000	903.33082
47.640000	903.26174
47.660000	902.91013
47.680000	902.95810
47.700000	902.93092
47.720000	902.67979
47.740000	902.73411
47.760000	902.76009
47.780000	902.40791
47.800000	902.27132
47.820000	902.29376
47.840000	902.42156
47.860000	902.10654
47.880000	901.82622
47.900000	901.72514
47.920000	901.85594
47.940000	901.59028
47.960000	901.28054
47.980000	901.28029
48.000000	901.44327
48.020000	901.37229
48.040000	901.44526
48.060000	901.24149
48.080000	901.28720
48.100000	901.32890
48.120000	901.00512
48.140000	900.86070
48.160000	900.83632
48.180000	900.69783
48.200000	900.57722
48.220000	900.35582
48.240000	900.25465
48.260000	900.00436
48.280000	899.91853
48.300000	899.91677
48.320000	899.97920
48.340000	899.79021
48.360000	899.75473
48.380000	899.84561
48.400000	899.75357
48.420000	899.51552
48.440000	899.44174
48.460000	899.21415
48.480000	899.13953
48.500000	899.14161
48.520000	899.10847
48.540000	898.93459
48.560000	898.93354
48.580000	898.66615
48.600000	898.57343
48.620000	898.47646
48.640000	898.17961
48.660000	897.99699
48.680000	897.95015
48.700000	898.00833
48.720000	897.81440
48.740000	897.62552
48.760000	897.79086
48.780000	897.59105
48.800000	897.51735
48.820000	897.32859
48.840000	897.33828
48.860000	897.28910
48.880000	897.04820
48.900000	897.10300
48.920000	897.04932
48.940000	896.79717
48.960000	896.60478
48.980000	896.54867
49.000000	896.53327
49.020000	896.13546
49.040000	896.06067
49.060000	895.92492
49.080000	895.91890
49.100000	895.94897
49.120000	896.00003
49.140000	895.72726
49.160000	895.53520
49.180000	895.42733
49.200000	895.51496
49.220000	895.24459
49.240000	895.02543
49.260000	895.09459
49.280000	894.84252
49.300000	894.72388
49.320000	894.60517
49.340000	894.45467
49.360000	894.53270
49.380000	894.49988
49.400000	894.32782
49.420000	894.14736
49.440000	893.79736
49.460000	893.83400
49.480000	893.83382
49.500000	893.75040
49.520000	893.57366
49.540000	893.42301
49.560000	893.31420
49.580000	893.16899
49.600000	893.18957
49.620000	893.00706
49.640000	892.88480
49.660000	892.81187
49.680000	892.59765
49.700000	892.53349
49.720000	892.54652
49.740000	892.26600
49.760000	892.21674
49.780000	891.96678
49.800000	891.85856
49.820000	891.67398
49.840000	891.78042
49.860000	891.75861
49.880000	891.27731
49.900000	891.35278
49.920000	891.28978
49.940000	891.00861
49.960000	890.92138
49.980000	890.96700
50.000000	890.78109
50.020000	890.82106
50.040000	890.59159
50.060000	890.43354
50.080000	890.28327
50.100000	889.90592
50.120000	890.03816
50.140000	889.83465
50.160000	889.72213
50.180000	889.63675
50.200000	889.58559
50.220000	889.55470
50.240000	889.51527
50.260000	889.28969
50.280000	889.13228
50.300000	889.00388
50.320000	888.87495
50.340000	888.74320
50.360000	888.65037
50.380000	888.52354
50.400000	888.28553
50.420000	888.27279
50.440000	888.08948
50.460000	888.04076
50.480000	887.88805
50.500000	887.81596
50.520000	887.63460
50.540000	887.57724
50.560000	887.56819
50.580000	887.47952
50.600000	887.34977
50.620000	887.16790
50.640000	887.08859
50.660000	887.03095
50.680000	886.74299
50.700000	886.55902
50.720000	886.56665
50.740000	886.53236
50.760000	886.45552
50.780000	886.29646
50.800000	886.21447
50.820000	886.11043
50.840000	886.07913
50.860000	885.94452
50.880000	885.84625
50.900000	885.82269
50.920000	885.63053
50.940000	885.68366
50.960000	885.61309
50.980000	885.40650
51.000000	885.18159
51.020000	885.12039
51.040000	884.83589
51.060000	884.96155
51.080000	884.89209
51.100000	884.76560
51.120000	884.55314
51.140000	884.27345
51.160000	884.05020
51.180000	884.16218
51.200000	884.22894
51.220000	884.16474
51.240000	883.99830
51.260000	883.55624
51.280000	883.57223
51.300000	883.79612
51.320000	883.69422
51.340000	883.44571
51.360000	883.31296
51.380000	883.08949
51.400000	883.15121
51.420000	882.95296
51.440000	882.77620
51.460000	882.67967
51.480000	882.54920
51.500000	882.61676
51.520000	882.41180
51.540000	882.05501
51.560000	882.14463
51.580000	882.26244
51.600000	882.00500
51.620000	881.79384
51.640000	881.68209
51.660000	881.70153
51.680000	881.41361
51.700000	881.58712
51.720000	881.49623
51.740000	881.08285
51.760000	881.20004
51.780000	880.96028
51.800000	880.73645
51.820000	880.86802
51.840000	880.91024
51.860000	880.78516
51.880000	880.57021
51.900000	880.38156
51.920000	880.47916
51.940000	880.22056
51.960000	880.07864
51.980000	880.08524
52.000000	879.96308
52.020000	879.79971
52.040000	879.64278
52.060000	879.36380
52.080000	879.50150
52.100000	879.49200
52.120000	879.16124
52.140000	879.10486
52.160000	879.04555
52.180000	878.92397
52.200000	878.87043
52.220000	878.94833
52.240000	878.35453
52.260000	878.27387
52.280000	878.39706
52.300000	878.22774
52.320000	878.13968
52.340000	877.90311
52.360000	877.85908
52.380000	877.78612
52.400000	877.54992
52.420000	877.43499
52.440000	877.30090
52.460000	877.35674
52.480000	877.33659
52.500000	877.24824
52.520000	877.00326
52.540000	876.92372
52.560000	876.69030
52.580000	876.66701
52.600000	876.38842
52.620000	876.22967
52.640000	876.22578
52.660000	876.21491
52.680000	876.03352
52.700000	875.93083
52.720000	875.87873
52.740000	875.86307
52.760000	875.72663
52.780000	875.67555
52.800000	875.52169
52.820000	875.11735
52.840000	875.20983
52.860000	875.02664
52.880000	874.80242
52.900000	874.95078
52.920000	874.74101
52.940000	874.50352
52.960000	874.61346
52.980000	874.38410
53.000000	874.18375
53.020000	874.11651
53.040000	873.95722
53.060000	873.79250
53.080000	873.60625
53.100000	873.59955
53.120000	873.37543
53.140000	873.04718
53.160000	873.12523
53.180000	873.47172
53.200000	873.14021
53.220000	872.93991
53.240000	872.78283
53.260000	872.77186
53.280000	872.68048
53.300000	872.47948
53.320000	872.35979
53.340000	872.27073
53.360000	872.11133
53.380000	872.09734
53.400000	872.05311
53.420000	871.78185
53.440000	871.55346
53.460000	871.72066
53.480000	871.52659
53.500000	871.47138
53.520000	871.51726
53.540000	871.27774
53.560000	871.41300
53.580000	870.95928
53.600000	870.36653
53.620000	870.50477
53.640000	870.49691
53.660000	870.49744
53.680000	870.22991
53.700000	870.31056
53.720000	870.27018
53.740000	870.04155
53.760000	870.07057
53.780000	869.96846
53.800000	870.01928
53.820000	869.83506
53.840000	869.72333
53.860000	869.34433
53.880000	869.23768
53.900000	869.13210
53.920000	869.21144
53.940000	869.14381
53.960000	868.93573
53.980000	868.67776
54.000000	868.48778
54.020000	868.62309
54.040000	868.49706
54.060000	868.24426
54.080000	868.00900
54.100000	867.95353
54.120000	867.62132
54.140000	867.76480
54.160000	867.36400
54.180000	867.69962
54.200000	867.21056
54.220000	867.18801
54.240000	867.25014
54.260000	867.09908
54.280000	866.71713
54.300000	866.66949
54.320000	867.07876
54.340000	866.82276
54.360000	866.59291
54.380000	866.45787
54.400000	866.27435
54.420000	866.22915
54.440000	866.02938
54.460000	866.16380
54.480000	865.46743
54.500000	865.67366
54.520000	865.66071
54.540000	865.07286
54.560000	865.26312
54.580000	865.51969
54.600000	865.34389
54.620000	865.35830
54.640000	865.08211
54.660000	864.65793
54.680000	864.54922
54.700000	864.24714
54.720000	864.23527
54.740000	864.48934
54.760000	863.89468
54.780000	864.08828
54.800000	863.88757
54.820000	863.97703
54.840000	863.90678
54.860000	863.86682
54.880000	863.77068
54.900000	863.63403
54.920000	863.58259
54.940000	863.30592
54.960000	863.08484
54.980000	863.01283
55.000000	862.94989
55.020000	862.47990
55.040000	862.40715
55.060000	862.33751
55.080000	862.22392
55.100000	861.94699
55.120000	861.95069
55.140000	861.88038
55.160000	861.99779
55.180000	861.46926
55.200000	861.35413
55.220000	861.58571
55.240000	861.26269
55.260000	860.80777
55.280000	861.32549
55.300000	861.08107
55.320000	861.00826
55.340000	860.91289
55.360000	859.92916
55.380000	859.43578
55.400000	860.30791
55.420000	860.97973
55.440000	860.27493
55.460000	860.46180
55.480000	859.73844
55.500000	859.58283
55.520000	860.05995
55.540000	860.03144
55.560000	860.14965
55.580000	859.57259
55.600000	859.19179
55.620000	859.44078
55.640000	858.95125
55.660000	859.48369
55.680000	859.68295
55.700000	859.33535
55.720000	859.00267
55.740000	858.44261
55.760000	858.74668
55.780000	858.40949
55.800000	858.16621
55.820000	857.90967
55.840000	858.11759
55.860000	857.41263
55.880000	858.05074
55.900000	857.42216
55.920000	858.23009
55.940000	857.65907
55.960000	857.18003
55.980000	857.86096
56.000000	857.37349
56.020000	857.12076
56.040000	856.93157
56.060000	857.13862
56.080000	856.23618
56.100000	856.22539
56.120000	856.69014
56.140000	856.72876
56.160000	856.47312
56.180000	856.02602
56.200000	856.22822
56.220000	856.18568
56.240000	856.13453
56.260000	856.02830
56.280000	855.78667
56.300000	854.94458
56.320000	855.23085
56.340000	855.47301
56.360000	855.56998
56.380000	855.47876
56.400000	855.41385
56.420000	854.90282
56.440000	854.47950
56.460000	854.29713
56.480000	854.85945
56.500000	854.53573
56.520000	854.77018
56.540000	854.13815
56.560000	853.60784
56.580000	852.66040
56.600000	852.99295
56.620000	853.68105
56.640000	853.48124
56.660000	853.58782
56.680000	853.95524
56.700000	853.65081
56.720000	853.19821
56.740000	853.60676
56.760000	852.51810
56.780000	851.85938
56.800000	852.29945
56.820000	852.84888
56.840000	852.11937
56.860000	851.99297
56.880000	852.07932
56.900000	851.81660
56.920000	851.24462
56.940000	852.12707
56.960000	851.92621
56.980000	852.29070
57.000000	852.16862
57.020000	851.57352
57.040000	851.22513
57.060000	850.44102
57.080000	851.07220
57.100000	851.50708
57.120000	850.71907
57.140000	849.96323
57.160000	850.51407
57.180000	850.31817
57.200000	850.41966
57.220000	851.03766
57.240000	850.23228
57.260000	849.65709
57.280000	849.05987
57.300000	849.90011
57.320000	849.50980
57.340000	849.40141
57.360000	848.60807
57.380000	849.21769
57.400000	849.19353
57.420000	847.88582
57.440000	847.22894
57.460000	848.25837
57.480000	848.97279
57.500000	848.06100
57.520000	848.25703
57.540000	847.68111
57.560000	847.70363
57.580000	847.35817
57.600000	847.47191
57.620000	847.43552
57.640000	847.22239
57.660000	846.86797
57.680000	847.69764
57.700000	847.28034
57.720000	846.10473
57.740000	845.44080
57.760000	846.20013
57.780000	846.14973
57.800000	845.99376
57.820000	845.87716
57.840000	845.61593
57.860000	845.45526
57.880000	845.29367
57.900000	845.36399
57.920000	844.45822
57.940000	846.00434
57.960000	845.72461
57.980000	845.65769
58.000000	845.06663
58.020000	844.93793
58.040000	844.83957
58.060000	845.38370
58.080000	845.38606
58.100000	845.48756
58.120000	845.14121
58.140000	844.25357
58.160000	844.50461
58.180000	844.50787
58.200000	844.46333
58.220000	844.59905
58.240000	844.26145
58.260000	843.51209
58.280000	843.63642
58.300000	844.15027
58.320000	844.14210
58.340000	844.04457
58.360000	842.79503
58.380000	843.10562
58.400000	843.75937
58.420000	842.71727
58.440000	844.05001
58.460000	843.75062
58.480000	843.18307
58.500000	843.62623
58.520000	842.47749
58.540000	841.87813
58.560000	842.57973
58.580000	842.19558
58.600000	842.43371
58.620000	842.42761
58.640000	842.42610
58.660000	842.07955
58.680000	841.95062
58.700000	842.69743
58.720000	841.67483
58.740000	842.28362
58.760000	842.98014
58.780000	842.25722
58.800000	842.54757
58.820000	841.42044
58.840000	842.04740
58.860000	841.11007
58.880000	840.31060
58.900000	841.92332
58.920000	841.34954
58.940000	841.23410
58.960000	840.57979
58.980000	840.60573
59.000000	841.89746
59.020000	840.58062
59.040000	840.64303
59.060000	840.31290
59.080000	839.63643
59.100000	839.35675
59.120000	838.84913
59.140000	839.83642
59.160000	840.27880
59.180000	840.29914
59.200000	839.59499
59.220000	839.35839
59.240000	839.33146
59.260000	838.44099
59.280000	838.63082
59.300000	838.54865
59.320000	838.36925
59.340000	838.18188
59.360000	838.98066
59.380000	838.38109
59.400000	837.95000
59.420000	838.62607
59.440000	839.04773
59.460000	837.76021
59.480000	837.77934
59.500000	838.51129
59.520000	837.46284
59.540000	838.23634
59.560000	836.91625
59.580000	837.11721
59.600000	837.20542
59.620000	836.56010
59.640000	836.14817
59.660000	836.51626
59.680000	836.91103
59.700000	836.91398
59.720000	836.74449
59.740000	836.06319
59.760000	835.79037
59.780000	835.39966
59.800000	836.44509
59.820000	836.00463
59.840000	835.89446
59.860000	834.93094
59.880000	834.92919
59.900000	835.07626
59.920000	835.88236
59.940000	834.98985
59.960000	835.03248
59.980000	835.66548
60.000000	834.99592
