0.0000000	0.0000000
0.020000000	180.59941
0.040000000	180.48134
0.060000000	178.89318
0.080000000	178.11877
0.10000000	178.21734
0.12000000	178.07526
0.14000000	176.30612
0.16000000	175.61442
0.18000000	175.06123
0.20000000	174.45041
0.22000000	173.88640
0.24000000	173.97444
0.26000000	174.80383
0.28000000	176.03744
0.30000000	178.77954
0.32000000	185.27923
0.34000000	195.10641
0.36000000	213.93086
0.38000000	233.99566
0.40000000	256.64557
0.42000000	285.43360
0.44000000	303.41728
0.46000000	321.88974
0.48000000	339.15414
0.50000000	356.92746
0.52000000	372.91004
0.54000000	390.59235
0.56000000	403.60945
0.58000000	420.12674
0.60000000	441.43355
0.62000000	464.94453
0.64000000	504.24641
0.66000000	560.58369
0.68000000	641.40833
0.70000000	739.16558
0.72000000	866.10448
0.74000000	975.20700
0.76000000	1089.1217
0.78000000	1169.7606
0.80000000	1219.9537
0.82000000	1252.0486
0.84000000	1272.7822
0.86000000	1289.2517
0.88000000	1299.1716
0.90000000	1307.2581
0.92000000	1313.9489
0.94000000	1320.2348
0.96000000	1324.8869
0.98000000	1329.8118
1.0000000	1334.6482
1.0200000	1338.3596
1.0400000	1341.5421
1.0600000	1344.3458
1.0800000	1346.1521
1.1000000	1348.9037
1.1200000	1351.5538
1.1400000	1354.7776
1.1600000	1357.4592
1.1800000	1360.5037
1.2000000	1363.3295
1.2200000	1366.7170
1.2400000	1369.9019
1.2600000	1373.6781
1.2800000	1377.8865
1.3000000	1381.9278
1.3200000	1386.4001
1.3400000	1391.6469
1.3600000	1396.4910
1.3800000	1401.0778
1.4000000	1406.4211
1.4200000	1413.3787
1.4400000	1421.0926
1.4600000	1429.8499
1.4800000	1438.9914
1.5000000	1451.4308
1.5200000	1468.0687
1.5400000	1489.5913
1.5600000	1521.2624
1.5800000	1573.1064
1.6000000	1655.1939
1.6200000	1817.1320
1.6400000	2139.6403
1.6600000	2753.2570
1.6800000	4023.0442
1.7000000	6036.5731
1.7200000	8452.3800
1.7400000	10419.583
1.7600000	10139.473
1.7800000	8268.4292
1.8000000	5496.8077
1.8200000	3682.1920
1.8400000	2650.9572
1.8600000	2148.0791
1.8800000	1960.2063
1.9000000	1915.2807
1.9200000	2012.4848
1.9400000	2285.8233
1.9600000	2789.8002
1.9800000	3634.9077
2.0000000	4409.2282
2.0200000	4778.2503
2.0400000	4377.3516
2.0600000	3571.2657
2.0800000	2736.3369
2.1000000	2244.3433
2.1200000	1976.5168
2.1400000	1859.2525
2.1600000	1808.9084
2.1800000	1787.8295
2.2000000	1781.4321
2.2200000	1777.5051
2.2400000	1770.8889
2.2600000	1759.9204
2.2800000	1750.0107
2.3000000	1742.1428
2.3200000	1736.9294
2.3400000	1733.4196
2.3600000	1731.1198
2.3800000	1730.3194
2.4000000	1730.7688
2.4200000	1731.7854
2.4400000	1733.8527
2.4600000	1738.6804
2.4800000	1749.7666
2.5000000	1776.0517
2.5200000	1827.7754
2.5400000	1936.8256
2.5600000	2160.3983
2.5800000	2609.8517
2.6000000	3491.2081
2.6200000	4974.3290
2.6400000	6785.1954
2.6600000	8250.1225
2.6800000	8213.2200
2.7000000	6937.4735
2.7200000	5030.3000
2.7400000	3785.7940
2.7600000	3339.3336
2.7800000	3715.2519
2.8000000	4862.6089
2.8200000	6536.5724
2.8400000	8139.8017
2.8600000	8408.5888
2.8800000	7309.2654
2.9000000	5305.4912
2.9200000	3704.2114
2.9400000	2690.4621
2.9600000	2179.9260
2.9800000	1948.5950
3.0000000	1846.4489
3.0200000	1831.5250
3.0400000	1879.3591
3.0600000	2023.4329
3.0800000	2340.1592
3.1000000	2965.1874
3.1200000	4220.9434
3.1400000	6256.2039
3.1600000	8763.6860
3.1800000	10864.183
3.2000000	10921.069
3.2200000	9155.1156
3.2400000	6373.8229
3.2600000	4342.2474
3.2800000	3185.5095
3.3000000	2713.4753
3.3200000	2637.0101
3.3400000	2681.8600
3.3600000	2726.8601
3.3800000	2841.1771
3.4000000	3262.1305
3.4200000	4430.8767
3.4400000	6558.9190
3.4600000	9605.7760
3.4800000	12473.654
3.5000000	13193.951
3.5200000	11418.750
3.5400000	8136.7825
3.5600000	5271.7850
3.5800000	3464.6548
3.6000000	2639.3008
3.6200000	2272.5868
3.6400000	2084.0116
3.6600000	1934.2526
3.6800000	1796.1132
3.7000000	1684.8737
3.7200000	1628.2596
3.7400000	1613.3274
3.7600000	1642.6136
3.7800000	1730.8296
3.8000000	1918.3834
3.8200000	2326.4246
3.8400000	3064.3062
3.8600000	4213.4303
3.8800000	5666.6023
3.9000000	6572.0923
3.9200000	6493.4238
3.9400000	5316.4821
3.9600000	3908.1227
3.9800000	2794.8046
4.0000000	2180.4693
4.0200000	1893.8948
4.0400000	1740.6410
4.0600000	1637.8691
4.0800000	1548.4194
4.1000000	1476.6843
4.1200000	1431.9094
4.1400000	1407.4536
4.1600000	1396.1289
4.1800000	1394.8462
4.2000000	1402.2516
4.2200000	1421.9899
4.2400000	1461.0570
4.2600000	1536.4407
4.2800000	1686.2574
4.3000000	1987.3385
4.3200000	2531.8887
4.3400000	3504.3804
4.3600000	4821.6265
4.3800000	6098.1622
4.4000000	6629.3305
4.4200000	6049.2748
4.4400000	4856.5750
4.4600000	3755.1615
4.4800000	3236.6336
4.5000000	3049.6181
4.5200000	2861.6083
4.5400000	2540.0516
4.5600000	2133.9283
4.5800000	1803.4159
4.6000000	1606.1432
4.6200000	1500.3258
4.6400000	1448.6865
4.6600000	1424.9536
4.6800000	1416.3932
4.7000000	1422.8520
4.7200000	1447.4780
4.7400000	1502.6046
4.7600000	1607.8678
4.7800000	1781.7667
4.8000000	2030.8622
4.8200000	2275.7077
4.8400000	2398.4476
4.8600000	2342.4388
4.8800000	2190.6657
4.9000000	2081.0486
4.9200000	2063.3760
4.9400000	2056.1135
4.9600000	1994.2613
4.9800000	1877.5660
5.0000000	1792.5747
5.0200000	1791.6428
5.0400000	1923.1460
5.0600000	2228.1383
5.0800000	2788.7314
5.1000000	3685.7216
5.1200000	4682.0488
5.1400000	5430.1188
5.1600000	5548.0373
5.1800000	5257.2772
5.2000000	5045.8400
5.2200000	5298.4693
5.2400000	5786.0639
5.2600000	6439.4797
5.2800000	7517.8520
5.3000000	9303.6934
5.3200000	11359.085
5.3400000	12171.270
5.3600000	10969.214
5.3800000	8261.5078
5.4000000	5509.7551
5.4200000	3687.0040
5.4400000	2651.2094
5.4600000	2169.3299
5.4800000	1943.9912
5.5000000	1866.0979
5.5200000	1898.1241
5.5400000	2042.1019
5.5600000	2344.8612
5.5800000	2795.8097
5.6000000	3277.2319
5.6200000	3631.2553
5.6400000	3765.8141
5.6600000	3856.9101
5.6800000	4057.9698
5.7000000	4208.3310
5.7200000	4039.2117
5.7400000	3456.7509
5.7600000	2783.0819
5.7800000	2235.9960
5.8000000	1914.6376
5.8200000	1741.1944
5.8400000	1648.2812
5.8600000	1607.3957
5.8800000	1611.3662
5.9000000	1661.1501
5.9200000	1765.0233
5.9400000	1901.8329
5.9600000	2026.5488
5.9800000	2081.3375
6.0000000	2077.4477
6.0200000	2066.7401
6.0400000	2075.7902
6.0600000	2047.0364
6.0800000	1945.5997
6.1000000	1794.1920
6.1200000	1666.7753
6.1400000	1583.7066
6.1600000	1541.5135
6.1800000	1528.6222
6.2000000	1544.4477
6.2200000	1599.5444
6.2400000	1707.4286
6.2600000	1886.7077
6.2800000	2144.7173
6.3000000	2467.5313
6.3200000	2896.1490
6.3400000	3487.2926
6.3600000	4082.2480
6.3800000	4431.7575
6.4000000	4225.5744
6.4200000	3635.1862
6.4400000	2994.1462
6.4600000	2685.4158
6.4800000	2754.6305
6.5000000	3150.2059
6.5200000	3660.9952
6.5400000	3992.9245
6.5600000	4016.0609
6.5800000	3841.9607
6.6000000	3697.7888
6.6200000	3683.1017
6.6400000	3783.7983
6.6600000	3973.8514
6.6800000	4157.6661
6.7000000	4067.2499
6.7200000	3614.0161
6.7400000	2934.3700
6.7600000	2359.6977
6.7800000	1986.0453
6.8000000	1795.9890
6.8200000	1735.2001
6.8400000	1774.3849
6.8600000	1922.1447
6.8800000	2148.8067
6.9000000	2392.7608
6.9200000	2518.8343
6.9400000	2455.2556
6.9600000	2272.9904
6.9800000	2066.3551
7.0000000	1914.8072
7.0200000	1790.2365
7.0400000	1689.5016
7.0600000	1617.3099
7.0800000	1567.2337
7.1000000	1536.0739
7.1200000	1531.7879
7.1400000	1565.1689
7.1600000	1646.9563
7.1800000	1753.6315
7.2000000	1853.1778
7.2200000	1900.7473
7.2400000	1898.9595
7.2600000	1872.3259
7.2800000	1826.8843
7.3000000	1758.2461
7.3200000	1669.6893
7.3400000	1595.2076
7.3600000	1564.8931
7.3800000	1584.6810
7.4000000	1673.9015
7.4200000	1842.0721
7.4400000	2102.4304
7.4600000	2400.5337
7.4800000	2579.8979
7.5000000	2552.1377
7.5200000	2322.4001
7.5400000	2060.8210
7.5600000	1882.4406
7.5800000	1847.8024
7.6000000	1952.8669
7.6200000	2223.6193
7.6400000	2665.6134
7.6600000	3186.8706
7.6800000	3629.1690
7.7000000	3774.9247
7.7200000	3690.0479
7.7400000	3568.0957
7.7600000	3645.8815
7.7800000	3936.3827
7.8000000	4291.8867
7.8200000	4371.8674
7.8400000	4019.0263
7.8600000	3345.9413
7.8800000	2676.0936
7.9000000	2244.2470
7.9200000	2045.8136
7.9400000	2046.7167
7.9600000	2207.1125
7.9800000	2492.5137
8.0000000	2831.9951
8.0200000	3134.1728
8.0400000	3358.7428
8.0600000	3459.0660
8.0800000	3354.7996
8.1000000	3013.6673
8.1200000	2546.9411
8.1400000	2133.8044
8.1600000	1880.0088
8.1800000	1785.3507
8.2000000	1817.3815
8.2200000	1948.0109
8.2400000	2110.0514
8.2600000	2211.3870
8.2800000	2188.6161
8.3000000	2049.7531
8.3200000	1881.7414
8.3400000	1733.7117
8.3600000	1627.0845
8.3800000	1560.4016
8.4000000	1528.5294
8.4200000	1536.2959
8.4400000	1582.5921
8.4600000	1674.2999
8.4800000	1818.3626
8.5000000	2004.2172
8.5200000	2235.2176
8.5400000	2459.9773
8.5600000	2591.4917
8.5800000	2558.7890
8.6000000	2374.1164
8.6200000	2178.5863
8.6400000	2080.5191
8.6600000	2121.8476
8.6800000	2255.9746
8.7000000	2452.6463
8.7200000	2715.1465
8.7400000	3070.2558
8.7600000	3522.2010
8.7800000	3946.9712
8.8000000	4102.9122
8.8200000	3838.5951
8.8400000	3236.3395
8.8600000	2591.0076
8.8800000	2106.6729
8.9000000	1843.8126
8.9200000	1745.1176
8.9400000	1743.0858
8.9600000	1770.8376
8.9800000	1775.3611
9.0000000	1736.3142
9.0200000	1664.9714
9.0400000	1593.4433
9.0600000	1535.3419
9.0800000	1501.5283
9.1000000	1500.6348
9.1200000	1541.7487
9.1400000	1636.7715
9.1600000	1773.6603
9.1800000	1916.7833
9.2000000	1996.8485
9.2200000	1976.3039
9.2400000	1874.1481
9.2600000	1744.1623
9.2800000	1633.3981
9.3000000	1551.6982
9.3200000	1510.6266
9.3400000	1513.8324
9.3600000	1562.5970
9.3800000	1650.8992
9.4000000	1742.1249
9.4200000	1801.0807
9.4400000	1799.2760
9.4600000	1761.6236
9.4800000	1734.1775
9.5000000	1768.1666
9.5200000	1891.2053
9.5400000	2106.4275
9.5600000	2367.2711
9.5800000	2572.7307
9.6000000	2678.4269
9.6200000	2703.7765
9.6400000	2718.1419
9.6600000	2736.2157
9.6800000	2699.7807
9.7000000	2538.8250
9.7200000	2271.5260
9.7400000	1971.1148
9.7600000	1753.6322
9.7800000	1634.5401
9.8000000	1606.2618
9.8200000	1646.6406
9.8400000	1731.3054
9.8600000	1835.5630
9.8800000	1906.6045
9.9000000	1906.3508
9.9200000	1821.5858
9.9400000	1697.8315
9.9600000	1592.0740
9.9800000	1537.8479
10.000000	1541.8428
10.020000	1584.8244
10.040000	1645.3723
10.060000	1695.2417
10.080000	1718.6838
10.100000	1709.2496
10.120000	1671.5651
10.140000	1627.7470
10.160000	1604.8463
10.180000	1635.0145
10.200000	1727.7817
10.220000	1876.1562
10.240000	2036.5914
10.260000	2154.0111
10.280000	2200.4881
10.300000	2174.0812
10.320000	2117.1402
10.340000	2079.9636
10.360000	2110.3567
10.380000	2200.8132
10.400000	2317.0847
10.420000	2442.8240
10.440000	2617.2495
10.460000	2863.3236
10.480000	3106.5225
10.500000	3165.5022
10.520000	2962.1586
10.540000	2559.4174
10.560000	2170.5490
10.580000	1898.0643
10.600000	1764.4266
10.620000	1724.7958
10.640000	1717.3476
10.660000	1693.0977
10.680000	1646.2103
10.700000	1589.9488
10.720000	1543.5719
10.740000	1523.6794
10.760000	1538.3327
10.780000	1594.2811
10.800000	1676.3748
10.820000	1748.6736
10.840000	1769.8279
10.860000	1722.0322
10.880000	1635.5711
10.900000	1546.7463
10.920000	1486.5190
10.940000	1457.3719
10.960000	1457.5348
10.980000	1479.7680
11.000000	1509.4916
11.020000	1533.2672
11.040000	1542.3004
11.060000	1549.0074
11.080000	1577.0041
11.100000	1650.2018
11.120000	1769.7244
11.140000	1918.4579
11.160000	2075.5539
11.180000	2222.6021
11.200000	2382.5946
11.220000	2550.3910
11.240000	2649.9708
11.260000	2606.4929
11.280000	2392.4872
11.300000	2117.5045
11.320000	1884.1109
11.340000	1756.4281
11.360000	1721.1646
11.380000	1727.4626
11.400000	1728.1867
11.420000	1698.0294
11.440000	1639.3105
11.460000	1566.5917
11.480000	1503.6240
11.500000	1464.1633
11.520000	1452.2142
11.540000	1462.0289
11.560000	1480.3136
11.580000	1496.3922
11.600000	1502.5205
11.620000	1499.3276
11.640000	1494.7158
11.660000	1504.4135
11.680000	1544.1979
11.700000	1625.9412
11.720000	1744.1159
11.740000	1871.8937
11.760000	1977.2888
11.780000	2030.7428
11.800000	2029.4253
11.820000	2007.6126
11.840000	2003.9977
11.860000	2030.6830
11.880000	2063.3349
11.900000	2081.7419
11.920000	2080.1867
11.940000	2053.8855
11.960000	1986.6593
11.980000	1871.5885
12.000000	1736.4813
12.020000	1621.9469
12.040000	1553.8192
12.060000	1528.9693
12.080000	1521.6779
12.100000	1507.2873
12.120000	1479.4339
12.140000	1446.3319
12.160000	1420.6636
12.180000	1413.6571
12.200000	1428.5431
12.220000	1463.0434
12.240000	1503.5080
12.260000	1532.3137
12.280000	1536.7256
12.300000	1515.8408
12.320000	1482.3388
12.340000	1452.2064
12.360000	1441.7489
12.380000	1453.2724
12.400000	1478.7738
12.420000	1501.8735
12.440000	1513.3272
12.460000	1519.7689
12.480000	1539.6021
12.500000	1584.6698
12.520000	1649.7775
12.540000	1714.4751
12.560000	1755.9130
12.580000	1774.9612
12.600000	1776.0255
12.620000	1756.9744
12.640000	1713.1100
12.660000	1650.1635
12.680000	1598.6538
12.700000	1585.2439
12.720000	1621.6550
12.740000	1698.2441
12.760000	1777.4469
12.780000	1821.9210
12.800000	1799.4969
12.820000	1723.7329
12.840000	1636.1096
12.860000	1574.7468
12.880000	1552.1615
12.900000	1548.0567
12.920000	1538.5361
12.940000	1513.7984
12.960000	1482.3453
12.980000	1458.1661
13.000000	1456.2882
13.020000	1481.6269
13.040000	1533.7319
13.060000	1601.1775
13.080000	1662.4482
13.100000	1698.6773
13.120000	1703.1888
13.140000	1694.7527
13.160000	1701.9295
13.180000	1747.7881
13.200000	1831.4816
13.220000	1930.9509
13.240000	2008.1183
13.260000	2012.8239
13.280000	1934.7313
13.300000	1797.1834
13.320000	1660.1304
13.340000	1560.6696
13.360000	1502.4786
13.380000	1467.3427
13.400000	1436.8930
13.420000	1405.2760
13.440000	1377.3275
13.460000	1359.5088
13.480000	1353.6606
13.500000	1358.8651
13.520000	1370.9139
13.540000	1382.9749
13.560000	1388.8936
13.580000	1385.0727
13.600000	1375.9068
13.620000	1368.3806
13.640000	1368.4767
13.660000	1375.0771
13.680000	1383.4156
13.700000	1390.7259
13.720000	1401.0911
13.740000	1424.4353
13.760000	1471.0924
13.780000	1543.9914
13.800000	1638.2847
13.820000	1739.4946
13.840000	1816.5462
13.860000	1841.2394
13.880000	1801.5227
13.900000	1713.7250
13.920000	1622.1554
13.940000	1562.6282
13.960000	1550.5438
13.980000	1570.8916
14.000000	1593.7044
14.020000	1590.8612
14.040000	1555.0395
14.060000	1503.8201
14.080000	1458.6286
14.100000	1433.7998
14.120000	1424.1459
14.140000	1418.4598
14.160000	1409.3344
14.180000	1399.7586
14.200000	1397.0788
14.220000	1409.4313
14.240000	1438.1024
14.260000	1476.6221
14.280000	1515.7896
14.300000	1548.1088
14.320000	1577.5645
14.340000	1609.8353
14.360000	1642.3495
14.380000	1662.6718
14.400000	1660.7920
14.420000	1633.9237
14.440000	1589.2445
14.460000	1534.4905
14.480000	1477.6961
14.500000	1432.5829
14.520000	1404.5788
14.540000	1391.3558
14.560000	1381.9049
14.580000	1366.5994
14.600000	1345.1486
14.620000	1323.0371
14.640000	1308.0446
14.660000	1301.5147
14.680000	1302.3460
14.700000	1305.1121
14.720000	1305.5524
14.740000	1302.3199
14.760000	1298.2369
14.780000	1297.2021
14.800000	1301.5175
14.820000	1310.0273
14.840000	1319.6809
14.860000	1330.6754
14.880000	1347.1006
14.900000	1374.8429
14.920000	1417.5304
14.940000	1477.6140
14.960000	1547.6055
14.980000	1612.7046
15.000000	1649.8263
15.020000	1639.3412
15.040000	1587.6813
15.060000	1519.2278
15.080000	1459.7842
15.100000	1418.1935
15.120000	1386.3578
15.140000	1355.8694
15.160000	1328.8094
15.180000	1309.9892
15.200000	1302.7598
15.220000	1305.6915
15.240000	1312.9444
15.260000	1319.0741
15.280000	1321.0685
15.300000	1321.6661
15.320000	1326.8843
15.340000	1343.5175
15.360000	1374.2147
15.380000	1414.2218
15.400000	1453.8618
15.420000	1483.6356
15.440000	1500.0743
15.460000	1508.8760
15.480000	1514.6439
15.500000	1517.3923
15.520000	1512.4643
15.540000	1494.0218
15.560000	1459.4191
15.580000	1414.9773
15.600000	1370.2959
15.620000	1334.8547
15.640000	1312.3186
15.660000	1299.0279
15.680000	1291.6404
15.700000	1289.7993
15.720000	1294.2021
15.740000	1304.8326
15.760000	1318.1243
15.780000	1327.8089
15.800000	1330.3016
15.820000	1326.2232
15.840000	1321.1409
15.860000	1320.3998
15.880000	1325.1894
15.900000	1333.5346
15.920000	1343.1253
15.940000	1356.6408
15.960000	1379.1797
15.980000	1413.1003
16.000000	1455.1251
16.020000	1497.7740
16.040000	1529.2708
16.060000	1538.7962
16.080000	1520.7367
16.100000	1478.3529
16.120000	1429.6197
16.140000	1389.1699
16.160000	1362.9478
16.180000	1347.0562
16.200000	1333.3380
16.220000	1318.2202
16.240000	1303.3142
16.260000	1292.1728
16.280000	1284.9551
16.300000	1279.9915
16.320000	1275.7180
16.340000	1272.7666
16.360000	1273.7527
16.380000	1281.7549
16.400000	1296.7693
16.420000	1315.7105
16.440000	1334.1353
16.460000	1348.9354
16.480000	1363.7827
16.500000	1384.9953
16.520000	1416.8955
16.540000	1453.8094
16.560000	1481.5200
16.580000	1484.0461
16.600000	1456.4121
16.620000	1409.9246
16.640000	1359.9043
16.660000	1319.7835
16.680000	1290.5554
16.700000	1269.1283
16.720000	1253.5435
16.740000	1244.0436
16.760000	1240.0791
16.780000	1239.9614
16.800000	1240.6527
16.820000	1240.3945
16.840000	1239.1953
16.860000	1238.9365
16.880000	1240.9891
16.900000	1245.1524
16.920000	1250.4394
16.940000	1256.4876
16.960000	1265.3733
16.980000	1278.4988
17.000000	1294.7695
17.020000	1308.7914
17.040000	1315.6026
17.060000	1311.8622
17.080000	1299.7247
17.100000	1286.3515
17.120000	1278.1350
17.140000	1278.6573
17.160000	1284.6167
17.180000	1288.8111
17.200000	1285.3331
17.220000	1273.9669
17.240000	1260.0365
17.260000	1248.5370
17.280000	1241.3525
17.300000	1236.8691
17.320000	1233.1872
17.340000	1230.4656
17.360000	1230.5760
17.380000	1234.5869
17.400000	1242.2989
17.420000	1252.9546
17.440000	1266.3447
17.460000	1282.3841
17.480000	1299.9548
17.500000	1315.4227
17.520000	1323.8605
17.540000	1321.3280
17.560000	1305.8600
17.580000	1281.4591
17.600000	1254.5984
17.620000	1231.9222
17.640000	1216.3186
17.660000	1208.0184
17.680000	1205.2358
17.700000	1206.9124
17.720000	1211.3493
17.740000	1215.4546
17.760000	1216.5092
17.780000	1212.8343
17.800000	1206.2966
17.820000	1199.7097
17.840000	1195.5459
17.860000	1194.8690
17.880000	1197.7264
17.900000	1204.5254
17.920000	1216.0291
17.940000	1231.7140
17.960000	1249.5733
17.980000	1265.4784
18.000000	1274.5808
18.020000	1274.6101
18.040000	1267.8137
18.060000	1259.0544
18.080000	1252.9465
18.100000	1250.0290
18.120000	1247.2378
18.140000	1241.4394
18.160000	1232.6302
18.180000	1223.4983
18.200000	1216.2953
18.220000	1212.4164
18.240000	1212.0085
18.260000	1215.9610
18.280000	1224.8128
18.300000	1238.8245
18.320000	1254.9904
18.340000	1269.6561
18.360000	1279.0252
18.380000	1283.0174
18.400000	1284.4992
18.420000	1286.0966
18.440000	1287.0851
18.460000	1283.9969
18.480000	1273.7306
18.500000	1256.7946
18.520000	1236.9910
18.540000	1219.3823
18.560000	1206.2773
18.580000	1198.2232
18.600000	1194.2385
18.620000	1193.6723
18.640000	1195.4264
18.660000	1198.1099
18.680000	1200.1406
18.700000	1201.2695
18.720000	1202.0788
18.740000	1204.0287
18.760000	1207.4058
18.780000	1212.3131
18.800000	1219.3703
18.820000	1229.2765
18.840000	1241.9420
18.860000	1256.0382
18.880000	1267.6699
18.900000	1272.6706
18.920000	1268.8931
18.940000	1257.6260
18.960000	1243.3795
18.980000	1230.9010
19.000000	1221.9016
19.020000	1215.4816
19.040000	1209.9717
19.060000	1204.3160
19.080000	1199.1495
19.100000	1194.9116
19.120000	1191.4756
19.140000	1189.1916
19.160000	1188.8265
19.180000	1192.0788
19.200000	1198.9011
19.220000	1207.9118
19.240000	1217.1077
19.260000	1225.7406
19.280000	1233.5363
19.300000	1240.4307
19.320000	1244.8833
19.340000	1244.3121
19.360000	1237.6011
19.380000	1225.6073
19.400000	1211.2974
19.420000	1197.2542
19.440000	1184.7049
19.460000	1173.7394
19.480000	1164.7692
19.500000	1158.2705
19.520000	1154.3325
19.540000	1151.7032
19.560000	1150.5137
19.580000	1150.3017
19.600000	1150.8932
19.620000	1152.3395
19.640000	1155.0689
19.660000	1159.5469
19.680000	1165.8490
19.700000	1172.1618
19.720000	1177.0940
19.740000	1178.6562
19.760000	1176.2551
19.780000	1170.6769
19.800000	1164.2136
19.820000	1158.8430
19.840000	1155.0454
19.860000	1152.0806
19.880000	1149.7973
19.900000	1148.3100
19.920000	1147.4321
19.940000	1147.1681
19.960000	1147.2415
19.980000	1147.1997
20.000000	1147.0479
20.020000	1147.2435
20.040000	1148.8556
20.060000	1152.1102
20.080000	1156.2632
20.100000	1160.5462
20.120000	1164.5843
20.140000	1168.6744
20.160000	1171.4015
20.180000	1170.9369
20.200000	1166.3143
20.220000	1158.5325
20.240000	1149.2323
20.260000	1140.6862
20.280000	1134.0734
20.300000	1129.4915
20.320000	1126.8265
20.340000	1125.6723
20.360000	1125.0406
20.380000	1124.1454
20.400000	1123.2169
20.420000	1122.6491
20.440000	1122.6201
20.460000	1123.8989
20.480000	1127.7373
20.500000	1135.0339
20.520000	1145.9234
20.540000	1159.6789
20.560000	1174.1661
20.580000	1185.0267
20.600000	1189.3271
20.620000	1185.9774
20.640000	1176.9111
20.660000	1166.0345
20.680000	1156.0097
20.700000	1147.4990
20.720000	1140.1089
20.740000	1133.7690
20.760000	1129.0587
20.780000	1125.9085
20.800000	1124.8867
20.820000	1126.2051
20.840000	1129.4077
20.860000	1133.7238
20.880000	1138.4640
20.900000	1142.1496
20.920000	1144.3855
20.940000	1145.6401
20.960000	1145.4236
20.980000	1143.1015
21.000000	1138.5040
21.020000	1132.2150
21.040000	1125.2681
21.060000	1119.3153
21.080000	1114.5898
21.100000	1111.3631
21.120000	1109.1605
21.140000	1108.4270
21.160000	1108.5523
21.180000	1108.5330
21.200000	1108.3481
21.220000	1108.4574
21.240000	1109.2050
21.260000	1111.0063
21.280000	1113.9162
21.300000	1118.6275
21.320000	1124.9336
21.340000	1131.8566
21.360000	1137.4494
21.380000	1140.9007
21.400000	1141.8228
21.420000	1140.5568
21.440000	1138.3694
21.460000	1136.1528
21.480000	1133.7011
21.500000	1130.3797
21.520000	1126.2061
21.540000	1121.2486
21.560000	1116.5039
21.580000	1112.6094
21.600000	1110.0266
21.620000	1108.7535
21.640000	1109.4301
21.660000	1111.8147
21.680000	1115.2495
21.700000	1120.0182
21.720000	1125.7211
21.740000	1131.2474
21.760000	1135.0945
21.780000	1135.6816
21.800000	1132.2399
21.820000	1125.4328
21.840000	1116.6905
21.860000	1108.3701
21.880000	1101.5260
21.900000	1096.5493
21.920000	1093.4751
21.940000	1091.5368
21.960000	1089.9204
21.980000	1088.6111
22.000000	1087.1977
22.020000	1086.2377
22.040000	1086.3085
22.060000	1087.5876
22.080000	1090.0361
22.100000	1093.3434
22.120000	1096.5664
22.140000	1098.1712
22.160000	1097.3590
22.180000	1094.0323
22.200000	1089.3749
22.220000	1084.5613
22.240000	1080.3767
22.260000	1077.7113
22.280000	1076.5575
22.300000	1076.1602
22.320000	1076.5823
22.340000	1077.6443
22.360000	1079.2248
22.380000	1081.0785
22.400000	1083.3740
22.420000	1085.9621
22.440000	1088.7989
22.460000	1091.6264
22.480000	1093.4291
22.500000	1094.3640
22.520000	1094.2178
22.540000	1092.5205
22.560000	1089.3853
22.580000	1085.3624
22.600000	1080.9586
22.620000	1076.8942
22.640000	1073.5188
22.660000	1071.0149
22.680000	1069.1604
22.700000	1067.8890
22.720000	1067.1820
22.740000	1066.7508
22.760000	1066.2658
22.780000	1066.3375
22.800000	1067.1653
22.820000	1068.7726
22.840000	1071.9951
22.860000	1076.3879
22.880000	1080.3385
22.900000	1082.2661
22.920000	1081.8560
22.940000	1079.1615
22.960000	1075.1978
22.980000	1070.7580
23.000000	1066.6040
23.020000	1063.7458
23.040000	1061.9249
23.060000	1060.8980
23.080000	1060.7470
23.100000	1061.7786
23.120000	1063.7777
23.140000	1066.6482
23.160000	1069.8538
23.180000	1072.8640
23.200000	1074.9816
23.220000	1075.8801
23.240000	1075.2485
23.260000	1073.5020
23.280000	1071.1058
23.300000	1068.0424
23.320000	1065.0793
23.340000	1062.7402
23.360000	1061.2600
23.380000	1060.4286
23.400000	1060.4540
23.420000	1060.8165
23.440000	1060.9090
23.460000	1061.3906
23.480000	1062.2295
23.500000	1063.2013
23.520000	1064.8321
23.540000	1067.3870
23.560000	1070.5719
23.580000	1074.0169
23.600000	1076.7408
23.620000	1077.8572
23.640000	1077.4784
23.660000	1076.2375
23.680000	1074.2898
23.700000	1071.8465
23.720000	1069.2506
23.740000	1066.3483
23.760000	1063.4000
23.780000	1060.7758
23.800000	1058.8020
23.820000	1057.3474
23.840000	1057.0125
23.860000	1058.0974
23.880000	1059.3781
23.900000	1060.6799
23.920000	1062.1529
23.940000	1063.1072
23.960000	1063.0712
23.980000	1061.8711
24.000000	1059.9692
24.020000	1057.4235
24.040000	1054.3339
24.060000	1051.5494
24.080000	1049.3308
24.100000	1047.5137
24.120000	1046.1195
24.140000	1045.0669
24.160000	1044.3950
24.180000	1044.1663
24.200000	1044.1146
24.220000	1044.3694
24.240000	1045.3244
24.260000	1046.9689
24.280000	1048.6775
24.300000	1049.7819
24.320000	1050.3215
24.340000	1049.9140
24.360000	1048.9536
24.380000	1047.5843
24.400000	1046.0223
24.420000	1044.3234
24.440000	1042.6316
24.460000	1041.1165
24.480000	1039.9762
24.500000	1039.1328
24.520000	1038.4943
24.540000	1038.5560
24.560000	1039.1025
24.580000	1039.9574
24.600000	1040.8819
24.620000	1041.9552
24.640000	1042.8303
24.660000	1042.7349
24.680000	1041.5126
24.700000	1039.2637
24.720000	1036.5653
24.740000	1033.7559
24.760000	1031.3674
24.780000	1029.7265
24.800000	1028.4872
24.820000	1027.4349
24.840000	1026.3636
24.860000	1025.5356
24.880000	1024.9258
24.900000	1024.8201
24.920000	1025.1856
24.940000	1026.1140
24.960000	1027.4744
24.980000	1028.8027
25.000000	1029.5274
25.020000	1029.5891
25.040000	1028.9620
25.060000	1027.6984
25.080000	1026.4219
25.100000	1025.0672
25.120000	1023.4900
25.140000	1022.0340
25.160000	1020.7975
25.180000	1019.9493
25.200000	1019.8111
25.220000	1020.0904
25.240000	1020.5893
25.260000	1021.3029
25.280000	1021.6704
25.300000	1021.6515
25.320000	1021.2419
25.340000	1020.3727
25.360000	1018.9434
25.380000	1017.1291
25.400000	1015.3226
25.420000	1013.9833
25.440000	1012.9972
25.460000	1012.3297
25.480000	1011.8540
25.500000	1011.6059
25.520000	1011.6248
25.540000	1011.7222
25.560000	1011.7790
25.580000	1011.8299
25.600000	1012.1014
25.620000	1012.8731
25.640000	1013.6685
25.660000	1014.3943
25.680000	1014.5736
25.700000	1014.2370
25.720000	1013.5855
25.740000	1012.8824
25.760000	1012.2984
25.780000	1011.7758
25.800000	1011.3215
25.820000	1010.8484
25.840000	1010.5501
25.860000	1010.7073
25.880000	1011.1643
25.900000	1011.6662
25.920000	1012.5222
25.940000	1013.6857
25.960000	1014.6167
25.980000	1015.0218
26.000000	1014.7857
26.020000	1013.8367
26.040000	1012.3815
26.060000	1010.5599
26.080000	1008.5143
26.100000	1006.5728
26.120000	1005.1730
26.140000	1004.1674
26.160000	1003.5593
26.180000	1003.1391
26.200000	1003.0450
26.220000	1003.3912
26.240000	1003.8221
26.260000	1004.2300
26.280000	1004.7364
26.300000	1005.1938
26.320000	1005.3822
26.340000	1005.2383
26.360000	1005.0376
26.380000	1004.5382
26.400000	1003.6832
26.420000	1002.8618
26.440000	1002.3619
26.460000	1001.6967
26.480000	1000.9378
26.500000	1000.3528
26.520000	1000.0534
26.540000	1000.2591
26.560000	1000.9642
26.580000	1001.8499
26.600000	1002.6129
26.620000	1003.0657
26.640000	1002.8808
26.660000	1002.0766
26.680000	1000.8501
26.700000	999.19714
26.720000	997.53799
26.740000	996.06450
26.760000	994.84720
26.780000	993.90378
26.800000	993.21905
26.820000	992.67733
26.840000	992.25821
26.860000	992.15655
26.880000	992.32903
26.900000	992.87798
26.920000	993.51190
26.940000	994.09700
26.960000	994.50830
26.980000	994.41619
27.000000	993.75217
27.020000	992.59282
27.040000	991.33773
27.060000	990.06596
27.080000	988.93219
27.100000	988.13884
27.120000	987.42217
27.140000	987.15130
27.160000	987.09147
27.180000	987.11607
27.200000	986.85634
27.220000	986.43504
27.240000	985.91316
27.260000	985.16883
27.280000	984.24392
27.300000	983.23156
27.320000	982.21085
27.340000	981.26286
27.360000	980.54506
27.380000	980.07160
27.400000	979.71726
27.420000	979.35019
27.440000	979.06579
27.460000	978.88098
27.480000	978.87119
27.500000	978.90261
27.520000	978.95424
27.540000	978.93641
27.560000	978.88693
27.580000	978.61518
27.600000	978.01213
27.620000	977.17277
27.640000	976.30866
27.660000	975.59898
27.680000	974.88338
27.700000	974.21294
27.720000	973.68723
27.740000	973.42335
27.760000	973.41993
27.780000	973.46073
27.800000	973.88529
27.820000	974.60985
27.840000	975.24945
27.860000	975.71206
27.880000	976.02041
27.900000	975.90376
27.920000	975.19380
27.940000	974.16576
27.960000	972.92445
27.980000	971.63885
28.000000	970.58852
28.020000	969.69219
28.040000	969.07134
28.060000	968.68766
28.080000	968.44546
28.100000	968.30107
28.120000	968.21691
28.140000	968.32389
28.160000	968.37710
28.180000	968.34566
28.200000	968.14848
28.220000	967.77426
28.240000	967.27537
28.260000	966.80532
28.280000	966.35053
28.300000	965.96712
28.320000	965.65588
28.340000	965.56616
28.360000	965.48805
28.380000	965.53846
28.400000	965.63505
28.420000	965.80599
28.440000	965.96615
28.460000	966.00740
28.480000	965.93626
28.500000	965.58070
28.520000	965.16345
28.540000	964.65930
28.560000	964.05542
28.580000	963.42147
28.600000	962.91912
28.620000	962.34531
28.640000	961.76747
28.660000	961.35117
28.680000	961.10359
28.700000	960.93012
28.720000	960.93500
28.740000	961.09224
28.760000	961.23792
28.780000	961.33416
28.800000	961.50257
28.820000	961.40924
28.840000	960.96316
28.860000	960.42745
28.880000	959.78735
28.900000	959.23468
28.920000	958.86988
28.940000	958.61594
28.960000	958.45873
28.980000	958.50266
29.000000	958.58369
29.020000	958.58619
29.040000	958.60507
29.060000	958.54195
29.080000	958.10519
29.100000	957.52358
29.120000	956.93997
29.140000	956.17374
29.160000	955.32847
29.180000	954.61934
29.200000	954.01398
29.220000	953.35358
29.240000	952.82447
29.260000	952.56960
29.280000	952.43300
29.300000	952.40602
29.320000	952.45984
29.340000	952.43646
29.360000	952.50379
29.380000	952.59746
29.400000	952.42030
29.420000	952.04425
29.440000	951.55924
29.460000	950.93824
29.480000	950.23839
29.500000	949.59533
29.520000	948.92579
29.540000	948.35374
29.560000	947.90525
29.580000	947.52587
29.600000	947.27090
29.620000	947.09174
29.640000	946.80483
29.660000	946.48838
29.680000	946.09950
29.700000	945.43238
29.720000	944.88552
29.740000	944.47501
29.760000	944.01865
29.780000	943.45030
29.800000	942.81026
29.820000	942.42027
29.840000	942.16885
29.860000	941.90801
29.880000	941.74814
29.900000	941.58160
29.920000	941.51037
29.940000	941.37269
29.960000	941.09412
29.980000	940.80290
30.000000	940.30419
30.020000	939.81851
30.040000	939.47198
30.060000	939.17963
30.080000	938.84526
30.100000	938.36820
30.120000	938.05242
30.140000	937.79575
30.160000	937.41620
30.180000	937.17870
30.200000	937.06594
30.220000	936.82129
30.240000	936.43748
30.260000	936.03668
30.280000	935.53638
30.300000	934.67083
30.320000	934.23382
30.340000	934.05810
30.360000	933.71743
30.380000	933.39179
30.400000	933.03924
30.420000	932.78380
30.440000	932.87671
30.460000	932.97279
30.480000	932.86174
30.500000	932.84696
30.520000	933.00926
30.540000	932.99016
30.560000	932.66226
30.580000	932.02855
30.600000	931.23154
30.620000	930.63994
30.640000	930.21560
30.660000	930.04603
30.680000	929.88477
30.700000	929.63453
30.720000	929.46414
30.740000	929.31793
30.760000	929.08976
30.780000	928.83245
30.800000	928.61111
30.820000	928.38835
30.840000	928.01571
30.860000	927.40359
30.880000	926.95634
30.900000	926.64362
30.920000	926.28819
30.940000	925.95836
30.960000	925.73745
30.980000	925.55000
31.000000	925.37198
31.020000	925.13511
31.040000	924.97626
31.060000	925.03802
31.080000	925.08792
31.100000	924.95061
31.120000	924.66253
31.140000	924.37847
31.160000	924.13463
31.180000	923.89564
31.200000	923.63002
31.220000	923.20451
31.240000	922.82513
31.260000	922.59347
31.280000	922.39872
31.300000	922.26599
31.320000	922.12570
31.340000	921.97553
31.360000	921.75285
31.380000	921.46515
31.400000	921.17435
31.420000	920.68700
31.440000	920.05090
31.460000	919.68844
31.480000	919.40650
31.500000	919.04297
31.520000	918.66037
31.540000	918.43172
31.560000	918.24330
31.580000	918.13131
31.600000	918.00476
31.620000	917.78201
31.640000	917.60184
31.660000	917.31074
31.680000	916.96757
31.700000	916.67090
31.720000	916.31624
31.740000	916.02642
31.760000	915.75490
31.780000	915.52723
31.800000	915.38932
31.820000	915.23331
31.840000	915.11107
31.860000	915.09969
31.880000	914.96634
31.900000	914.71840
31.920000	914.30607
31.940000	913.87653
31.960000	913.46559
31.980000	912.95039
32.000000	912.52620
32.020000	912.22339
32.040000	911.83388
32.060000	911.49705
32.080000	911.20072
32.100000	910.88702
32.120000	910.67195
32.140000	910.55139
32.160000	910.42311
32.180000	910.25960
32.200000	909.97976
32.220000	909.63304
32.240000	909.27341
32.260000	908.93188
32.280000	908.58819
32.300000	908.26210
32.320000	907.96854
32.340000	907.73150
32.360000	907.36458
32.380000	907.01461
32.400000	906.84669
32.420000	906.59310
32.440000	906.34520
32.460000	906.15629
32.480000	905.83516
32.500000	905.44454
32.520000	905.08975
32.540000	904.75672
32.560000	904.45593
32.580000	904.07641
32.600000	903.79786
32.620000	903.46566
32.640000	903.18760
32.660000	902.98488
32.680000	902.80442
32.700000	902.55480
32.720000	902.17876
32.740000	901.88635
32.760000	901.58958
32.780000	901.29222
32.800000	901.01021
32.820000	900.77241
32.840000	900.55252
32.860000	900.30350
32.880000	900.03695
32.900000	899.77199
32.920000	899.51359
32.940000	899.38110
32.960000	899.25123
32.980000	898.92592
33.000000	898.62243
33.020000	898.28576
33.040000	897.89093
33.060000	897.50129
33.080000	897.15971
33.100000	896.88389
33.120000	896.50346
33.140000	896.20579
33.160000	895.91653
33.180000	895.67268
33.200000	895.46389
33.220000	895.39791
33.240000	895.35685
33.260000	895.18009
33.280000	894.93852
33.300000	894.55160
33.320000	894.22771
33.340000	894.04411
33.360000	893.83194
33.380000	893.60167
33.400000	893.38978
33.420000	893.06065
33.440000	892.69704
33.460000	892.48338
33.480000	892.29515
33.500000	892.08559
33.520000	891.91755
33.540000	891.78417
33.560000	891.46742
33.580000	891.33024
33.600000	891.10058
33.620000	890.68732
33.640000	890.40916
33.660000	890.33387
33.680000	890.28877
33.700000	890.19870
33.720000	889.99987
33.740000	889.71585
33.760000	889.43864
33.780000	889.20589
33.800000	889.06487
33.820000	888.68719
33.840000	888.25104
33.860000	888.03620
33.880000	887.87082
33.900000	887.62945
33.920000	887.31406
33.940000	887.18492
33.960000	887.10010
33.980000	886.92868
34.000000	886.76403
34.020000	886.50995
34.040000	886.15407
34.060000	885.85410
34.080000	885.50208
34.100000	885.23741
34.120000	884.99454
34.140000	884.70457
34.160000	884.41663
34.180000	884.24635
34.200000	884.08104
34.220000	883.84832
34.240000	883.61751
34.260000	883.41152
34.280000	883.25883
34.300000	883.08371
34.320000	882.81105
34.340000	882.58117
34.360000	882.24673
34.380000	881.82235
34.400000	881.65753
34.420000	881.53600
34.440000	881.48985
34.460000	881.31359
34.480000	880.94848
34.500000	880.69603
34.520000	880.37912
34.540000	880.11566
34.560000	879.92263
34.580000	879.72092
34.600000	879.47433
34.620000	879.21325
34.640000	878.95298
34.660000	878.70478
34.680000	878.36696
34.700000	878.23381
34.720000	878.13019
34.740000	877.78735
34.760000	877.53967
34.780000	877.17029
34.800000	876.88133
34.820000	876.72836
34.840000	876.42838
34.860000	876.15515
34.880000	875.92201
34.900000	875.85055
34.920000	875.56452
34.940000	875.15532
34.960000	875.00103
34.980000	874.93332
35.000000	874.68239
35.020000	874.31881
35.040000	874.06153
35.060000	873.81724
35.080000	873.51724
35.100000	873.27204
35.120000	872.99855
35.140000	872.76593
35.160000	872.67294
35.180000	872.55796
35.200000	872.30651
35.220000	871.91327
35.240000	871.67342
35.260000	871.48984
35.280000	871.24653
35.300000	870.96872
35.320000	870.76329
35.340000	870.50732
35.360000	870.15220
35.380000	869.92700
35.400000	869.72246
35.420000	869.47689
35.440000	869.33128
35.460000	869.12174
35.480000	868.95602
35.500000	868.75171
35.520000	868.47164
35.540000	868.25502
35.560000	867.95967
35.580000	867.70210
35.600000	867.46954
35.620000	867.17520
35.640000	867.03546
35.660000	866.86683
35.680000	866.65175
35.700000	866.42193
35.720000	866.26592
35.740000	866.18853
35.760000	865.93395
35.780000	865.63278
35.800000	865.34425
35.820000	865.03821
35.840000	864.79610
35.860000	864.64054
35.880000	864.50104
35.900000	864.30323
35.920000	864.00380
35.940000	863.85403
35.960000	863.83187
35.980000	863.52027
36.000000	863.14028
36.020000	862.96474
36.040000	862.72967
36.060000	862.48882
36.080000	862.27365
36.100000	862.00903
36.120000	861.80391
36.140000	861.54058
36.160000	861.40672
36.180000	861.25486
36.200000	860.88464
36.220000	860.50453
36.240000	860.33283
36.260000	860.31943
36.280000	860.17494
36.300000	859.86503
36.320000	859.58433
36.340000	859.35266
36.360000	859.22220
36.380000	859.04444
36.400000	858.82047
36.420000	858.68712
36.440000	858.53333
36.460000	858.27911
36.480000	858.01504
36.500000	857.81001
36.520000	857.50994
36.540000	857.24864
36.560000	857.10323
36.580000	856.94479
36.600000	856.63783
36.620000	856.36795
36.640000	856.16095
36.660000	856.06975
36.680000	855.81370
36.700000	855.45995
36.720000	855.36423
36.740000	855.34456
36.760000	855.04939
36.780000	854.67173
36.800000	854.57790
36.820000	854.46669
36.840000	854.33600
36.860000	854.10294
36.880000	853.81971
36.900000	853.63372
36.920000	853.49765
36.940000	853.24735
36.960000	853.01003
36.980000	852.88027
37.000000	852.67199
37.020000	852.52586
37.040000	852.21361
37.060000	851.78541
37.080000	851.54016
37.100000	851.42415
37.120000	851.29997
37.140000	851.07747
37.160000	850.81570
37.180000	850.69811
37.200000	850.60856
37.220000	850.41700
37.240000	850.31687
37.260000	850.20871
37.280000	849.92821
37.300000	849.51991
37.320000	849.15823
37.340000	848.90775
37.360000	848.65810
37.380000	848.37871
37.400000	848.20839
37.420000	848.19628
37.440000	847.86844
37.460000	847.69918
37.480000	847.49080
37.500000	847.21851
37.520000	846.98337
37.540000	846.82198
37.560000	846.68723
37.580000	846.49720
37.600000	846.23463
37.620000	845.95446
37.640000	845.68902
37.660000	845.58937
37.680000	845.38855
37.700000	845.16501
37.720000	844.93723
37.740000	844.65974
37.760000	844.38659
37.780000	844.23032
37.800000	844.02875
37.820000	843.68173
37.840000	843.50040
37.860000	843.33351
37.880000	843.13036
37.900000	842.96038
37.920000	842.70408
37.940000	842.56324
37.960000	842.38819
37.980000	842.27819
38.000000	841.90617
38.020000	841.54953
38.040000	841.42575
38.060000	841.49095
38.080000	841.12272
38.100000	840.83146
38.120000	840.67442
38.140000	840.44715
38.160000	840.23910
38.180000	840.02653
38.200000	839.78636
38.220000	839.50834
38.240000	839.34401
38.260000	839.29556
38.280000	839.10875
38.300000	838.81637
38.320000	838.60967
38.340000	838.41075
38.360000	838.28672
38.380000	838.19881
38.400000	837.93871
38.420000	837.67850
38.440000	837.32556
38.460000	837.14480
38.480000	836.95672
38.500000	836.73513
38.520000	836.56327
38.540000	836.35187
38.560000	836.18801
38.580000	835.97488
38.600000	835.71087
38.620000	835.50602
38.640000	835.41067
38.660000	835.42334
38.680000	835.19647
38.700000	834.77383
38.720000	834.60181
38.740000	834.42619
38.760000	834.19550
38.780000	834.10947
38.800000	833.96461
38.820000	833.73624
38.840000	833.51412
38.860000	833.33703
38.880000	833.12034
38.900000	832.83709
38.920000	832.65889
38.940000	832.59888
38.960000	832.43822
38.980000	832.28128
39.000000	831.87549
39.020000	831.67266
39.040000	831.42275
39.060000	831.14269
39.080000	830.88983
39.100000	830.77892
39.120000	830.71218
39.140000	830.48052
39.160000	830.25111
39.180000	830.00285
39.200000	829.85128
39.220000	829.79129
39.240000	829.59781
39.260000	829.45420
39.280000	829.19918
39.300000	829.12883
39.320000	828.95576
39.340000	828.67766
39.360000	828.27110
39.380000	828.06574
39.400000	827.90849
39.420000	827.73071
39.440000	827.53906
39.460000	827.38278
39.480000	827.38874
39.500000	827.21571
39.520000	826.96418
39.540000	826.76583
39.560000	826.51282
39.580000	826.37270
39.600000	825.95722
39.620000	825.61033
39.640000	825.52601
39.660000	825.37067
39.680000	825.20523
39.700000	825.13334
39.720000	824.83491
39.740000	824.73474
39.760000	824.69295
39.780000	824.53863
39.800000	824.35862
39.820000	824.12956
39.840000	823.79304
39.860000	823.58941
39.880000	823.36162
39.900000	823.06903
39.920000	822.90007
39.940000	822.81799
39.960000	822.58211
39.980000	822.30641
40.000000	822.19562
40.020000	822.01368
40.040000	821.95646
40.060000	821.69153
40.080000	821.43008
40.100000	821.28810
40.120000	821.16726
40.140000	820.86386
40.160000	820.72130
40.180000	820.63683
40.200000	820.41828
40.220000	820.13867
40.240000	819.89539
40.260000	819.72408
40.280000	819.60975
40.300000	819.29867
40.320000	819.03486
40.340000	818.97034
40.360000	818.80904
40.380000	818.51877
40.400000	818.38015
40.420000	818.31964
40.440000	818.22110
40.460000	818.04835
40.480000	817.85323
40.500000	817.53928
40.520000	817.25765
40.540000	816.96732
40.560000	816.85634
40.580000	816.84395
40.600000	816.57267
40.620000	816.24977
40.640000	816.25066
40.660000	816.16736
40.680000	815.89824
40.700000	815.78360
40.720000	815.63612
40.740000	815.31141
40.760000	815.11758
40.780000	815.04361
40.800000	814.89736
40.820000	814.61103
40.840000	814.45238
40.860000	814.29691
40.880000	813.99473
40.900000	813.74943
40.920000	813.67821
40.940000	813.71373
40.960000	813.54655
40.980000	813.35714
41.000000	813.18823
41.020000	812.77088
41.040000	812.55794
41.060000	812.33081
41.080000	812.04993
41.100000	812.01457
41.120000	811.81230
41.140000	811.62081
41.160000	811.48099
41.180000	811.29349
41.200000	811.13334
41.220000	810.95647
41.240000	810.76259
41.260000	810.43117
41.280000	810.32340
41.300000	810.35081
41.320000	810.24797
41.340000	810.01547
41.360000	809.80257
41.380000	809.66825
41.400000	809.35776
41.420000	809.13500
41.440000	809.10649
41.460000	808.88795
41.480000	808.59536
41.500000	808.40552
41.520000	808.28788
41.540000	808.26093
41.560000	808.20773
41.580000	808.02534
41.600000	807.82255
41.620000	807.51634
41.640000	807.25436
41.660000	807.02642
41.680000	806.77075
41.700000	806.64508
41.720000	806.52783
41.740000	806.41658
41.760000	806.30421
41.780000	806.07625
41.800000	805.92252
41.820000	805.82535
41.840000	805.74984
41.860000	805.49567
41.880000	805.29303
41.900000	805.10054
41.920000	804.93256
41.940000	804.47718
41.960000	804.39152
41.980000	804.11341
42.000000	804.08860
42.020000	804.01658
42.040000	803.89879
42.060000	803.78423
42.080000	803.54292
42.100000	803.24566
42.120000	803.16337
42.140000	803.04884
42.160000	802.90650
42.180000	802.74732
42.200000	802.56884
42.220000	802.40818
42.240000	802.20770
42.260000	802.03704
42.280000	801.86297
42.300000	801.67092
42.320000	801.39360
42.340000	801.22776
42.360000	801.18779
42.380000	801.02985
42.400000	800.79363
42.420000	800.55783
42.440000	800.50174
42.460000	800.42301
42.480000	800.16970
42.500000	799.97925
42.520000	799.96691
42.540000	799.86973
42.560000	799.73929
42.580000	799.53516
42.600000	799.42436
42.620000	799.30114
42.640000	798.97998
42.660000	798.80410
42.680000	798.62682
42.700000	798.41617
42.720000	798.19033
42.740000	798.18149
42.760000	798.01362
42.780000	797.73938
42.800000	797.51169
42.820000	797.30252
42.840000	797.07993
42.860000	797.06373
42.880000	797.12945
42.900000	796.87232
42.920000	796.55333
42.940000	796.42994
42.960000	796.38276
42.980000	796.18794
43.000000	796.04842
43.020000	795.79360
43.040000	795.63710
43.060000	795.47822
43.080000	795.31574
43.100000	795.23266
43.120000	795.17835
43.140000	794.88040
43.160000	794.72327
43.180000	794.56883
43.200000	794.40233
43.220000	794.18851
43.240000	794.25685
43.260000	794.02947
43.280000	793.81547
43.300000	793.65184
43.320000	793.55192
43.340000	793.56002
43.360000	793.21833
43.380000	792.89198
43.400000	792.83446
43.420000	792.56897
43.440000	792.34783
43.460000	792.30478
43.480000	792.20460
43.500000	792.00902
43.520000	791.91221
43.540000	791.80077
43.560000	791.60623
43.580000	791.54248
43.600000	791.38564
43.620000	791.20125
43.640000	790.87299
43.660000	790.70210
43.680000	790.48752
43.700000	790.37266
43.720000	790.26347
43.740000	790.25879
43.760000	790.17012
43.780000	789.76041
43.800000	789.63448
43.820000	789.48974
43.840000	789.21002
43.860000	789.17619
43.880000	788.85153
43.900000	788.77531
43.920000	788.76472
43.940000	788.52562
43.960000	788.19405
43.980000	788.00694
44.000000	787.87325
44.020000	787.81478
44.040000	787.66312
44.060000	787.38372
44.080000	787.26869
44.100000	787.21316
44.120000	787.03504
44.140000	786.91582
44.160000	786.73643
44.180000	786.62149
44.200000	786.53808
44.220000	786.35552
44.240000	786.06221
44.260000	785.92044
44.280000	785.74313
44.300000	785.57219
44.320000	785.39087
44.340000	785.37093
44.360000	785.16186
44.380000	784.92577
44.400000	784.66027
44.420000	784.45260
44.440000	784.35336
44.460000	784.10821
44.480000	783.94498
44.500000	783.90600
44.520000	783.78181
44.540000	783.72091
44.560000	783.56394
44.580000	783.37702
44.600000	783.14725
44.620000	782.94716
44.640000	782.79407
44.660000	782.77076
44.680000	782.65504
44.700000	782.52071
44.720000	782.37516
44.740000	782.17778
44.760000	782.00912
44.780000	781.78868
44.800000	781.54442
44.820000	781.34531
44.840000	781.22753
44.860000	780.91702
44.880000	780.66587
44.900000	780.56844
44.920000	780.46984
44.940000	780.25449
44.960000	780.09936
44.980000	779.91041
45.000000	779.95096
45.020000	779.89005
45.040000	779.77688
45.060000	779.51606
45.080000	779.26576
45.100000	779.16849
45.120000	779.10997
45.140000	778.93033
45.160000	778.92437
45.180000	778.74749
45.200000	778.49247
45.220000	778.31970
45.240000	778.10633
45.260000	777.98335
45.280000	777.89311
45.300000	777.76824
45.320000	777.71478
45.340000	777.46306
45.360000	777.22378
45.380000	777.16062
45.400000	777.05152
45.420000	776.99110
45.440000	776.74241
45.460000	776.63541
45.480000	776.64570
45.500000	776.37828
45.520000	776.27119
45.540000	776.02213
45.560000	775.72103
45.580000	775.86237
45.600000	775.61206
45.620000	775.37843
45.640000	775.19039
45.660000	775.08959
45.680000	774.89303
45.700000	774.81660
45.720000	774.74881
45.740000	774.45878
45.760000	774.33197
45.780000	774.31719
45.800000	774.05580
45.820000	773.90762
45.840000	773.83163
45.860000	773.55810
45.880000	773.42766
45.900000	773.42070
45.920000	773.11429
45.940000	772.91923
45.960000	772.88749
45.980000	772.64260
46.000000	772.54659
46.020000	772.51870
46.040000	772.26034
46.060000	772.03195
46.080000	771.86521
46.100000	771.60469
46.120000	771.46429
46.140000	771.32538
46.160000	771.32660
46.180000	771.29373
46.200000	771.10270
46.220000	770.91903
46.240000	770.83850
46.260000	770.66930
46.280000	770.40343
46.300000	770.28176
46.320000	770.00550
46.340000	769.88733
46.360000	769.65878
46.380000	769.50219
46.400000	769.45442
46.420000	769.40807
46.440000	769.17692
46.460000	769.11992
46.480000	769.11569
46.500000	768.86335
46.520000	768.65968
46.540000	768.60252
46.560000	768.43454
46.580000	768.00948
46.600000	767.99769
46.620000	767.88157
46.640000	767.49320
46.660000	767.58472
46.680000	767.45879
46.700000	767.45612
46.720000	767.16844
46.740000	766.99798
46.760000	766.93652
46.780000	766.70807
46.800000	766.64584
46.820000	766.50906
46.840000	766.33537
46.860000	766.22131
46.880000	766.05662
46.900000	765.80474
46.920000	765.52632
46.940000	765.67054
46.960000	765.52445
46.980000	765.27930
47.000000	764.99126
47.020000	764.93243
47.040000	764.86942
47.060000	764.67596
47.080000	764.54517
47.100000	764.37452
47.120000	764.21149
47.140000	764.24394
47.160000	764.08935
47.180000	763.98022
47.200000	763.74837
47.220000	763.57309
47.240000	763.46687
47.260000	763.28443
47.280000	763.05118
47.300000	763.10636
47.320000	762.80969
47.340000	762.69893
47.360000	762.53372
47.380000	762.34282
47.400000	762.32078
47.420000	762.05966
47.440000	762.02899
47.460000	762.02021
47.480000	761.80090
47.500000	761.56471
47.520000	761.59993
47.540000	761.48826
47.560000	761.33183
47.580000	761.14430
47.600000	760.87700
47.620000	760.81458
47.640000	760.70895
47.660000	760.67639
47.680000	760.59085
47.700000	760.39971
47.720000	760.19412
47.740000	760.05597
47.760000	760.05516
47.780000	759.69801
47.800000	759.68553
47.820000	759.32429
47.840000	759.14884
47.860000	759.09973
47.880000	758.98524
47.900000	758.83599
47.920000	758.69487
47.940000	758.60723
47.960000	758.49162
47.980000	758.31564
48.000000	758.20241
48.020000	758.12341
48.040000	758.09393
48.060000	757.79622
48.080000	757.72878
48.100000	757.39568
48.120000	757.39330
48.140000	757.25536
48.160000	757.10013
48.180000	757.04115
48.200000	756.89510
48.220000	756.82312
48.240000	756.69964
48.260000	756.64469
48.280000	756.34950
48.300000	756.27731
48.320000	756.13282
48.340000	755.93412
48.360000	755.68328
48.380000	755.57666
48.400000	755.50055
48.420000	755.19526
48.440000	755.13971
48.460000	755.16903
48.480000	755.12421
48.500000	754.92849
48.520000	754.70498
48.540000	754.68334
48.560000	754.35352
48.580000	754.14888
48.600000	754.26152
48.620000	754.19256
48.640000	754.07962
48.660000	753.80474
48.680000	753.60489
48.700000	753.35566
48.720000	753.13310
48.740000	753.03034
48.760000	752.91129
48.780000	752.88724
48.800000	752.71895
48.820000	752.52205
48.840000	752.51509
48.860000	752.46514
48.880000	752.43717
48.900000	752.06784
48.920000	751.73154
48.940000	751.62269
48.960000	751.73710
48.980000	751.63998
49.000000	751.48593
49.020000	751.16623
49.040000	751.04000
49.060000	750.94921
49.080000	750.81325
49.100000	750.68326
49.120000	750.51071
49.140000	750.38986
49.160000	750.41362
49.180000	750.15510
49.200000	750.11085
49.220000	749.89959
49.240000	749.71121
49.260000	749.55295
49.280000	749.36593
49.300000	749.27135
49.320000	749.34713
49.340000	748.84412
49.360000	748.67266
49.380000	748.80350
49.400000	748.48546
49.420000	748.42439
49.440000	748.37857
49.460000	748.23306
49.480000	747.93371
49.500000	747.82899
49.520000	747.49805
49.540000	747.47201
49.560000	747.60972
49.580000	747.25497
49.600000	747.17502
49.620000	747.23394
49.640000	746.82273
49.660000	746.57288
49.680000	746.77917
49.700000	746.51412
49.720000	746.39458
49.740000	746.25229
49.760000	746.03900
49.780000	745.75173
49.800000	745.66269
49.820000	745.65551
49.840000	745.48916
49.860000	745.33672
49.880000	745.38225
49.900000	745.23885
49.920000	744.94315
49.940000	744.87123
49.960000	744.82191
49.980000	744.47691
50.000000	744.25661
50.020000	744.09547
50.040000	743.92885
50.060000	743.73611
50.080000	743.74659
50.100000	743.82805
50.120000	743.68378
50.140000	743.57500
50.160000	743.21944
50.180000	743.19060
50.200000	742.93338
50.220000	742.93929
50.240000	742.83653
50.260000	742.61991
50.280000	742.58078
50.300000	742.24017
50.320000	742.08240
50.340000	741.98486
50.360000	741.83565
50.380000	741.60574
50.400000	741.69132
50.420000	741.66348
50.440000	741.41995
50.460000	741.25646
50.480000	741.23054
50.500000	741.07081
50.520000	740.68608
50.540000	740.77372
50.560000	740.63691
50.580000	740.47982
50.600000	740.34066
50.620000	740.28853
50.640000	740.03149
50.660000	740.02479
50.680000	739.78342
50.700000	739.62592
50.720000	739.71089
50.740000	739.63057
50.760000	739.43150
50.780000	739.14372
50.800000	738.86746
50.820000	738.83261
50.840000	738.81541
50.860000	738.80476
50.880000	738.51160
50.900000	738.43055
50.920000	738.19050
50.940000	738.11404
50.960000	737.91399
50.980000	737.96513
51.000000	737.79182
51.020000	737.69834
51.040000	737.64791
51.060000	737.66533
51.080000	737.29940
51.100000	737.16222
51.120000	737.24704
51.140000	736.99325
51.160000	736.95510
51.180000	736.84967
51.200000	736.71453
51.220000	736.37618
51.240000	736.13095
51.260000	736.13079
51.280000	736.12984
51.300000	736.01769
51.320000	736.07613
51.340000	736.03542
51.360000	735.76103
51.380000	735.55888
51.400000	735.52284
51.420000	735.44784
51.440000	735.15161
51.460000	735.11961
51.480000	735.02229
51.500000	734.80794
51.520000	734.57018
51.540000	734.57989
51.560000	734.55868
51.580000	734.37101
51.600000	734.25874
51.620000	734.33279
51.640000	734.08710
51.660000	733.90650
51.680000	733.57788
51.700000	733.57801
51.720000	733.39269
51.740000	733.09523
51.760000	733.15449
51.780000	733.04253
51.800000	732.95900
51.820000	732.84976
51.840000	732.80853
51.860000	732.57233
51.880000	732.61417
51.900000	732.31855
51.920000	732.08050
51.940000	731.99944
51.960000	731.99871
51.980000	731.71171
52.000000	731.64961
52.020000	731.48950
52.040000	731.34613
52.060000	731.16065
52.080000	731.02092
52.100000	731.02430
52.120000	730.96039
52.140000	730.91395
52.160000	730.73544
52.180000	730.56075
52.200000	730.46110
52.220000	730.30513
52.240000	730.14584
52.260000	729.92189
52.280000	729.87355
52.300000	729.65401
52.320000	729.59729
52.340000	729.63465
52.360000	729.41165
52.380000	729.47971
52.400000	729.17039
52.420000	729.17664
52.440000	729.28327
52.460000	729.01328
52.480000	728.88188
52.500000	728.80811
52.520000	728.60899
52.540000	728.29102
52.560000	728.26294
52.580000	728.08510
52.600000	727.90297
52.620000	727.56555
52.640000	727.50458
52.660000	727.81780
52.680000	727.46230
52.700000	727.31087
52.720000	727.17441
52.740000	727.21351
52.760000	726.87224
52.780000	726.64900
52.800000	726.42412
52.820000	726.53751
52.840000	726.18512
52.860000	726.43052
52.880000	726.22216
52.900000	725.89872
52.920000	725.89969
52.940000	725.71584
52.960000	725.67085
52.980000	725.46714
53.000000	725.31185
53.020000	725.14541
53.040000	725.08802
53.060000	724.95205
53.080000	724.88682
53.100000	724.68566
53.120000	724.50586
53.140000	724.43236
53.160000	724.52822
53.180000	724.30909
53.200000	724.22139
53.220000	724.13223
53.240000	723.82555
53.260000	723.56532
53.280000	723.45102
53.300000	723.42012
53.320000	723.14349
53.340000	723.07956
53.360000	723.10459
53.380000	722.92952
53.400000	722.86913
53.420000	722.81451
53.440000	722.56113
53.460000	722.37553
53.480000	722.23183
53.500000	722.17171
53.520000	721.95070
53.540000	721.78338
53.560000	721.73365
53.580000	721.69072
53.600000	721.64739
53.620000	721.50259
53.640000	721.37460
53.660000	721.20384
53.680000	720.82831
53.700000	720.73633
53.720000	720.70321
53.740000	720.65370
53.760000	720.38377
53.780000	720.48426
53.800000	720.54657
53.820000	720.34611
53.840000	720.20076
53.860000	719.70874
53.880000	719.81347
53.900000	719.83084
53.920000	719.64143
53.940000	719.13399
53.960000	719.18876
53.980000	719.31440
54.000000	719.29143
54.020000	718.94929
54.040000	718.85051
54.060000	718.64350
54.080000	718.69889
54.100000	718.63942
54.120000	718.27738
54.140000	718.14776
54.160000	718.09803
54.180000	718.12962
54.200000	717.85140
54.220000	717.89529
54.240000	717.67109
54.260000	717.46085
54.280000	717.29986
54.300000	717.12433
54.320000	717.29584
54.340000	717.12288
54.360000	716.89651
54.380000	716.92353
54.400000	716.39385
54.420000	716.53985
54.440000	716.37835
54.460000	716.42901
54.480000	716.36822
54.500000	716.10483
54.520000	715.85193
54.540000	715.77068
54.560000	715.66222
54.580000	715.68623
54.600000	715.42115
54.620000	715.36217
54.640000	715.29951
54.660000	715.08001
54.680000	714.95908
54.700000	715.00694
54.720000	714.94604
54.740000	714.72225
54.760000	714.62277
54.780000	714.36063
54.800000	714.21191
54.820000	714.08945
54.840000	713.97603
54.860000	714.11542
54.880000	713.83544
54.900000	713.73634
54.920000	713.66441
54.940000	713.43055
54.960000	713.06712
54.980000	713.15062
55.000000	713.17448
55.020000	713.00139
55.040000	712.76213
55.060000	712.57304
55.080000	712.52175
55.100000	712.40197
55.120000	712.28297
55.140000	712.22475
55.160000	712.02203
55.180000	712.06382
55.200000	711.83050
55.220000	711.58733
55.240000	711.61248
55.260000	711.30160
55.280000	711.31210
55.300000	711.17316
55.320000	710.98524
55.340000	710.99952
55.360000	710.68636
55.380000	710.51517
55.400000	710.57240
55.420000	710.37621
55.440000	710.31904
55.460000	709.93293
55.480000	709.91418
55.500000	709.77144
55.520000	709.67065
55.540000	709.71124
55.560000	709.72597
55.580000	709.63232
55.600000	709.35481
55.620000	709.32601
55.640000	709.03445
55.660000	709.15464
55.680000	708.75658
55.700000	708.64143
55.720000	708.52219
55.740000	708.49226
55.760000	708.39525
55.780000	708.00876
55.800000	708.11409
55.820000	708.12297
55.840000	707.94768
55.860000	707.91732
55.880000	707.52972
55.900000	707.25018
55.920000	707.17304
55.940000	707.37495
55.960000	707.26444
55.980000	706.99534
56.000000	706.91698
56.020000	706.87867
56.040000	706.54760
56.060000	706.41204
56.080000	706.01764
56.100000	706.22918
56.120000	706.16740
56.140000	706.04691
56.160000	705.75615
56.180000	705.67075
56.200000	705.53039
56.220000	705.35791
56.240000	705.37317
56.260000	705.05070
56.280000	705.12256
56.300000	704.97611
56.320000	704.92783
56.340000	704.63408
56.360000	704.60724
56.380000	704.38131
56.400000	704.08652
56.420000	704.10803
56.440000	704.02445
56.460000	703.82522
56.480000	704.09096
56.500000	703.82056
56.520000	703.64933
56.540000	703.64771
56.560000	703.49675
56.580000	703.24820
56.600000	703.34950
56.620000	702.98358
56.640000	703.22224
56.660000	702.92190
56.680000	702.74594
56.700000	702.81505
56.720000	702.56480
56.740000	702.57032
56.760000	702.40559
56.780000	702.40689
56.800000	702.20698
56.820000	701.94214
56.840000	701.75902
56.860000	701.58264
56.880000	701.61141
56.900000	701.41134
56.920000	701.41974
56.940000	701.51600
56.960000	701.32110
56.980000	701.08517
57.000000	701.23089
57.020000	701.09121
57.040000	700.96876
57.060000	700.77434
57.080000	700.44197
57.100000	700.04636
57.120000	700.24026
57.140000	699.86694
57.160000	699.90963
57.180000	699.81626
57.200000	699.69235
57.220000	699.76760
57.240000	699.51541
57.260000	699.36645
57.280000	699.44440
57.300000	699.21776
57.320000	699.01336
57.340000	698.96508
57.360000	698.66725
57.380000	698.79245
57.400000	698.48167
57.420000	698.72525
57.440000	698.42032
57.460000	698.16085
57.480000	698.25627
57.500000	697.92463
57.520000	697.83534
57.540000	697.89609
57.560000	697.86799
57.580000	697.60129
57.600000	697.36818
57.620000	697.30776
57.640000	697.21335
57.660000	697.15675
57.680000	696.92018
57.700000	696.69521
57.720000	696.58309
57.740000	696.90843
57.760000	696.44960
57.780000	696.48932
57.800000	696.35797
57.820000	696.07614
57.840000	696.34760
57.860000	695.90363
57.880000	696.19586
57.900000	695.89880
57.920000	695.57226
57.940000	695.59546
57.960000	695.58254
57.980000	695.49343
58.000000	695.12343
58.020000	695.16456
58.040000	694.93527
58.060000	694.78387
58.080000	694.74987
58.100000	694.62655
58.120000	694.67542
58.140000	694.28662
58.160000	694.16762
58.180000	694.22160
58.200000	694.29796
58.220000	694.32478
58.240000	693.59626
58.260000	693.88569
58.280000	693.73508
58.300000	693.63191
58.320000	693.81335
58.340000	693.71890
58.360000	693.26232
58.380000	692.94243
58.400000	692.97423
58.420000	692.84217
58.440000	693.02570
58.460000	692.82333
58.480000	692.65271
58.500000	692.49803
58.520000	692.37088
58.540000	692.25984
58.560000	692.08114
58.580000	692.10923
58.600000	691.92759
58.620000	691.57546
58.640000	691.75917
58.660000	691.71851
58.680000	691.63229
58.700000	691.42339
58.720000	691.28296
58.740000	691.08322
58.760000	691.02373
58.780000	690.98658
58.800000	691.01298
58.820000	690.82546
58.840000	690.50669
58.860000	690.40067
58.880000	690.30574
58.900000	689.80028
58.920000	689.63937
58.940000	689.52047
58.960000	689.51949
58.980000	689.39541
59.000000	689.17051
59.020000	689.28301
59.040000	689.31257
59.060000	689.39644
59.080000	689.02173
59.100000	689.01073
59.120000	688.73698
59.140000	688.97827
59.160000	688.63457
59.180000	688.57444
59.200000	688.52626
59.220000	688.41689
59.240000	688.39761
59.260000	687.79163
59.280000	687.97801
59.300000	687.95760
59.320000	687.62646
59.340000	687.52820
59.360000	687.98698
59.380000	687.65692
59.400000	687.73619
59.420000	687.62262
59.440000	687.58817
59.460000	687.21381
59.480000	687.19883
59.500000	687.30324
59.520000	687.01387
59.540000	686.97719
59.560000	686.75267
59.580000	686.51739
59.600000	686.03649
59.620000	685.97095
59.640000	686.13782
59.660000	685.98705
59.680000	686.08606
59.700000	685.76796
59.720000	685.85233
59.740000	685.87938
59.760000	685.43181
59.780000	685.71660
59.800000	685.27134
59.820000	685.28868
59.840000	684.95337
59.860000	684.74035
59.880000	684.72633
59.900000	684.92746
59.920000	684.71331
59.940000	684.60226
59.960000	684.67038
59.980000	684.52648
60.000000	684.53829
