0.0000000	554.74270
0.020000000	554.74270
0.040000000	559.22576
0.060000000	559.77511
0.080000000	562.64317
0.10000000	566.87003
0.12000000	569.64186
0.14000000	572.94008
0.16000000	575.58765
0.18000000	579.25763
0.20000000	583.89860
0.22000000	587.47384
0.24000000	594.20622
0.26000000	601.17308
0.28000000	613.45560
0.30000000	632.77496
0.32000000	678.29147
0.34000000	742.17698
0.36000000	879.91441
0.38000000	1063.7166
0.40000000	1218.7771
0.42000000	1400.6339
0.44000000	1532.3858
0.46000000	1696.3472
0.48000000	1830.8227
0.50000000	1938.8371
0.52000000	2045.4667
0.54000000	2167.4585
0.56000000	2252.4957
0.58000000	2342.4989
0.60000000	2437.4131
0.62000000	2515.2779
0.64000000	2608.9330
0.66000000	2695.1524
0.68000000	2807.6182
0.70000000	2927.9364
0.72000000	3088.3818
0.74000000	3232.5120
0.76000000	3409.6583
0.78000000	3544.4790
0.80000000	3662.1904
0.82000000	3754.2005
0.84000000	3835.4855
0.86000000	3911.9554
0.88000000	3974.9111
0.90000000	4032.3511
0.92000000	4083.9169
0.94000000	4140.9906
0.96000000	4187.6270
0.98000000	4230.9398
1.0000000	4272.0023
1.0200000	4310.1345
1.0400000	4347.6393
1.0600000	4381.5244
1.0800000	4413.5900
1.1000000	4444.5145
1.1200000	4473.6637
1.1400000	4501.3588
1.1600000	4529.4692
1.1800000	4554.3649
1.2000000	4578.9799
1.2200000	4604.3949
1.2400000	4626.5711
1.2600000	4648.4126
1.2800000	4673.0117
1.3000000	4694.8160
1.3200000	4715.1969
1.3400000	4739.3405
1.3600000	4762.9660
1.3800000	4787.3278
1.4000000	4813.0374
1.4200000	4841.8058
1.4400000	4874.4577
1.4600000	4907.0998
1.4800000	4941.6062
1.5000000	4983.3856
1.5200000	5026.6772
1.5400000	5074.3487
1.5600000	5127.9269
1.5800000	5179.9780
1.6000000	5238.9227
1.6200000	5302.8351
1.6400000	5370.8460
1.6600000	5442.1533
1.6800000	5524.5665
1.7000000	5605.2829
1.7200000	5698.9385
1.7400000	5795.2591
1.7600000	5894.6248
1.7800000	6007.9917
1.8000000	6120.0625
1.8200000	6238.5625
1.8400000	6362.6877
1.8600000	6494.6716
1.8800000	6623.1155
1.9000000	6768.3272
1.9200000	6902.6161
1.9400000	7042.3178
1.9600000	7190.3327
1.9800000	7326.7137
2.0000000	7467.8070
2.0200000	7605.8150
2.0400000	7731.6015
2.0600000	7850.0750
2.0800000	7964.4366
2.1000000	8056.2762
2.1200000	8144.5548
2.1400000	8213.6142
2.1600000	8265.4980
2.1800000	8301.1757
2.2000000	8316.1526
2.2200000	8313.2521
2.2400000	8292.8976
2.2600000	8253.4517
2.2800000	8201.3559
2.3000000	8124.5524
2.3200000	8040.9402
2.3400000	7938.0783
2.3600000	7820.8709
2.3800000	7699.0390
2.4000000	7570.2088
2.4200000	7425.6061
2.4400000	7284.9649
2.4600000	7137.5095
2.4800000	6981.5704
2.5000000	6839.1550
2.5200000	6683.4748
2.5400000	6536.3241
2.5600000	6390.8589
2.5800000	6247.6329
2.6000000	6103.5640
2.6200000	5971.3590
2.6400000	5830.5833
2.6600000	5702.3899
2.6800000	5578.5286
2.7000000	5452.6984
2.7200000	5339.0891
2.7400000	5227.9312
2.7600000	5118.2564
2.7800000	5013.8218
2.8000000	4916.3349
2.8200000	4815.6074
2.8400000	4728.3646
2.8600000	4639.5548
2.8800000	4555.2522
2.9000000	4477.9228
2.9200000	4401.0676
2.9400000	4327.1350
2.9600000	4256.6056
2.9800000	4187.1620
3.0000000	4118.3887
3.0200000	4057.3288
3.0400000	3993.5305
3.0600000	3937.0210
3.0800000	3881.3884
3.1000000	3826.6958
3.1200000	3774.7935
3.1400000	3726.0265
3.1600000	3677.4272
3.1800000	3632.6061
3.2000000	3590.0918
3.2200000	3546.8687
3.2400000	3508.2976
3.2600000	3468.4859
3.2800000	3430.1204
3.3000000	3394.4724
3.3200000	3360.0483
3.3400000	3325.3406
3.3600000	3293.2828
3.3800000	3261.0782
3.4000000	3229.0451
3.4200000	3198.9905
3.4400000	3167.8811
3.4600000	3139.1535
3.4800000	3110.4025
3.5000000	3081.9483
3.5200000	3053.7886
3.5400000	3027.3590
3.5600000	2999.4954
3.5800000	2973.9513
3.6000000	2947.8144
3.6200000	2921.0980
3.6400000	2895.0731
3.6600000	2869.3218
3.6800000	2842.8193
3.7000000	2817.0084
3.7200000	2791.5303
3.7400000	2764.9514
3.7600000	2739.8564
3.7800000	2712.8998
3.8000000	2686.3452
3.8200000	2659.7526
3.8400000	2633.2829
3.8600000	2606.4636
3.8800000	2580.4182
3.9000000	2553.5081
3.9200000	2528.0190
3.9400000	2504.1673
3.9600000	2479.4526
3.9800000	2457.0382
4.0000000	2434.8929
4.0200000	2414.4898
4.0400000	2395.5674
4.0600000	2378.5127
4.0800000	2362.5631
4.1000000	2349.3507
4.1200000	2337.8377
4.1400000	2327.4120
4.1600000	2319.2399
4.1800000	2312.9143
4.2000000	2308.3153
4.2200000	2305.5571
4.2400000	2303.4495
4.2600000	2301.7725
4.2800000	2301.0448
4.3000000	2300.9188
4.3200000	2301.4779
4.3400000	2301.9858
4.3600000	2302.3052
4.3800000	2302.4576
4.4000000	2302.8308
4.4200000	2302.5640
4.4400000	2301.8254
4.4600000	2300.7851
4.4800000	2299.5567
4.5000000	2298.0298
4.5200000	2295.9304
4.5400000	2293.4420
4.5600000	2290.6675
4.5800000	2287.6839
4.6000000	2284.7837
4.6200000	2281.7389
4.6400000	2278.1143
4.6600000	2274.1144
4.6800000	2270.4637
4.7000000	2266.3325
4.7200000	2262.5997
4.7400000	2259.0291
4.7600000	2255.2808
4.7800000	2251.2522
4.8000000	2247.0942
4.8200000	2242.9606
4.8400000	2238.0044
4.8600000	2232.9961
4.8800000	2227.7478
4.9000000	2223.0113
4.9200000	2218.1337
4.9400000	2213.3028
4.9600000	2208.8235
4.9800000	2204.5571
5.0000000	2200.1714
5.0200000	2196.2457
5.0400000	2192.5129
5.0600000	2188.8730
5.0800000	2185.6831
5.1000000	2182.6631
5.1200000	2179.4371
5.1400000	2176.3633
5.1600000	2173.7411
5.1800000	2171.3485
5.2000000	2169.1487
5.2200000	2167.2922
5.2400000	2165.4385
5.2600000	2163.7974
5.2800000	2162.2262
5.3000000	2161.0282
5.3200000	2159.9068
5.3400000	2159.0610
5.3600000	2158.6051
5.3800000	2158.3769
5.4000000	2158.4961
5.4200000	2158.4317
5.4400000	2158.8076
5.4600000	2159.0871
5.4800000	2159.9424
5.5000000	2161.1936
5.5200000	2162.7341
5.5400000	2164.4810
5.5600000	2166.5924
5.5800000	2169.3535
5.6000000	2172.5109
5.6200000	2176.5619
5.6400000	2181.0246
5.6600000	2185.0397
5.6800000	2188.3903
5.7000000	2192.1367
5.7200000	2196.0450
5.7400000	2200.6795
5.7600000	2205.8913
5.7800000	2211.0294
5.8000000	2216.1764
5.8200000	2221.7913
5.8400000	2227.9267
5.8600000	2234.1756
5.8800000	2240.4571
5.9000000	2246.7001
5.9200000	2253.2645
5.9400000	2259.7664
5.9600000	2266.3274
5.9800000	2273.3268
6.0000000	2280.6817
6.0200000	2287.8981
6.0400000	2295.3770
6.0600000	2302.8896
6.0800000	2310.0464
6.1000000	2317.5791
6.1200000	2324.9867
6.1400000	2331.9729
6.1600000	2338.7082
6.1800000	2345.3665
6.2000000	2351.9524
6.2200000	2358.7879
6.2400000	2365.0390
6.2600000	2371.0847
6.2800000	2376.9136
6.3000000	2382.3898
6.3200000	2387.4922
6.3400000	2392.3753
6.3600000	2396.9730
6.3800000	2401.4946
6.4000000	2405.8070
6.4200000	2409.3747
6.4400000	2412.6676
6.4600000	2415.6983
6.4800000	2418.2164
6.5000000	2420.3636
6.5200000	2422.1168
6.5400000	2423.5923
6.5600000	2424.9251
6.5800000	2425.7342
6.6000000	2426.0422
6.6200000	2426.0979
6.6400000	2426.0156
6.6600000	2425.7233
6.6800000	2425.7902
6.7000000	2425.4223
6.7200000	2424.9116
6.7400000	2423.8960
6.7600000	2423.0145
6.7800000	2422.1671
6.8000000	2421.0007
6.8200000	2420.0530
6.8400000	2419.1296
6.8600000	2418.5002
6.8800000	2417.7065
6.9000000	2416.9720
6.9200000	2415.9825
6.9400000	2415.4968
6.9600000	2414.9209
6.9800000	2414.0316
7.0000000	2413.3797
7.0200000	2412.7855
7.0400000	2412.8787
7.0600000	2413.1054
7.0800000	2413.7416
7.1000000	2414.2249
7.1200000	2414.7951
7.1400000	2415.0779
7.1600000	2415.3752
7.1800000	2415.8365
7.2000000	2416.3066
7.2200000	2417.0674
7.2400000	2417.7341
7.2600000	2418.4020
7.2800000	2418.7502
7.3000000	2418.8066
7.3200000	2418.7500
7.3400000	2418.2780
7.3600000	2417.3824
7.3800000	2416.1563
7.4000000	2414.7744
7.4200000	2413.0793
7.4400000	2410.4316
7.4600000	2406.8406
7.4800000	2402.5846
7.5000000	2397.2408
7.5200000	2390.9029
7.5400000	2384.0484
7.5600000	2376.1205
7.5800000	2366.7064
7.6000000	2356.8251
7.6200000	2345.6211
7.6400000	2333.6469
7.6600000	2320.4338
7.6800000	2306.2011
7.7000000	2290.4910
7.7200000	2274.3099
7.7400000	2255.8396
7.7600000	2236.8963
7.7800000	2217.0529
7.8000000	2196.3178
7.8200000	2174.7578
7.8400000	2152.8621
7.8600000	2129.9866
7.8800000	2106.7252
7.9000000	2083.6069
7.9200000	2059.4924
7.9400000	2035.7339
7.9600000	2011.7862
7.9800000	1987.8158
8.0000000	1964.0766
8.0200000	1940.9393
8.0400000	1917.0685
8.0600000	1895.0582
8.0800000	1872.9893
8.1000000	1851.5019
8.1200000	1830.4271
8.1400000	1810.4792
8.1600000	1790.5690
8.1800000	1772.0248
8.2000000	1754.0576
8.2200000	1736.4667
8.2400000	1720.2299
8.2600000	1704.9913
8.2800000	1690.2249
8.3000000	1676.5548
8.3200000	1663.5997
8.3400000	1651.0361
8.3600000	1639.3986
8.3800000	1628.6522
8.4000000	1618.2465
8.4200000	1608.6532
8.4400000	1599.5557
8.4600000	1591.0451
8.4800000	1583.3005
8.5000000	1576.2169
8.5200000	1569.2667
8.5400000	1563.2290
8.5600000	1557.5677
8.5800000	1552.2970
8.6000000	1547.6279
8.6200000	1543.4647
8.6400000	1539.7075
8.6600000	1536.5464
8.6800000	1533.6610
8.7000000	1530.7882
8.7200000	1528.2167
8.7400000	1525.7880
8.7600000	1523.6482
8.7800000	1521.7851
8.8000000	1520.0825
8.8200000	1518.5018
8.8400000	1517.5382
8.8600000	1516.4724
8.8800000	1515.4871
8.9000000	1514.5059
8.9200000	1513.8744
8.9400000	1513.2161
8.9600000	1512.7693
8.9800000	1512.3777
9.0000000	1512.0464
9.0200000	1511.7290
9.0400000	1511.4490
9.0600000	1510.9560
9.0800000	1510.5436
9.1000000	1510.3857
9.1200000	1510.1954
9.1400000	1510.1901
9.1600000	1510.2029
9.1800000	1510.2426
9.2000000	1509.9745
9.2200000	1509.6142
9.2400000	1509.2379
9.2600000	1509.0183
9.2800000	1508.6217
9.3000000	1508.1285
9.3200000	1507.4022
9.3400000	1506.6075
9.3600000	1505.8915
9.3800000	1505.0229
9.4000000	1503.9085
9.4200000	1502.7159
9.4400000	1501.4942
9.4600000	1500.2262
9.4800000	1498.6716
9.5000000	1497.0189
9.5200000	1495.3289
9.5400000	1493.7025
9.5600000	1491.8613
9.5800000	1489.8327
9.6000000	1487.8397
9.6200000	1485.7663
9.6400000	1483.6628
9.6600000	1481.3968
9.6800000	1479.3349
9.7000000	1476.8582
9.7200000	1474.0530
9.7400000	1471.2200
9.7600000	1468.3519
9.7800000	1465.2335
9.8000000	1462.1072
9.8200000	1459.2261
9.8400000	1456.1376
9.8600000	1453.0566
9.8800000	1449.7234
9.9000000	1446.1053
9.9200000	1442.5830
9.9400000	1438.8950
9.9600000	1435.2237
9.9800000	1431.3529
10.000000	1427.5955
10.020000	1423.8251
10.040000	1419.9978
10.060000	1416.2503
10.080000	1412.2272
10.100000	1408.2044
10.120000	1404.1953
10.140000	1400.2362
10.160000	1396.3150
10.180000	1392.1664
10.200000	1388.0831
10.220000	1384.0045
10.240000	1380.1724
10.260000	1376.2114
10.280000	1372.3754
10.300000	1368.7234
10.320000	1365.0735
10.340000	1361.4094
10.360000	1357.8485
10.380000	1354.1427
10.400000	1350.5978
10.420000	1347.2254
10.440000	1344.0537
10.460000	1340.9393
10.480000	1338.0190
10.500000	1334.9485
10.520000	1332.0597
10.540000	1329.2859
10.560000	1326.3884
10.580000	1323.5404
10.600000	1321.0825
10.620000	1318.7021
10.640000	1316.3530
10.660000	1314.1191
10.680000	1312.2549
10.700000	1310.5437
10.720000	1309.0415
10.740000	1307.7251
10.760000	1306.6655
10.780000	1305.6580
10.800000	1304.6078
10.820000	1303.4433
10.840000	1302.6640
10.860000	1302.0513
10.880000	1301.5998
10.900000	1301.2137
10.920000	1300.9174
10.940000	1300.7844
10.960000	1300.9077
10.980000	1301.1399
11.000000	1301.6109
11.020000	1301.9279
11.040000	1302.5840
11.060000	1303.3432
11.080000	1304.4384
11.100000	1305.5743
11.120000	1306.9185
11.140000	1308.1258
11.160000	1309.2972
11.180000	1310.5871
11.200000	1312.0501
11.220000	1313.5980
11.240000	1315.3239
11.260000	1317.2595
11.280000	1319.3381
11.300000	1321.3998
11.320000	1323.2461
11.340000	1325.0968
11.360000	1327.0426
11.380000	1329.2043
11.400000	1331.1077
11.420000	1333.2000
11.440000	1335.1394
11.460000	1337.1246
11.480000	1339.0256
11.500000	1341.1876
11.520000	1343.2464
11.540000	1345.2587
11.560000	1346.9557
11.580000	1348.4871
11.600000	1350.0770
11.620000	1351.7786
11.640000	1353.2775
11.660000	1354.7028
11.680000	1356.1913
11.700000	1357.5866
11.720000	1358.8246
11.740000	1359.7313
11.760000	1360.5315
11.780000	1361.2717
11.800000	1362.0360
11.820000	1362.6589
11.840000	1363.1134
11.860000	1363.4654
11.880000	1363.9346
11.900000	1364.1940
11.920000	1364.1341
11.940000	1364.1483
11.960000	1364.0836
11.980000	1364.0844
12.000000	1363.9031
12.020000	1363.6957
12.040000	1363.3681
12.060000	1362.9591
12.080000	1362.5133
12.100000	1361.8821
12.120000	1361.2930
12.140000	1360.5440
12.160000	1359.7411
12.180000	1358.9337
12.200000	1358.1611
12.220000	1357.0812
12.240000	1355.9463
12.260000	1354.6636
12.280000	1353.5106
12.300000	1352.3024
12.320000	1351.1261
12.340000	1349.7852
12.360000	1348.3935
12.380000	1346.9247
12.400000	1345.4476
12.420000	1343.8955
12.440000	1342.4303
12.460000	1340.9314
12.480000	1339.5124
12.500000	1338.0659
12.520000	1336.7186
12.540000	1335.1038
12.560000	1333.4903
12.580000	1331.9859
12.600000	1330.4201
12.620000	1328.7293
12.640000	1326.9662
12.660000	1325.2097
12.680000	1323.3678
12.700000	1321.5881
12.720000	1319.7566
12.740000	1317.9776
12.760000	1316.0123
12.780000	1314.1617
12.800000	1312.2214
12.820000	1310.2654
12.840000	1308.5159
12.860000	1306.6210
12.880000	1304.6139
12.900000	1302.5578
12.920000	1300.4765
12.940000	1298.3536
12.960000	1296.3356
12.980000	1294.3279
13.000000	1292.2280
13.020000	1290.1585
13.040000	1287.9711
13.060000	1285.6876
13.080000	1283.5265
13.100000	1281.4727
13.120000	1279.4002
13.140000	1277.2797
13.160000	1274.9292
13.180000	1272.4486
13.200000	1270.1340
13.220000	1267.9808
13.240000	1265.9429
13.260000	1263.8829
13.280000	1261.8638
13.300000	1259.5733
13.320000	1257.1951
13.340000	1254.9716
13.360000	1252.7957
13.380000	1250.5051
13.400000	1248.1278
13.420000	1245.6342
13.440000	1243.1757
13.460000	1240.6339
13.480000	1238.1675
13.500000	1235.7097
13.520000	1233.3955
13.540000	1231.0667
13.560000	1228.7088
13.580000	1226.2525
13.600000	1223.9196
13.620000	1221.4861
13.640000	1218.9981
13.660000	1216.7415
13.680000	1214.3780
13.700000	1211.9172
13.720000	1209.5178
13.740000	1207.1701
13.760000	1204.8440
13.780000	1202.6344
13.800000	1200.3375
13.820000	1198.0002
13.840000	1195.6005
13.860000	1193.3926
13.880000	1191.0826
13.900000	1188.8934
13.920000	1186.6989
13.940000	1184.4572
13.960000	1182.1016
13.980000	1179.8893
14.000000	1177.6506
14.020000	1175.3968
14.040000	1173.1561
14.060000	1171.1464
14.080000	1169.1895
14.100000	1167.1250
14.120000	1165.0603
14.140000	1162.8802
14.160000	1160.7062
14.180000	1158.6326
14.200000	1156.6708
14.220000	1154.6957
14.240000	1152.8169
14.260000	1150.8725
14.280000	1149.1549
14.300000	1147.3656
14.320000	1145.6953
14.340000	1143.9636
14.360000	1142.1073
14.380000	1140.3197
14.400000	1138.6771
14.420000	1137.0528
14.440000	1135.4131
14.460000	1133.7028
14.480000	1132.1339
14.500000	1130.7287
14.520000	1129.2602
14.540000	1127.7900
14.560000	1126.3250
14.580000	1124.9113
14.600000	1123.4694
14.620000	1122.0625
14.640000	1120.7002
14.660000	1119.5456
14.680000	1118.4167
14.700000	1117.3102
14.720000	1116.0021
14.740000	1114.7487
14.760000	1113.5101
14.780000	1112.2320
14.800000	1110.9719
14.820000	1109.7525
14.840000	1108.7025
14.860000	1107.6101
14.880000	1106.4472
14.900000	1105.4281
14.920000	1104.3540
14.940000	1103.3985
14.960000	1102.4159
14.980000	1101.5728
15.000000	1100.5708
15.020000	1099.6685
15.040000	1098.6863
15.060000	1097.8917
15.080000	1097.0476
15.100000	1096.1951
15.120000	1095.2273
15.140000	1094.3718
15.160000	1093.6578
15.180000	1092.9976
15.200000	1092.2719
15.220000	1091.4252
15.240000	1090.5378
15.260000	1089.7704
15.280000	1088.9295
15.300000	1088.2068
15.320000	1087.4589
15.340000	1086.6870
15.360000	1085.7831
15.380000	1085.1301
15.400000	1084.4352
15.420000	1083.8581
15.440000	1083.2747
15.460000	1082.6896
15.480000	1081.9454
15.500000	1081.2902
15.520000	1080.6627
15.540000	1079.9866
15.560000	1079.4187
15.580000	1078.7053
15.600000	1077.8394
15.620000	1077.0875
15.640000	1076.4547
15.660000	1075.7781
15.680000	1075.1295
15.700000	1074.5641
15.720000	1074.0126
15.740000	1073.2267
15.760000	1072.4460
15.780000	1071.6775
15.800000	1071.1582
15.820000	1070.5904
15.840000	1069.9983
15.860000	1069.3394
15.880000	1068.6832
15.900000	1068.0086
15.920000	1067.3929
15.940000	1066.7885
15.960000	1066.2047
15.980000	1065.5603
16.000000	1064.9146
16.020000	1064.3484
16.040000	1063.8042
16.060000	1063.1400
16.080000	1062.4179
16.100000	1061.7810
16.120000	1061.2123
16.140000	1060.6744
16.160000	1059.9709
16.180000	1059.2442
16.200000	1058.5089
16.220000	1057.8335
16.240000	1057.1773
16.260000	1056.5644
16.280000	1055.9756
16.300000	1055.5018
16.320000	1055.0111
16.340000	1054.3419
16.360000	1053.7087
16.380000	1053.2420
16.400000	1052.6262
16.420000	1052.0577
16.440000	1051.5683
16.460000	1051.1336
16.480000	1050.6351
16.500000	1050.1165
16.520000	1049.5000
16.540000	1048.8765
16.560000	1048.3801
16.580000	1047.9514
16.600000	1047.4072
16.620000	1046.8901
16.640000	1046.4228
16.660000	1045.9168
16.680000	1045.6180
16.700000	1045.3070
16.720000	1044.8583
16.740000	1044.4002
16.760000	1044.1082
16.780000	1043.9420
16.800000	1043.5870
16.820000	1043.2086
16.840000	1042.8931
16.860000	1042.5256
16.880000	1042.1314
16.900000	1041.8364
16.920000	1041.6530
16.940000	1041.4778
16.960000	1041.3896
16.980000	1041.1836
17.000000	1040.8902
17.020000	1040.7405
17.040000	1040.7592
17.060000	1040.7359
17.080000	1040.6690
17.100000	1040.5060
17.120000	1040.4404
17.140000	1040.3875
17.160000	1040.3917
17.180000	1040.3137
17.200000	1040.4154
17.220000	1040.5811
17.240000	1040.7984
17.260000	1040.9811
17.280000	1041.0652
17.300000	1041.1023
17.320000	1041.1164
17.340000	1041.1178
17.360000	1041.1603
17.380000	1041.3962
17.400000	1041.5941
17.420000	1041.8530
17.440000	1042.0159
17.460000	1042.1467
17.480000	1042.4254
17.500000	1042.7023
17.520000	1043.0449
17.540000	1043.4623
17.560000	1043.7140
17.580000	1043.8586
17.600000	1044.1306
17.620000	1044.5768
17.640000	1044.9820
17.660000	1045.4070
17.680000	1045.8552
17.700000	1046.1856
17.720000	1046.4753
17.740000	1046.7380
17.760000	1046.9535
17.780000	1047.3263
17.800000	1047.7776
17.820000	1048.0965
17.840000	1048.2836
17.860000	1048.5108
17.880000	1048.7869
17.900000	1049.1891
17.920000	1049.7305
17.940000	1050.1771
17.960000	1050.4697
17.980000	1050.7246
18.000000	1051.0236
18.020000	1051.2855
18.040000	1051.4845
18.060000	1051.6987
18.080000	1051.8916
18.100000	1052.0352
18.120000	1052.0649
18.140000	1052.2493
18.160000	1052.4435
18.180000	1052.5707
18.200000	1052.6708
18.220000	1052.6477
18.240000	1052.6825
18.260000	1052.7807
18.280000	1052.8166
18.300000	1052.9251
18.320000	1053.0152
18.340000	1053.0549
18.360000	1052.9186
18.380000	1052.6076
18.400000	1052.5735
18.420000	1052.5336
18.440000	1052.5841
18.460000	1052.4722
18.480000	1052.3647
18.500000	1052.0097
18.520000	1051.6136
18.540000	1051.2768
18.560000	1051.0400
18.580000	1050.7034
18.600000	1050.5313
18.620000	1050.2456
18.640000	1049.9018
18.660000	1049.4704
18.680000	1048.8622
18.700000	1048.2907
18.720000	1047.8430
18.740000	1047.5850
18.760000	1047.1622
18.780000	1046.5977
18.800000	1046.0853
18.820000	1045.4626
18.840000	1044.8319
18.860000	1044.1786
18.880000	1043.6537
18.900000	1043.0372
18.920000	1042.3615
18.940000	1041.6346
18.960000	1040.9196
18.980000	1040.2302
19.000000	1039.6105
19.020000	1038.9115
19.040000	1038.2548
19.060000	1037.4497
19.080000	1036.7322
19.100000	1035.8917
19.120000	1035.0538
19.140000	1034.2820
19.160000	1033.5387
19.180000	1032.7430
19.200000	1032.0231
19.220000	1031.1977
19.240000	1030.3963
19.260000	1029.6440
19.280000	1028.9421
19.300000	1028.1984
19.320000	1027.3738
19.340000	1026.5051
19.360000	1025.7331
19.380000	1025.0569
19.400000	1024.4509
19.420000	1023.7050
19.440000	1022.9482
19.460000	1022.3057
19.480000	1021.5519
19.500000	1020.6934
19.520000	1019.7608
19.540000	1018.9531
19.560000	1018.1817
19.580000	1017.3546
19.600000	1016.5700
19.620000	1015.8411
19.640000	1015.1083
19.660000	1014.3430
19.680000	1013.7095
19.700000	1013.0613
19.720000	1012.3230
19.740000	1011.5646
19.760000	1010.7905
19.780000	1010.0238
19.800000	1009.3511
19.820000	1008.7501
19.840000	1008.0605
19.860000	1007.3146
19.880000	1006.6514
19.900000	1006.0161
19.920000	1005.3602
19.940000	1004.8824
19.960000	1004.4199
19.980000	1003.7761
20.000000	1003.0606
20.020000	1002.4178
20.040000	1001.7980
20.060000	1001.2159
20.080000	1000.5878
20.100000	1000.0683
20.120000	999.42166
20.140000	998.86418
20.160000	998.37999
20.180000	997.95305
20.200000	997.49519
20.220000	997.02018
20.240000	996.56084
20.260000	996.06538
20.280000	995.55915
20.300000	995.17945
20.320000	994.74349
20.340000	994.41729
20.360000	994.01862
20.380000	993.47593
20.400000	992.92691
20.420000	992.42900
20.440000	992.00490
20.460000	991.59756
20.480000	991.25541
20.500000	990.90833
20.520000	990.60043
20.540000	990.21507
20.560000	989.85566
20.580000	989.45808
20.600000	989.17526
20.620000	988.85130
20.640000	988.59545
20.660000	988.20921
20.680000	987.93990
20.700000	987.60098
20.720000	987.29253
20.740000	987.12530
20.760000	986.89579
20.780000	986.65152
20.800000	986.30960
20.820000	986.08618
20.840000	985.85698
20.860000	985.57961
20.880000	985.40257
20.900000	985.19622
20.920000	984.92763
20.940000	984.71504
20.960000	984.57311
20.980000	984.25424
21.000000	984.02121
21.020000	983.84444
21.040000	983.58120
21.060000	983.32281
21.080000	983.11385
21.100000	982.87153
21.120000	982.73449
21.140000	982.57467
21.160000	982.38401
21.180000	982.19173
21.200000	981.99961
21.220000	981.79742
21.240000	981.58679
21.260000	981.50294
21.280000	981.42745
21.300000	981.40698
21.320000	981.29286
21.340000	981.17582
21.360000	981.05085
21.380000	980.87126
21.400000	980.71851
21.420000	980.78141
21.440000	980.82159
21.460000	980.63138
21.480000	980.41512
21.500000	980.28004
21.520000	980.24452
21.540000	980.12105
21.560000	980.03927
21.580000	979.91106
21.600000	979.85538
21.620000	979.89415
21.640000	979.97719
21.660000	979.98423
21.680000	979.96443
21.700000	979.83964
21.720000	979.67917
21.740000	979.49773
21.760000	979.44168
21.780000	979.34277
21.800000	979.22523
21.820000	979.15437
21.840000	979.09654
21.860000	979.15085
21.880000	979.19551
21.900000	979.23516
21.920000	979.20074
21.940000	979.23830
21.960000	979.11282
21.980000	979.04375
22.000000	978.96770
22.020000	978.94079
22.040000	978.86275
22.060000	978.75860
22.080000	978.63954
22.100000	978.62696
22.120000	978.64187
22.140000	978.55465
22.160000	978.38689
22.180000	978.39069
22.200000	978.34591
22.220000	978.34824
22.240000	978.35273
22.260000	978.31376
22.280000	978.37146
22.300000	978.41898
22.320000	978.42371
22.340000	978.27186
22.360000	978.11495
22.380000	978.24969
22.400000	978.34501
22.420000	978.25671
22.440000	978.14606
22.460000	978.16766
22.480000	978.07353
22.500000	977.95059
22.520000	978.04795
22.540000	978.22346
22.560000	978.23331
22.580000	978.19392
22.600000	978.02765
22.620000	977.96303
22.640000	978.06574
22.660000	978.18137
22.680000	978.03063
22.700000	977.92733
22.720000	977.94075
22.740000	978.04709
22.760000	978.07455
22.780000	978.02431
22.800000	977.98110
22.820000	977.88243
22.840000	977.80643
22.860000	977.76175
22.880000	977.88670
22.900000	978.02849
22.920000	978.23175
22.940000	978.20154
22.960000	978.09973
22.980000	977.92249
23.000000	977.85692
23.020000	977.74138
23.040000	977.71943
23.060000	977.73475
23.080000	977.69293
23.100000	977.68187
23.120000	977.64785
23.140000	977.67618
23.160000	977.66671
23.180000	977.58900
23.200000	977.60644
23.220000	977.67409
23.240000	977.75396
23.260000	977.86302
23.280000	977.92206
23.300000	978.04636
23.320000	978.06186
23.340000	977.98952
23.360000	977.88779
23.380000	977.83118
23.400000	977.84496
23.420000	977.89459
23.440000	977.95545
23.460000	977.91308
23.480000	977.78945
23.500000	977.83468
23.520000	978.01270
23.540000	978.00231
23.560000	977.98692
23.580000	977.95058
23.600000	978.01550
23.620000	977.99970
23.640000	977.95640
23.660000	978.07142
23.680000	978.18532
23.700000	978.19636
23.720000	978.27561
23.740000	978.22027
23.760000	978.10803
23.780000	978.15820
23.800000	978.21165
23.820000	978.18957
23.840000	978.18337
23.860000	978.28041
23.880000	978.37579
23.900000	978.32249
23.920000	978.37128
23.940000	978.35400
23.960000	978.35595
23.980000	978.42069
24.000000	978.45784
24.020000	978.30271
24.040000	978.36028
24.060000	978.47924
24.080000	978.55152
24.100000	978.59382
24.120000	978.60449
24.140000	978.64402
24.160000	978.64270
24.180000	978.59991
24.200000	978.49742
24.220000	978.51959
24.240000	978.59411
24.260000	978.60180
24.280000	978.54445
24.300000	978.37129
24.320000	978.34520
24.340000	978.32998
24.360000	978.37530
24.380000	978.37476
24.400000	978.26829
24.420000	978.29217
24.440000	978.30641
24.460000	978.32547
24.480000	978.17914
24.500000	978.13901
24.520000	978.23754
24.540000	978.24844
24.560000	978.16946
24.580000	978.08615
24.600000	978.03229
24.620000	977.94997
24.640000	977.81777
24.660000	977.80077
24.680000	977.71724
24.700000	977.61440
24.720000	977.53696
24.740000	977.44968
24.760000	977.39532
24.780000	977.37351
24.800000	977.27314
24.820000	977.10452
24.840000	976.98712
24.860000	976.97545
24.880000	976.89509
24.900000	976.86941
24.920000	976.72071
24.940000	976.46468
24.960000	976.30282
24.980000	976.31261
25.000000	976.17117
25.020000	976.03265
25.040000	975.97788
25.060000	975.75492
25.080000	975.45891
25.100000	975.24805
25.120000	975.16869
25.140000	975.11899
25.160000	975.06083
25.180000	974.93816
25.200000	974.86886
25.220000	974.78622
25.240000	974.71874
25.260000	974.62984
25.280000	974.52167
25.300000	974.33733
25.320000	973.97195
25.340000	973.66807
25.360000	973.47295
25.380000	973.33832
25.400000	973.11191
25.420000	973.01560
25.440000	972.90192
25.460000	972.64439
25.480000	972.47495
25.500000	972.34433
25.520000	972.18493
25.540000	971.98458
25.560000	971.81006
25.580000	971.63371
25.600000	971.46944
25.620000	971.32273
25.640000	971.14412
25.660000	970.95600
25.680000	970.77547
25.700000	970.55641
25.720000	970.22515
25.740000	969.91585
25.760000	969.79672
25.780000	969.70221
25.800000	969.47550
25.820000	969.19240
25.840000	968.96705
25.860000	968.79580
25.880000	968.74208
25.900000	968.61676
25.920000	968.38978
25.940000	968.01048
25.960000	967.68535
25.980000	967.53906
26.000000	967.41592
26.020000	967.27251
26.040000	967.00770
26.060000	966.82863
26.080000	966.72474
26.100000	966.73982
26.120000	966.73033
26.140000	966.61866
26.160000	966.33725
26.180000	966.04859
26.200000	965.76954
26.220000	965.53496
26.240000	965.39242
26.260000	965.19423
26.280000	965.03977
26.300000	964.92573
26.320000	964.79306
26.340000	964.64899
26.360000	964.47206
26.380000	964.22312
26.400000	963.99117
26.420000	963.83296
26.440000	963.63323
26.460000	963.44445
26.480000	963.38332
26.500000	963.45556
26.520000	963.37876
26.540000	963.17733
26.560000	963.05012
26.580000	962.74870
26.600000	962.63117
26.620000	962.48931
26.640000	962.32406
26.660000	962.26923
26.680000	962.23514
26.700000	962.16327
26.720000	961.96619
26.740000	961.84127
26.760000	961.79048
26.780000	961.64942
26.800000	961.45228
26.820000	961.31964
26.840000	961.22868
26.860000	961.03906
26.880000	960.99968
26.900000	960.99485
26.920000	961.00724
26.940000	960.98647
26.960000	960.86670
26.980000	960.74989
27.000000	960.53190
27.020000	960.46199
27.040000	960.45021
27.060000	960.44334
27.080000	960.35294
27.100000	960.19606
27.120000	960.11771
27.140000	960.12927
27.160000	960.13347
27.180000	960.14600
27.200000	960.10721
27.220000	959.99429
27.240000	959.86966
27.260000	959.83998
27.280000	959.78583
27.300000	959.83319
27.320000	959.88353
27.340000	959.78398
27.360000	959.71873
27.380000	959.75034
27.400000	959.71271
27.420000	959.60891
27.440000	959.52873
27.460000	959.42025
27.480000	959.38908
27.500000	959.40485
27.520000	959.25880
27.540000	959.16370
27.560000	959.27319
27.580000	959.38648
27.600000	959.47296
27.620000	959.47524
27.640000	959.33860
27.660000	959.37672
27.680000	959.54154
27.700000	959.48840
27.720000	959.36377
27.740000	959.44497
27.760000	959.46320
27.780000	959.35553
27.800000	959.25785
27.820000	959.21609
27.840000	959.15671
27.860000	959.28752
27.880000	959.37989
27.900000	959.29658
27.920000	959.35930
27.940000	959.45571
27.960000	959.54069
27.980000	959.60794
28.000000	959.64273
28.020000	959.67352
28.040000	959.53689
28.060000	959.39747
28.080000	959.26892
28.100000	959.24915
28.120000	959.30293
28.140000	959.47709
28.160000	959.59358
28.180000	959.50322
28.200000	959.41142
28.220000	959.43633
28.240000	959.56045
28.260000	959.60134
28.280000	959.61747
28.300000	959.64833
28.320000	959.65880
28.340000	959.73888
28.360000	959.72268
28.380000	959.70942
28.400000	959.85727
28.420000	959.83382
28.440000	959.84545
28.460000	959.85792
28.480000	959.78640
28.500000	959.82215
28.520000	959.92231
28.540000	959.90847
28.560000	959.90548
28.580000	959.99434
28.600000	960.05100
28.620000	960.01012
28.640000	960.02969
28.660000	960.03326
28.680000	960.12236
28.700000	960.27226
28.720000	960.23715
28.740000	960.22620
28.760000	960.30448
28.780000	960.32952
28.800000	960.32697
28.820000	960.39531
28.840000	960.38908
28.860000	960.32992
28.880000	960.29923
28.900000	960.31222
28.920000	960.45116
28.940000	960.50811
28.960000	960.61187
28.980000	960.77780
29.000000	960.87856
29.020000	960.90382
29.040000	960.87775
29.060000	960.81550
29.080000	960.80360
29.100000	960.91419
29.120000	961.03081
29.140000	960.92172
29.160000	960.82664
29.180000	960.96083
29.200000	961.04216
29.220000	961.07688
29.240000	961.25799
29.260000	961.29436
29.280000	961.22301
29.300000	961.18970
29.320000	961.10889
29.340000	961.08332
29.360000	961.16314
29.380000	961.09341
29.400000	961.13503
29.420000	961.19663
29.440000	961.22607
29.460000	961.27578
29.480000	961.33448
29.500000	961.36879
29.520000	961.36561
29.540000	961.39454
29.560000	961.40388
29.580000	961.37124
29.600000	961.40379
29.620000	961.43567
29.640000	961.38647
29.660000	961.42166
29.680000	961.50033
29.700000	961.56080
29.720000	961.48641
29.740000	961.43289
29.760000	961.48062
29.780000	961.49841
29.800000	961.45104
29.820000	961.48253
29.840000	961.43606
29.860000	961.24865
29.880000	961.22786
29.900000	961.22267
29.920000	961.24015
29.940000	961.32420
29.960000	961.39849
29.980000	961.43374
30.000000	961.40222
30.020000	961.32780
30.040000	961.32046
30.060000	961.36903
30.080000	961.33101
30.100000	961.31534
30.120000	961.32073
30.140000	961.23525
30.160000	961.14732
30.180000	961.11626
30.200000	961.06076
30.220000	961.08110
30.240000	961.08181
30.260000	961.03396
30.280000	960.96890
30.300000	960.86197
30.320000	960.74613
30.340000	960.69249
30.360000	960.62626
30.380000	960.63472
30.400000	960.69700
30.420000	960.66975
30.440000	960.59898
30.460000	960.45345
30.480000	960.35176
30.500000	960.17532
30.520000	960.03103
30.540000	960.10427
30.560000	960.19531
30.580000	960.23015
30.600000	960.16735
30.620000	960.00842
30.640000	959.84255
30.660000	959.72866
30.680000	959.73325
30.700000	959.59042
30.720000	959.44949
30.740000	959.35997
30.760000	959.35953
30.780000	959.43332
30.800000	959.46283
30.820000	959.48938
30.840000	959.40595
30.860000	959.13718
30.880000	959.05298
30.900000	959.21371
30.920000	959.14833
30.940000	958.88890
30.960000	958.70659
30.980000	958.77226
31.000000	958.79948
31.020000	958.68926
31.040000	958.51585
31.060000	958.38405
31.080000	958.36441
31.100000	958.41517
31.120000	958.38964
31.140000	958.21044
31.160000	958.10415
31.180000	958.06799
31.200000	958.04143
31.220000	957.92167
31.240000	957.82531
31.260000	957.79002
31.280000	957.77543
31.300000	957.71366
31.320000	957.56266
31.340000	957.37638
31.360000	957.24544
31.380000	957.13253
31.400000	957.09102
31.420000	957.10205
31.440000	956.98996
31.460000	956.88415
31.480000	956.90175
31.500000	956.74465
31.520000	956.61269
31.540000	956.56029
31.560000	956.45859
31.580000	956.51053
31.600000	956.49259
31.620000	956.46588
31.640000	956.45045
31.660000	956.26455
31.680000	956.13928
31.700000	956.07073
31.720000	955.84189
31.740000	955.69526
31.760000	955.68990
31.780000	955.55364
31.800000	955.34055
31.820000	955.25119
31.840000	955.27753
31.860000	955.23712
31.880000	955.02420
31.900000	954.84178
31.920000	954.91215
31.940000	954.89417
31.960000	954.77828
31.980000	954.62379
32.000000	954.57357
32.020000	954.50319
32.040000	954.26569
32.060000	954.24283
32.080000	954.30689
32.100000	954.27782
32.120000	954.17299
32.140000	954.22379
32.160000	954.27691
32.180000	954.04127
32.200000	953.80567
32.220000	953.73419
32.240000	953.61543
32.260000	953.47618
32.280000	953.45949
32.300000	953.30223
32.320000	953.07810
32.340000	953.16458
32.360000	953.22379
32.380000	953.17696
32.400000	953.11681
32.420000	953.04961
32.440000	952.92958
32.460000	952.75539
32.480000	952.58208
32.500000	952.56956
32.520000	952.61546
32.540000	952.60304
32.560000	952.62866
32.580000	952.50306
32.600000	952.27483
32.620000	952.20130
32.640000	952.08098
32.660000	951.97189
32.680000	951.88588
32.700000	951.86186
32.720000	951.77868
32.740000	951.65547
32.760000	951.70586
32.780000	951.73486
32.800000	951.54934
32.820000	951.38213
32.840000	951.31011
32.860000	951.28590
32.880000	951.31470
32.900000	951.33408
32.920000	951.27560
32.940000	951.16684
32.960000	951.17444
32.980000	951.13607
33.000000	951.09175
33.020000	951.10935
33.040000	951.01352
33.060000	950.84032
33.080000	950.73581
33.100000	950.70192
33.120000	950.60130
33.140000	950.49781
33.160000	950.36119
33.180000	950.20115
33.200000	950.33344
33.220000	950.35203
33.240000	950.25414
33.260000	950.13897
33.280000	950.05066
33.300000	950.07697
33.320000	950.02678
33.340000	949.95896
33.360000	949.87302
33.380000	949.85324
33.400000	949.85378
33.420000	949.76261
33.440000	949.81259
33.460000	949.91615
33.480000	949.93322
33.500000	949.87391
33.520000	949.79560
33.540000	949.82716
33.560000	949.64454
33.580000	949.51673
33.600000	949.56815
33.620000	949.44662
33.640000	949.48445
33.660000	949.54449
33.680000	949.54947
33.700000	949.54281
33.720000	949.53910
33.740000	949.41453
33.760000	949.34600
33.780000	949.07036
33.800000	949.11760
33.820000	949.24590
33.840000	949.19331
33.860000	949.07756
33.880000	949.01260
33.900000	948.92201
33.920000	948.86958
33.940000	948.92459
33.960000	948.92107
33.980000	948.92140
34.000000	948.72804
34.020000	948.59074
34.040000	948.60585
34.060000	948.68976
34.080000	948.75555
34.100000	948.68284
34.120000	948.62622
34.140000	948.58622
34.160000	948.35942
34.180000	948.27077
34.200000	948.54557
34.220000	948.59865
34.240000	948.64221
34.260000	948.58410
34.280000	948.51348
34.300000	948.50661
34.320000	948.48768
34.340000	948.35068
34.360000	948.29797
34.380000	948.35063
34.400000	948.47053
34.420000	948.49712
34.440000	948.13171
34.460000	947.98384
34.480000	947.98727
34.500000	947.84343
34.520000	947.80281
34.540000	947.85119
34.560000	947.99591
34.580000	948.13789
34.600000	948.23952
34.620000	948.08504
34.640000	947.92011
34.660000	947.88743
34.680000	947.84924
34.700000	947.93193
34.720000	948.04169
34.740000	948.01337
34.760000	947.87692
34.780000	947.86932
34.800000	947.88663
34.820000	947.77356
34.840000	947.76004
34.860000	947.70141
34.880000	947.57557
34.900000	947.70762
34.920000	947.74775
34.940000	947.65597
34.960000	947.49864
34.980000	947.65326
35.000000	947.79788
35.020000	947.68327
35.040000	947.54013
35.060000	947.65789
35.080000	947.55223
35.100000	947.38449
35.120000	947.38378
35.140000	947.47923
35.160000	947.47587
35.180000	947.35559
35.200000	947.36883
35.220000	947.35790
35.240000	947.23267
35.260000	947.22648
35.280000	947.21381
35.300000	947.33407
35.320000	947.21406
35.340000	947.04062
35.360000	947.12939
35.380000	947.26433
35.400000	947.25754
35.420000	947.25185
35.440000	947.28178
35.460000	947.14438
35.480000	947.06101
35.500000	947.10791
35.520000	947.07878
35.540000	947.04945
35.560000	947.04174
35.580000	946.98717
35.600000	946.92830
35.620000	946.79279
35.640000	946.77783
35.660000	946.78933
35.680000	946.77345
35.700000	946.76884
35.720000	946.73142
35.740000	946.68531
35.760000	946.58002
35.780000	946.45784
35.800000	946.38208
35.820000	946.35485
35.840000	946.30336
35.860000	946.23209
35.880000	946.14318
35.900000	946.14319
35.920000	946.13192
35.940000	946.20097
35.960000	946.22576
35.980000	946.10976
36.000000	946.00579
36.020000	946.06289
36.040000	946.03204
36.060000	945.89235
36.080000	945.81202
36.100000	945.79066
36.120000	945.76206
36.140000	945.84963
36.160000	945.79714
36.180000	945.76078
36.200000	945.68763
36.220000	945.64377
36.240000	945.68783
36.260000	945.51518
36.280000	945.46841
36.300000	945.47426
36.320000	945.31830
36.340000	945.19382
36.360000	945.29506
36.380000	945.20160
36.400000	944.94108
36.420000	944.82808
36.440000	944.87327
36.460000	944.76672
36.480000	944.71723
36.500000	944.79165
36.520000	944.77964
36.540000	944.64787
36.560000	944.55415
36.580000	944.46508
36.600000	944.35190
36.620000	944.26170
36.640000	944.13981
36.660000	944.11779
36.680000	944.17924
36.700000	944.22170
36.720000	944.33881
36.740000	944.18955
36.760000	944.01064
36.780000	943.93328
36.800000	943.85000
36.820000	943.84591
36.840000	943.74142
36.860000	943.63087
36.880000	943.37400
36.900000	943.24553
36.920000	943.27835
36.940000	943.21918
36.960000	943.06888
36.980000	943.04818
37.000000	942.93264
37.020000	942.79904
37.040000	942.82733
37.060000	942.80225
37.080000	942.83234
37.100000	942.79299
37.120000	942.63565
37.140000	942.56140
37.160000	942.43846
37.180000	942.27245
37.200000	942.26151
37.220000	942.34166
37.240000	942.14755
37.260000	941.80089
37.280000	941.77497
37.300000	941.96001
37.320000	941.93427
37.340000	941.65382
37.360000	941.37448
37.380000	941.38660
37.400000	941.41072
37.420000	941.32885
37.440000	941.33247
37.460000	941.29757
37.480000	941.08622
37.500000	941.01665
37.520000	941.04381
37.540000	940.88814
37.560000	940.88662
37.580000	940.78216
37.600000	940.57500
37.620000	940.51363
37.640000	940.43195
37.660000	940.41260
37.680000	940.26870
37.700000	940.14669
37.720000	940.11778
37.740000	939.86316
37.760000	939.67221
37.780000	939.49743
37.800000	939.40200
37.820000	939.44653
37.840000	939.53887
37.860000	939.59688
37.880000	939.51946
37.900000	939.41008
37.920000	939.13687
37.940000	939.01176
37.960000	938.99960
37.980000	938.83274
38.000000	938.75178
38.020000	938.63542
38.040000	938.70694
38.060000	938.69431
38.080000	938.47203
38.100000	938.42252
38.120000	938.28294
38.140000	938.14468
38.160000	937.98011
38.180000	937.85370
38.200000	937.87219
38.220000	937.80206
38.240000	937.75474
38.260000	937.76032
38.280000	937.66180
38.300000	937.60245
38.320000	937.40035
38.340000	937.26146
38.360000	937.27573
38.380000	937.10536
38.400000	937.00475
38.420000	936.76762
38.440000	936.70715
38.460000	936.84916
38.480000	936.83231
38.500000	936.54347
38.520000	936.33290
38.540000	936.25807
38.560000	936.16569
38.580000	936.16766
38.600000	936.11504
38.620000	935.95802
38.640000	935.90835
38.660000	935.79970
38.680000	935.84354
38.700000	935.80561
38.720000	935.60110
38.740000	935.53431
38.760000	935.46668
38.780000	935.37433
38.800000	935.23957
38.820000	935.09203
38.840000	935.05638
38.860000	935.01730
38.880000	934.92020
38.900000	934.92786
38.920000	934.81086
38.940000	934.72569
38.960000	934.69034
38.980000	934.65186
39.000000	934.61217
39.020000	934.33241
39.040000	934.10238
39.060000	934.09698
39.080000	934.09318
39.100000	933.96277
39.120000	933.84262
39.140000	933.82918
39.160000	933.78284
39.180000	933.65274
39.200000	933.55270
39.220000	933.46117
39.240000	933.51672
39.260000	933.44895
39.280000	933.32088
39.300000	933.26706
39.320000	933.26905
39.340000	933.05186
39.360000	932.97619
39.380000	932.96114
39.400000	932.80906
39.420000	932.60384
39.440000	932.38678
39.460000	932.24176
39.480000	932.23302
39.500000	932.26570
39.520000	932.44449
39.540000	932.43761
39.560000	932.31849
39.580000	932.21341
39.600000	932.16985
39.620000	932.14393
39.640000	932.04782
39.660000	931.83726
39.680000	931.79583
39.700000	931.77106
39.720000	931.67136
39.740000	931.58766
39.760000	931.51050
39.780000	931.37388
39.800000	931.33538
39.820000	931.19267
39.840000	931.20999
39.860000	931.19926
39.880000	931.09387
39.900000	931.03924
39.920000	930.78452
39.940000	930.73966
39.960000	930.71450
39.980000	930.53080
40.000000	930.48705
40.020000	930.40178
40.040000	930.31797
40.060000	930.28382
40.080000	930.17363
40.100000	930.12874
40.120000	930.17145
40.140000	930.13290
40.160000	930.03366
40.180000	929.85063
40.200000	929.57386
40.220000	929.53595
40.240000	929.51176
40.260000	929.46334
40.280000	929.41623
40.300000	929.51832
40.320000	929.39669
40.340000	929.28585
40.360000	929.20901
40.380000	929.08436
40.400000	929.07814
40.420000	928.98224
40.440000	928.98024
40.460000	928.93662
40.480000	928.79403
40.500000	928.65026
40.520000	928.59296
40.540000	928.53348
40.560000	928.64217
40.580000	928.59907
40.600000	928.43497
40.620000	928.42496
40.640000	928.32665
40.660000	928.23908
40.680000	928.17849
40.700000	928.11368
40.720000	928.10471
40.740000	927.97679
40.760000	927.86055
40.780000	927.77111
40.800000	927.76012
40.820000	927.76427
40.840000	927.79174
40.860000	927.60733
40.880000	927.51601
40.900000	927.50996
40.920000	927.27803
40.940000	927.04679
40.960000	927.03889
40.980000	927.05630
41.000000	926.99827
41.020000	926.76702
41.040000	926.62821
41.060000	926.80622
41.080000	926.94288
41.100000	926.76925
41.120000	926.77418
41.140000	926.60614
41.160000	926.47706
41.180000	926.47792
41.200000	926.33074
41.220000	926.25741
41.240000	926.22164
41.260000	926.22887
41.280000	926.05824
41.300000	925.94715
41.320000	925.91422
41.340000	925.95012
41.360000	925.92760
41.380000	925.69777
41.400000	925.59659
41.420000	925.53924
41.440000	925.48209
41.460000	925.42633
41.480000	925.27320
41.500000	925.23555
41.520000	925.22633
41.540000	925.11841
41.560000	924.96007
41.580000	924.95097
41.600000	925.04662
41.620000	925.04014
41.640000	924.92657
41.660000	924.80738
41.680000	924.69940
41.700000	924.64940
41.720000	924.61230
41.740000	924.50555
41.760000	924.47403
41.780000	924.42020
41.800000	924.36811
41.820000	924.24046
41.840000	924.12919
41.860000	923.79592
41.880000	923.77505
41.900000	923.72700
41.920000	923.64087
41.940000	923.74149
41.960000	923.66647
41.980000	923.59516
42.000000	923.50797
42.020000	923.52162
42.040000	923.42130
42.060000	923.34741
42.080000	923.39386
42.100000	923.14214
42.120000	923.04374
42.140000	922.89660
42.160000	922.78891
42.180000	922.70040
42.200000	922.60920
42.220000	922.52010
42.240000	922.43258
42.260000	922.32388
42.280000	922.27040
42.300000	922.11231
42.320000	922.04138
42.340000	922.05155
42.360000	921.90635
42.380000	921.84301
42.400000	921.83674
42.420000	921.79241
42.440000	921.80333
42.460000	921.79404
42.480000	921.71105
42.500000	921.41787
42.520000	921.32172
42.540000	921.22832
42.560000	921.13266
42.580000	921.14653
42.600000	921.14467
42.620000	920.97265
42.640000	920.80346
42.660000	920.71398
42.680000	920.67513
42.700000	920.53414
42.720000	920.50307
42.740000	920.45297
42.760000	920.35613
42.780000	920.39295
42.800000	920.33576
42.820000	920.22744
42.840000	920.13048
42.860000	920.08435
42.880000	920.02433
42.900000	919.86427
42.920000	919.73078
42.940000	919.70612
42.960000	919.51063
42.980000	919.52470
43.000000	919.44826
43.020000	919.24125
43.040000	919.03930
43.060000	918.92313
43.080000	918.87626
43.100000	918.85774
43.120000	918.91784
43.140000	918.78446
43.160000	918.74305
43.180000	918.72037
43.200000	918.42210
43.220000	918.20190
43.240000	918.12538
43.260000	918.05599
43.280000	918.21217
43.300000	918.13477
43.320000	918.06949
43.340000	917.97213
43.360000	917.72369
43.380000	917.59811
43.400000	917.74525
43.420000	917.71535
43.440000	917.34991
43.460000	917.19725
43.480000	917.15365
43.500000	917.15909
43.520000	917.14719
43.540000	917.13676
43.560000	917.05664
43.580000	916.88618
43.600000	916.69125
43.620000	916.66692
43.640000	916.62392
43.660000	916.45152
43.680000	916.22802
43.700000	915.97921
43.720000	915.89835
43.740000	915.86498
43.760000	915.83472
43.780000	915.77289
43.800000	915.60274
43.820000	915.65243
43.840000	915.44204
43.860000	915.26521
43.880000	915.29164
43.900000	915.05749
43.920000	914.99906
43.940000	915.09317
43.960000	915.06422
43.980000	914.77477
44.000000	914.59606
44.020000	914.53053
44.040000	914.40542
44.060000	914.27574
44.080000	914.25839
44.100000	914.03512
44.120000	913.97031
44.140000	913.90406
44.160000	913.77625
44.180000	913.64049
44.200000	913.63329
44.220000	913.63538
44.240000	913.52371
44.260000	913.33402
44.280000	913.17806
44.300000	913.24204
44.320000	913.22059
44.340000	913.12530
44.360000	913.07376
44.380000	912.99337
44.400000	912.85441
44.420000	912.62551
44.440000	912.49079
44.460000	912.41197
44.480000	912.18249
44.500000	912.00420
44.520000	911.96083
44.540000	912.01042
44.560000	911.88555
44.580000	911.73431
44.600000	911.69865
44.620000	911.57974
44.640000	911.49245
44.660000	911.33557
44.680000	911.22461
44.700000	911.17438
44.720000	911.06718
44.740000	910.66590
44.760000	910.55494
44.780000	910.62521
44.800000	910.50402
44.820000	910.39369
44.840000	910.24709
44.860000	910.12971
44.880000	910.11765
44.900000	910.15092
44.920000	909.98368
44.940000	909.70887
44.960000	909.49649
44.980000	909.37162
45.000000	909.31245
45.020000	909.15718
45.040000	909.00432
45.060000	908.91212
45.080000	908.87958
45.100000	908.88344
45.120000	908.84549
45.140000	908.71107
45.160000	908.71990
45.180000	908.63681
45.200000	908.60939
45.220000	908.37695
45.240000	908.23695
45.260000	908.14733
45.280000	908.07223
45.300000	908.00801
45.320000	907.88893
45.340000	907.75676
45.360000	907.69604
45.380000	907.70979
45.400000	907.61579
45.420000	907.45597
45.440000	907.31460
45.460000	907.24963
45.480000	907.02217
45.500000	906.85820
45.520000	906.85217
45.540000	906.95415
45.560000	906.93706
45.580000	906.78963
45.600000	906.72675
45.620000	906.74306
45.640000	906.51204
45.660000	906.37703
45.680000	906.22693
45.700000	906.09895
45.720000	906.02274
45.740000	905.89328
45.760000	905.80861
45.780000	905.63242
45.800000	905.60734
45.820000	905.65644
45.840000	905.48541
45.860000	905.59309
45.880000	905.56392
45.900000	905.21729
45.920000	905.13480
45.940000	904.97534
45.960000	904.92138
45.980000	904.83338
46.000000	904.75529
46.020000	904.63735
46.040000	904.65025
46.060000	904.60410
46.080000	904.37560
46.100000	904.28884
46.120000	904.16010
46.140000	904.09369
46.160000	904.02015
46.180000	903.88099
46.200000	903.86640
46.220000	903.69531
46.240000	903.43003
46.260000	903.27027
46.280000	903.32544
46.300000	903.35350
46.320000	903.16362
46.340000	902.95470
46.360000	902.82491
46.380000	902.82981
46.400000	902.66198
46.420000	902.55466
46.440000	902.49864
46.460000	902.47198
46.480000	902.31202
46.500000	902.16405
46.520000	902.02788
46.540000	901.99979
46.560000	901.95623
46.580000	901.88430
46.600000	901.82850
46.620000	901.69379
46.640000	901.54165
46.660000	901.61645
46.680000	901.46856
46.700000	901.37192
46.720000	901.16645
46.740000	901.10665
46.760000	901.05522
46.780000	901.14173
46.800000	900.94426
46.820000	900.72150
46.840000	900.59425
46.860000	900.60687
46.880000	900.42964
46.900000	900.34398
46.920000	900.25591
46.940000	900.21064
46.960000	900.19760
46.980000	900.13096
47.000000	900.04768
47.020000	899.94375
47.040000	899.74541
47.060000	899.56499
47.080000	899.60818
47.100000	899.60756
47.120000	899.46749
47.140000	899.24162
47.160000	899.18701
47.180000	899.10735
47.200000	899.00827
47.220000	898.98621
47.240000	898.72021
47.260000	898.55055
47.280000	898.52274
47.300000	898.57721
47.320000	898.62873
47.340000	898.35153
47.360000	898.24302
47.380000	898.18985
47.400000	898.22563
47.420000	898.12549
47.440000	897.90024
47.460000	897.83048
47.480000	897.74859
47.500000	897.58340
47.520000	897.53932
47.540000	897.47440
47.560000	897.44331
47.580000	897.37402
47.600000	897.44946
47.620000	897.24575
47.640000	897.24501
47.660000	897.28736
47.680000	897.05274
47.700000	897.09474
47.720000	896.86761
47.740000	896.72983
47.760000	896.53874
47.780000	896.37757
47.800000	896.33235
47.820000	896.03886
47.840000	895.99510
47.860000	895.76415
47.880000	895.80330
47.900000	895.75279
47.920000	895.49486
47.940000	895.43092
47.960000	895.38052
47.980000	895.33601
48.000000	895.32643
48.020000	895.26149
48.040000	895.17574
48.060000	895.14115
48.080000	894.98875
48.100000	894.79539
48.120000	894.67248
48.140000	894.66513
48.160000	894.88467
48.180000	894.68244
48.200000	894.41650
48.220000	894.33104
48.240000	893.95595
48.260000	893.91788
48.280000	893.90150
48.300000	893.93625
48.320000	893.82765
48.340000	893.75573
48.360000	893.69493
48.380000	893.56038
48.400000	893.19746
48.420000	892.96430
48.440000	892.94852
48.460000	892.94276
48.480000	893.02410
48.500000	892.84893
48.520000	892.79141
48.540000	892.63343
48.560000	892.54116
48.580000	892.22816
48.600000	892.15747
48.620000	892.24879
48.640000	892.08327
48.660000	891.92931
48.680000	891.96782
48.700000	891.88779
48.720000	891.77709
48.740000	891.73075
48.760000	891.64278
48.780000	891.47544
48.800000	891.43251
48.820000	891.39434
48.840000	891.27811
48.860000	891.07857
48.880000	890.80199
48.900000	890.67975
48.920000	890.60310
48.940000	890.41670
48.960000	890.48258
48.980000	890.33353
49.000000	890.16918
49.020000	890.01485
49.040000	889.85882
49.060000	889.84552
49.080000	889.69207
49.100000	889.58986
49.120000	889.56670
49.140000	889.61387
49.160000	889.40070
49.180000	889.07245
49.200000	889.12269
49.220000	889.00179
49.240000	888.94010
49.260000	888.77403
49.280000	888.77589
49.300000	888.73017
49.320000	888.39886
49.340000	888.15583
49.360000	888.31822
49.380000	888.14741
49.400000	888.14498
49.420000	888.13613
49.440000	887.95482
49.460000	887.37902
49.480000	887.48807
49.500000	887.55775
49.520000	887.19847
49.540000	887.09144
49.560000	887.07726
49.580000	887.01902
49.600000	886.90099
49.620000	886.83624
49.640000	886.73838
49.660000	886.52881
49.680000	886.43353
49.700000	886.32815
49.720000	886.11908
49.740000	886.04326
49.760000	886.12213
49.780000	885.73143
49.800000	885.52214
49.820000	885.70288
49.840000	885.69877
49.860000	885.61116
49.880000	885.31600
49.900000	885.16101
49.920000	885.08710
49.940000	885.07621
49.960000	884.95440
49.980000	884.71239
50.000000	884.62191
50.020000	884.34400
50.040000	884.23438
50.060000	884.27735
50.080000	884.14647
50.100000	884.02863
50.120000	883.92535
50.140000	883.71864
50.160000	883.62579
50.180000	883.50254
50.200000	883.46895
50.220000	883.37746
50.240000	883.56599
50.260000	883.24157
50.280000	883.13027
50.300000	883.10241
50.320000	882.82749
50.340000	882.66878
50.360000	882.61933
50.380000	882.46849
50.400000	882.42846
50.420000	882.35842
50.440000	882.05719
50.460000	881.95047
50.480000	882.14547
50.500000	881.98058
50.520000	881.52043
50.540000	881.45026
50.560000	881.34518
50.580000	881.31317
50.600000	881.25434
50.620000	881.16472
50.640000	880.96485
50.660000	880.91052
50.680000	880.80236
50.700000	880.58990
50.720000	880.30214
50.740000	880.31661
50.760000	880.36067
50.780000	880.29808
50.800000	880.28003
50.820000	879.98426
50.840000	880.01991
50.860000	879.95391
50.880000	879.51488
50.900000	879.48570
50.920000	879.43781
50.940000	879.28785
50.960000	879.19591
50.980000	879.20253
51.000000	879.12721
51.020000	878.93829
51.040000	878.77931
51.060000	878.50390
51.080000	878.35802
51.100000	878.40277
51.120000	878.21950
51.140000	878.33602
51.160000	878.21147
51.180000	878.06844
51.200000	878.05472
51.220000	877.68865
51.240000	877.65833
51.260000	877.72228
51.280000	877.75688
51.300000	877.67592
51.320000	877.41968
51.340000	877.32737
51.360000	877.15800
51.380000	877.20291
51.400000	877.07248
51.420000	877.03531
51.440000	876.99747
51.460000	876.79816
51.480000	876.57037
51.500000	876.48592
51.520000	876.45214
51.540000	876.26226
51.560000	876.12168
51.580000	875.88704
51.600000	876.14823
51.620000	876.03637
51.640000	876.01883
51.660000	875.86438
51.680000	875.75024
51.700000	875.50412
51.720000	875.43659
51.740000	875.32366
51.760000	875.18874
51.780000	875.01939
51.800000	875.00950
51.820000	874.91830
51.840000	874.76588
51.860000	874.70500
51.880000	874.70892
51.900000	874.61517
51.920000	874.33620
51.940000	874.15595
51.960000	874.18823
51.980000	874.13622
52.000000	873.98363
52.020000	873.73898
52.040000	873.38421
52.060000	873.39400
52.080000	873.72635
52.100000	873.34185
52.120000	873.26023
52.140000	873.04106
52.160000	872.86493
52.180000	873.00948
52.200000	873.01407
52.220000	872.70374
52.240000	872.63796
52.260000	872.66443
52.280000	872.55026
52.300000	872.32109
52.320000	872.25127
52.340000	872.18165
52.360000	872.14469
52.380000	872.19470
52.400000	871.79065
52.420000	871.61165
52.440000	871.71550
52.460000	871.61845
52.480000	871.43097
52.500000	871.32503
52.520000	871.16903
52.540000	871.00283
52.560000	870.94677
52.580000	870.85124
52.600000	870.73140
52.620000	870.58094
52.640000	870.29623
52.660000	870.22918
52.680000	870.12333
52.700000	870.03793
52.720000	869.90031
52.740000	869.89654
52.760000	869.58325
52.780000	869.63627
52.800000	869.60410
52.820000	869.55664
52.840000	869.38382
52.860000	869.21002
52.880000	869.09721
52.900000	869.00040
52.920000	868.93812
52.940000	868.76882
52.960000	868.70397
52.980000	868.44473
53.000000	868.45983
53.020000	868.31834
53.040000	868.47220
53.060000	868.30016
53.080000	868.14019
53.100000	868.04376
53.120000	867.93686
53.140000	867.83509
53.160000	867.56669
53.180000	867.35198
53.200000	867.24567
53.220000	867.41467
53.240000	867.26923
53.260000	867.05436
53.280000	866.89853
53.300000	866.85352
53.320000	866.91662
53.340000	866.50204
53.360000	866.58180
53.380000	866.48513
53.400000	866.18444
53.420000	865.95738
53.440000	865.85493
53.460000	865.95532
53.480000	865.81413
53.500000	865.77224
53.520000	865.67882
53.540000	865.49227
53.560000	865.40330
53.580000	865.37058
53.600000	864.98697
53.620000	864.97778
53.640000	864.88063
53.660000	864.54301
53.680000	864.52911
53.700000	864.48073
53.720000	864.62434
53.740000	864.54929
53.760000	864.09890
53.780000	864.21636
53.800000	864.09702
53.820000	863.57369
53.840000	863.41320
53.860000	863.51677
53.880000	863.49026
53.900000	863.35296
53.920000	863.04692
53.940000	863.12314
53.960000	862.86931
53.980000	862.96003
54.000000	862.52351
54.020000	862.40017
54.040000	862.78590
54.060000	862.56740
54.080000	862.29711
54.100000	862.31714
54.120000	862.22424
54.140000	861.84354
54.160000	861.83873
54.180000	861.80100
54.200000	861.72082
54.220000	861.36425
54.240000	861.22360
54.260000	861.19862
54.280000	860.98594
54.300000	861.15598
54.320000	860.97657
54.340000	860.51464
54.360000	860.60975
54.380000	860.50482
54.400000	860.50945
54.420000	860.44845
54.440000	860.33656
54.460000	860.42561
54.480000	860.10964
54.500000	860.16810
54.520000	860.11514
54.540000	859.50447
54.560000	859.70685
54.580000	859.54151
54.600000	859.44241
54.620000	859.09051
54.640000	859.38857
54.660000	859.13624
54.680000	858.91187
54.700000	858.63777
54.720000	858.82318
54.740000	858.15646
54.760000	858.54273
54.780000	858.64145
54.800000	857.96755
54.820000	857.93982
54.840000	858.03799
54.860000	857.37851
54.880000	857.72516
54.900000	857.33182
54.920000	857.36750
54.940000	856.66114
54.960000	857.47828
54.980000	857.26028
55.000000	856.91812
55.020000	856.69264
55.040000	856.83860
55.060000	856.35893
55.080000	856.34153
55.100000	857.02024
55.120000	856.13809
55.140000	856.01997
55.160000	856.38629
55.180000	855.97751
55.200000	855.48337
55.220000	854.97131
55.240000	855.79921
55.260000	855.17587
55.280000	855.01642
55.300000	854.91288
55.320000	854.78645
55.340000	854.13100
55.360000	854.68249
55.380000	854.17267
55.400000	854.43186
55.420000	854.54654
55.440000	854.43071
55.460000	854.22753
55.480000	853.63102
55.500000	852.81372
55.520000	853.60044
55.540000	853.36333
55.560000	853.20510
55.580000	852.91798
55.600000	853.00441
55.620000	852.46176
55.640000	852.78675
55.660000	852.44509
55.680000	852.42280
55.700000	852.04617
55.720000	851.87139
55.740000	851.49073
55.760000	852.74621
55.780000	852.10938
55.800000	851.42337
55.820000	851.01483
55.840000	851.23760
55.860000	851.46483
55.880000	850.74265
55.900000	851.14042
55.920000	851.04939
55.940000	851.07841
55.960000	850.19115
55.980000	849.86730
56.000000	850.08384
56.020000	850.28971
56.040000	850.36842
56.060000	850.58928
56.080000	849.31835
56.100000	848.71386
56.120000	849.33063
56.140000	848.33799
56.160000	849.09012
56.180000	848.55512
56.200000	848.81076
56.220000	849.20346
56.240000	849.02279
56.260000	848.73772
56.280000	847.81516
56.300000	848.13567
56.320000	847.99719
56.340000	848.27660
56.360000	847.36117
56.380000	847.91862
56.400000	847.51927
56.420000	847.93558
56.440000	848.31590
56.460000	847.43198
56.480000	847.51322
56.500000	847.11794
56.520000	847.49297
56.540000	848.22416
56.560000	847.16990
56.580000	847.07463
56.600000	846.94892
56.620000	847.41113
56.640000	846.34716
56.660000	845.94558
56.680000	846.91239
56.700000	846.96390
56.720000	847.33022
56.740000	846.69141
56.760000	846.34003
56.780000	845.30582
56.800000	845.01817
56.820000	845.40928
56.840000	846.73510
56.860000	846.08280
56.880000	845.10572
56.900000	845.52224
56.920000	845.27957
56.940000	844.71917
56.960000	844.74673
56.980000	845.30536
57.000000	844.47272
57.020000	845.38453
57.040000	844.51654
57.060000	843.78357
57.080000	843.84208
57.100000	844.62823
57.120000	844.73070
57.140000	843.23263
57.160000	842.94782
57.180000	843.67000
57.200000	843.85400
57.220000	844.41907
57.240000	843.63840
57.260000	843.44498
57.280000	842.53109
57.300000	842.53420
57.320000	843.45173
57.340000	843.23765
57.360000	843.57057
57.380000	842.61034
57.400000	841.69972
57.420000	842.51728
57.440000	841.95739
57.460000	841.71427
57.480000	842.62083
57.500000	842.53967
57.520000	842.18476
57.540000	842.28679
57.560000	841.88404
57.580000	841.62575
57.600000	841.49187
57.620000	841.57680
57.640000	841.70895
57.660000	841.19189
57.680000	841.52648
57.700000	841.38156
57.720000	841.23450
57.740000	840.69458
57.760000	840.45679
57.780000	840.52748
57.800000	839.40965
57.820000	839.49062
57.840000	839.89497
57.860000	840.11052
57.880000	840.21983
57.900000	840.33436
57.920000	840.05231
57.940000	841.36763
57.960000	840.07184
57.980000	838.91813
58.000000	838.93624
58.020000	839.56695
58.040000	838.44867
58.060000	837.90988
58.080000	837.80066
58.100000	839.77422
58.120000	838.71965
58.140000	837.87183
58.160000	838.17733
58.180000	837.69931
58.200000	837.68012
58.220000	837.64612
58.240000	837.39660
58.260000	837.34076
58.280000	836.59693
58.300000	837.61060
58.320000	837.40007
58.340000	836.84613
58.360000	836.78550
58.380000	837.95823
58.400000	836.97851
58.420000	835.87025
58.440000	836.61186
58.460000	836.39929
58.480000	836.34980
58.500000	836.67513
58.520000	836.21995
58.540000	835.87776
58.560000	836.05167
58.580000	836.41720
58.600000	836.55601
58.620000	836.01281
58.640000	835.68832
58.660000	835.74189
58.680000	834.34298
58.700000	835.17686
58.720000	835.18126
58.740000	835.38673
58.760000	835.21976
58.780000	835.17384
58.800000	835.29214
58.820000	835.06927
58.840000	834.80408
58.860000	834.30324
58.880000	834.04666
58.900000	833.89828
58.920000	834.10649
58.940000	833.92369
58.960000	834.85758
58.980000	834.40611
59.000000	833.57548
59.020000	833.15203
59.040000	833.31341
59.060000	832.57063
59.080000	833.05895
59.100000	833.27902
59.120000	833.45361
59.140000	833.02715
59.160000	832.73950
59.180000	832.78803
59.200000	832.75614
59.220000	832.37195
59.240000	832.05694
59.260000	832.43814
59.280000	832.17939
59.300000	832.61613
59.320000	833.70733
59.340000	832.81412
59.360000	831.82883
59.380000	831.77617
59.400000	831.44305
59.420000	831.64797
59.440000	832.71365
59.460000	832.29173
59.480000	831.00346
59.500000	831.52034
59.520000	831.34885
59.540000	831.65776
59.560000	831.23614
59.580000	831.29106
59.600000	830.97133
59.620000	830.82682
59.640000	831.55253
59.660000	830.87822
59.680000	831.17658
59.700000	830.83607
59.720000	831.06865
59.740000	831.96341
59.760000	830.45320
59.780000	829.76786
59.800000	830.48830
59.820000	830.22000
59.840000	830.35525
59.860000	830.87341
59.880000	830.15158
59.900000	829.63856
59.920000	830.14251
59.940000	829.93606
59.960000	829.95674
59.980000	829.89287
60.000000	829.33545
