0.0000000	0.0000000
0.020000000	184.69537
0.040000000	183.70192
0.060000000	180.63938
0.080000000	179.31192
0.10000000	178.99658
0.12000000	178.06117
0.14000000	175.77534
0.16000000	175.17305
0.18000000	174.99014
0.20000000	175.36874
0.22000000	174.56819
0.24000000	173.87800
0.26000000	174.63962
0.28000000	176.34182
0.30000000	179.10858
0.32000000	184.89861
0.34000000	193.38933
0.36000000	210.26182
0.38000000	231.85166
0.40000000	255.25465
0.42000000	282.54439
0.44000000	301.31684
0.46000000	322.19915
0.48000000	340.08170
0.50000000	357.63980
0.52000000	373.45842
0.54000000	391.03509
0.56000000	404.09084
0.58000000	420.30506
0.60000000	440.79422
0.62000000	463.58643
0.64000000	502.17282
0.66000000	557.15160
0.68000000	636.81960
0.70000000	733.72935
0.72000000	861.21008
0.74000000	971.25941
0.76000000	1085.1093
0.78000000	1164.0125
0.80000000	1215.9295
0.82000000	1251.8826
0.84000000	1272.0988
0.86000000	1287.4789
0.88000000	1296.8609
0.90000000	1305.1494
0.92000000	1312.2991
0.94000000	1319.2556
0.96000000	1324.6763
0.98000000	1329.4407
1.0000000	1334.2038
1.0200000	1338.0638
1.0400000	1341.3006
1.0600000	1344.0745
1.0800000	1346.4022
1.1000000	1348.9152
1.1200000	1351.4057
1.1400000	1354.9530
1.1600000	1358.6691
1.1800000	1362.4730
1.2000000	1365.4920
1.2200000	1368.6832
1.2400000	1372.0819
1.2600000	1375.9888
1.2800000	1380.3551
1.3000000	1384.2425
1.3200000	1389.0404
1.3400000	1394.6192
1.3600000	1399.4667
1.3800000	1404.6584
1.4000000	1411.0180
1.4200000	1418.3468
1.4400000	1426.4938
1.4600000	1436.6732
1.4800000	1447.2047
1.5000000	1461.5621
1.5200000	1480.3356
1.5400000	1505.2129
1.5600000	1542.1400
1.5800000	1605.4415
1.6000000	1708.1793
1.6200000	1916.6032
1.6400000	2337.8767
1.6600000	3129.5592
1.6800000	4703.9631
1.7000000	6993.1166
1.7200000	9316.8130
1.7400000	10553.112
1.7600000	9474.2051
1.7800000	7170.4869
1.8000000	4627.9028
1.8200000	3166.8703
1.8400000	2405.5126
1.8600000	2051.4403
1.8800000	1937.3632
1.9000000	1951.5164
1.9200000	2119.8671
1.9400000	2502.1681
1.9600000	3140.2087
1.9800000	4056.0776
2.0000000	4673.8562
2.0200000	4704.2110
2.0400000	4024.0722
2.0600000	3173.4059
2.0800000	2472.0040
2.1000000	2101.6386
2.1200000	1916.5146
2.1400000	1839.3243
2.1600000	1803.7048
2.1800000	1789.5760
2.2000000	1785.7588
2.2200000	1784.6240
2.2400000	1782.4099
2.2600000	1778.4333
2.2800000	1774.3176
2.3000000	1770.1992
2.3200000	1766.0077
2.3400000	1763.1958
2.3600000	1760.8400
2.3800000	1760.7746
2.4000000	1762.1501
2.4200000	1764.7616
2.4400000	1769.1605
2.4600000	1778.7950
2.4800000	1798.6340
2.5000000	1840.8271
2.5200000	1919.7755
2.5400000	2084.7628
2.5600000	2424.6426
2.5800000	3091.8187
2.6000000	4318.6859
2.6200000	6096.9196
2.6400000	7753.7434
2.6600000	8389.7451
2.6800000	7452.3285
2.7000000	5743.7622
2.7200000	4131.7051
2.7400000	3406.6172
2.7600000	3473.4465
2.7800000	4368.8668
2.8000000	5943.5593
2.8200000	7666.4420
2.8400000	8512.0721
2.8600000	7798.6722
2.8800000	6021.7321
2.9000000	4140.8822
2.9200000	2960.9912
2.9400000	2326.2464
2.9600000	2041.1164
2.9800000	1921.1409
3.0000000	1884.9652
3.0200000	1917.3605
3.0400000	2020.2106
3.0600000	2257.8275
3.0800000	2768.1754
3.1000000	3758.8591
3.1200000	5586.1875
3.1400000	8118.2063
3.1600000	10386.239
3.1800000	11098.521
3.2000000	9616.1071
3.2200000	7041.1929
3.2400000	4654.6322
3.2600000	3348.5545
3.2800000	2780.2251
3.3000000	2654.7641
3.3200000	2697.1038
3.3400000	2754.1449
3.3600000	2837.6139
3.3800000	3174.3861
3.4000000	4090.7740
3.4200000	6068.9722
3.4400000	8905.8842
3.4600000	11870.077
3.4800000	13047.229
3.5000000	11693.917
3.5200000	8570.4189
3.5400000	5624.3844
3.5600000	3713.4609
3.5800000	2746.9996
3.6000000	2356.1732
3.6200000	2155.7845
3.6400000	2001.6107
3.6600000	1859.7304
3.6800000	1748.8511
3.7000000	1681.9241
3.7200000	1663.0635
3.7400000	1681.6109
3.7600000	1751.2612
3.7800000	1914.7203
3.8000000	2250.6718
3.8200000	2948.0671
3.8400000	4063.0475
3.8600000	5436.8478
3.8800000	6490.5077
3.9000000	6421.0111
3.9200000	5370.0601
3.9400000	3890.7200
3.9600000	2818.2022
3.9800000	2209.7139
4.0000000	1921.9231
4.0200000	1785.2063
4.0400000	1685.4829
4.0600000	1598.6509
4.0800000	1532.9515
4.1000000	1490.6871
4.1200000	1467.8367
4.1400000	1457.9419
4.1600000	1457.2543
4.1800000	1464.7208
4.2000000	1481.7014
4.2200000	1517.2726
4.2400000	1586.0468
4.2600000	1721.6361
4.2800000	1994.6236
4.3000000	2548.1713
4.3200000	3475.4635
4.3400000	4841.5560
4.3600000	6062.0313
4.3800000	6540.3529
4.4000000	5885.9150
4.4200000	4697.2178
4.4400000	3674.2492
4.4600000	3203.9358
4.4800000	3046.8506
4.5000000	2882.1127
4.5200000	2537.6021
4.5400000	2155.5264
4.5600000	1838.0939
4.5800000	1656.5203
4.6000000	1564.3527
4.6200000	1519.5957
4.6400000	1498.8438
4.6600000	1493.4906
4.6800000	1501.1046
4.7000000	1526.9097
4.7200000	1581.8193
4.7400000	1691.4381
4.7600000	1880.6537
4.7800000	2130.5808
4.8000000	2374.6206
4.8200000	2461.6429
4.8400000	2383.2915
4.8600000	2220.3604
4.8800000	2129.6104
4.9000000	2113.6135
4.9200000	2102.1279
4.9400000	2029.7522
4.9600000	1924.9696
4.9800000	1850.0208
5.0000000	1869.4603
5.0200000	2010.5932
5.0400000	2354.2729
5.0600000	2968.0990
5.0800000	3862.1927
5.1000000	4851.9014
5.1200000	5384.3005
5.1400000	5367.7037
5.1600000	5033.9247
5.1800000	4972.1242
5.2000000	5290.1388
5.2200000	5802.0113
5.2400000	6469.7563
5.2600000	7677.5721
5.2800000	9637.3649
5.3000000	11328.680
5.3200000	11644.760
5.3400000	9862.5126
5.3600000	7199.8022
5.3800000	4777.2038
5.4000000	3290.8295
5.4200000	2533.6245
5.4400000	2158.1920
5.4600000	1998.8731
5.4800000	1955.3738
5.5000000	2011.8783
5.5200000	2200.0677
5.5400000	2529.2486
5.5600000	2997.5531
5.5800000	3417.2962
5.6000000	3663.6108
5.6200000	3766.7253
5.6400000	3928.8564
5.6600000	4160.2323
5.6800000	4234.4403
5.7000000	3889.4972
5.7200000	3254.6663
5.7400000	2582.3321
5.7600000	2152.1429
5.7800000	1897.2640
5.8000000	1769.0298
5.8200000	1708.8521
5.8400000	1691.5801
5.8600000	1715.9928
5.8800000	1785.0765
5.9000000	1899.6593
5.9200000	2035.7884
5.9400000	2124.1864
5.9600000	2150.6873
5.9800000	2142.0093
6.0000000	2148.8169
6.0200000	2151.5626
6.0400000	2089.2920
6.0600000	1965.0196
6.0800000	1819.8897
6.1000000	1714.2767
6.1200000	1655.2354
6.1400000	1627.8113
6.1600000	1626.9666
6.1800000	1654.1513
6.2000000	1724.6804
6.2200000	1855.4933
6.2400000	2050.0315
6.2600000	2318.5243
6.2800000	2680.0482
6.3000000	3171.1203
6.3200000	3778.0889
6.3400000	4265.7753
6.3600000	4307.2230
6.3800000	3851.5501
6.4000000	3194.2909
6.4200000	2737.5402
6.4400000	2643.6371
6.4600000	2925.5239
6.4800000	3394.3696
6.5000000	3821.1814
6.5200000	3947.8374
6.5400000	3827.0186
6.5600000	3640.5018
6.5800000	3568.8091
6.6000000	3615.2004
6.6200000	3769.3631
6.6400000	3965.3693
6.6600000	4007.7094
6.6800000	3705.4819
6.7000000	3145.2741
6.7200000	2562.1296
6.7400000	2141.3455
6.7600000	1913.1790
6.7800000	1813.2149
6.8000000	1816.9895
6.8200000	1920.6668
6.8400000	2113.0401
6.8600000	2357.2713
6.8800000	2507.0728
6.9000000	2504.7075
6.9200000	2352.3665
6.9400000	2166.9885
6.9600000	2013.7258
6.9800000	1888.4930
7.0000000	1791.9917
7.0200000	1713.9993
7.0400000	1660.0685
7.0600000	1626.5307
7.0800000	1614.6943
7.1000000	1640.0562
7.1200000	1706.2816
7.1400000	1804.1210
7.1600000	1904.1322
7.1800000	1957.6205
7.2000000	1967.7917
7.2200000	1949.3128
7.2400000	1915.0484
7.2600000	1858.3530
7.2800000	1772.9209
7.3000000	1698.2201
7.3200000	1654.1379
7.3400000	1659.3699
7.3600000	1725.7770
7.3800000	1865.9884
7.4000000	2105.0920
7.4200000	2374.1041
7.4400000	2574.2239
7.4600000	2574.6096
7.4800000	2390.7823
7.5000000	2134.4427
7.5200000	1948.9210
7.5400000	1888.0084
7.5600000	1958.7263
7.5800000	2186.7075
7.6000000	2557.6279
7.6200000	3037.8059
7.6400000	3435.9914
7.6600000	3592.9750
7.6800000	3528.0572
7.7000000	3428.2719
7.7200000	3492.1620
7.7400000	3767.7205
7.7600000	4103.9262
7.7800000	4202.9151
7.8000000	3906.5230
7.8200000	3293.4507
7.8400000	2682.7753
7.8600000	2254.9567
7.8800000	2063.6057
7.9000000	2058.3749
7.9200000	2208.8698
7.9400000	2477.0147
7.9600000	2785.5004
7.9800000	3067.9614
8.0000000	3264.3477
8.0200000	3339.9180
8.0400000	3233.1529
8.0600000	2919.8687
8.0800000	2515.7616
8.1000000	2147.0712
8.1200000	1933.5687
8.1400000	1855.7138
8.1600000	1892.9626
8.1800000	2016.6166
8.2000000	2159.2633
8.2200000	2248.7821
8.2400000	2218.6450
8.2600000	2097.0267
8.2800000	1944.1161
8.3000000	1815.7900
8.3200000	1722.6061
8.3400000	1661.0794
8.3600000	1632.7755
8.3800000	1637.9673
8.4000000	1679.2054
8.4200000	1763.0553
8.4400000	1890.9918
8.4600000	2063.8624
8.4800000	2270.0964
8.5000000	2455.8589
8.5200000	2558.1162
8.5400000	2504.0931
8.5600000	2341.6201
8.5800000	2172.1310
8.6000000	2104.1696
8.6200000	2144.9763
8.6400000	2267.4157
8.6600000	2444.7604
8.6800000	2688.6949
8.7000000	3031.8713
8.7200000	3445.7955
8.7400000	3788.7012
8.7600000	3867.9913
8.7800000	3556.0297
8.8000000	3010.7545
8.8200000	2441.8117
8.8400000	2062.3897
8.8600000	1863.5908
8.8800000	1797.9368
8.9000000	1807.2632
8.9200000	1828.8336
8.9400000	1825.4758
8.9600000	1782.4251
8.9800000	1719.4572
9.0000000	1656.6329
9.0200000	1609.0051
9.0400000	1584.0859
9.0600000	1589.7212
9.0800000	1637.0032
9.1000000	1727.8369
9.1200000	1849.9821
9.1400000	1960.3423
9.1600000	2003.3876
9.1800000	1964.2599
9.2000000	1867.3443
9.2200000	1762.8475
9.2400000	1672.8073
9.2600000	1611.5815
9.2800000	1587.7029
9.3000000	1602.4208
9.3200000	1657.5359
9.3400000	1734.2507
9.3600000	1804.6995
9.3800000	1833.3626
9.4000000	1813.7817
9.4200000	1775.1810
9.4400000	1763.9627
9.4600000	1817.1577
9.4800000	1949.0864
9.5000000	2153.7515
9.5200000	2354.4518
9.5400000	2500.8938
9.5600000	2563.8484
9.5800000	2589.4473
9.6000000	2617.8118
9.6200000	2635.9756
9.6400000	2572.5032
9.6600000	2395.7324
9.6800000	2139.2139
9.7000000	1906.4270
9.7200000	1749.7251
9.7400000	1679.9720
9.7600000	1681.6500
9.7800000	1731.1819
9.8000000	1810.2302
9.8200000	1884.9453
9.8400000	1921.4179
9.8600000	1890.4039
9.8800000	1804.9317
9.9000000	1708.1670
9.9200000	1640.9689
9.9400000	1623.7018
9.9600000	1647.0441
9.9800000	1695.1406
10.000000	1742.9348
10.020000	1773.6736
10.040000	1776.6223
10.060000	1751.4330
10.080000	1710.6931
10.100000	1676.2537
10.120000	1677.5556
10.140000	1729.0129
10.160000	1832.3120
10.180000	1959.9953
10.200000	2071.1295
10.220000	2133.9138
10.240000	2133.8156
10.260000	2094.3348
10.280000	2050.2858
10.300000	2047.0812
10.320000	2098.9097
10.340000	2189.7414
10.360000	2296.1267
10.380000	2429.4554
10.400000	2618.4248
10.420000	2835.0117
10.440000	2950.0397
10.460000	2867.0122
10.480000	2581.6985
10.500000	2248.4844
10.520000	1981.0937
10.540000	1830.3159
10.560000	1774.4917
10.580000	1762.0984
10.600000	1747.2236
10.620000	1713.8235
10.640000	1668.8486
10.660000	1625.8841
10.680000	1602.0958
10.700000	1604.9192
10.720000	1640.2434
10.740000	1700.7312
10.760000	1761.4985
10.780000	1790.8602
10.800000	1767.5164
10.820000	1705.7673
10.840000	1633.7055
10.860000	1578.9082
10.880000	1548.0974
10.900000	1541.1089
10.920000	1552.9977
10.940000	1572.7846
10.960000	1590.1883
10.980000	1596.7211
11.000000	1598.8382
11.020000	1613.5043
11.040000	1660.5270
11.060000	1744.4420
11.080000	1859.6598
11.100000	1985.1245
11.120000	2108.0050
11.140000	2235.4243
11.160000	2372.7250
11.180000	2466.0648
11.200000	2455.9131
11.220000	2309.9947
11.240000	2095.4136
11.260000	1900.4736
11.280000	1782.8540
11.300000	1744.0127
11.320000	1744.4956
11.340000	1746.3994
11.360000	1725.7830
11.380000	1682.6794
11.400000	1625.4183
11.420000	1573.9974
11.440000	1538.1605
11.460000	1523.6608
11.480000	1528.8308
11.500000	1541.3936
11.520000	1553.9485
11.540000	1559.6891
11.560000	1557.7545
11.580000	1553.1576
11.600000	1557.5626
11.620000	1584.7855
11.640000	1641.7841
11.660000	1729.8938
11.680000	1825.5226
11.700000	1909.9937
11.720000	1956.5278
11.740000	1961.2549
11.760000	1946.6268
11.780000	1942.1777
11.800000	1958.9560
11.820000	1982.3686
11.840000	1995.5160
11.860000	1992.1381
11.880000	1969.6831
11.900000	1916.2308
11.920000	1829.2087
11.940000	1728.5555
11.960000	1641.4129
11.980000	1589.9949
12.000000	1569.5888
12.020000	1563.7335
12.040000	1552.3910
12.060000	1532.2190
12.080000	1507.2576
12.100000	1488.2493
12.120000	1482.7363
12.140000	1492.9698
12.160000	1517.3813
12.180000	1544.8548
12.200000	1564.7413
12.220000	1567.5146
12.240000	1552.1884
12.260000	1527.8984
12.280000	1505.5025
12.300000	1497.1708
12.320000	1504.6741
12.340000	1520.8184
12.360000	1534.2046
12.380000	1540.5710
12.400000	1545.9900
12.420000	1563.4148
12.440000	1599.4739
12.460000	1648.0625
12.480000	1693.0996
12.500000	1721.0321
12.520000	1732.5627
12.540000	1730.8079
12.560000	1713.6817
12.580000	1678.7994
12.600000	1633.1403
12.620000	1599.9889
12.640000	1597.2705
12.660000	1631.4196
12.680000	1689.3913
12.700000	1744.9184
12.720000	1769.3179
12.740000	1744.4547
12.760000	1687.6474
12.780000	1626.1734
12.800000	1587.3034
12.820000	1572.5794
12.840000	1567.2876
12.860000	1556.0841
12.880000	1535.7846
12.900000	1513.3053
12.920000	1499.9540
12.940000	1504.4711
12.960000	1528.4288
12.980000	1570.5596
13.000000	1619.2122
13.020000	1659.5185
13.040000	1679.9799
13.060000	1679.4551
13.080000	1674.7159
13.100000	1684.9578
13.120000	1724.3665
13.140000	1786.4071
13.160000	1853.6038
13.180000	1894.3927
13.200000	1879.9276
13.220000	1810.2676
13.240000	1708.4973
13.260000	1618.1138
13.280000	1555.9675
13.300000	1519.2023
13.320000	1494.5102
13.340000	1471.8323
13.360000	1449.9954
13.380000	1432.5776
13.400000	1423.2331
13.420000	1422.3803
13.440000	1429.0538
13.460000	1438.6782
13.480000	1446.2398
13.500000	1447.3209
13.520000	1441.4577
13.540000	1432.6572
13.560000	1425.9986
13.580000	1424.7350
13.600000	1427.1052
13.620000	1430.7194
13.640000	1435.6705
13.660000	1447.1789
13.680000	1471.6246
13.700000	1514.8931
13.720000	1573.4247
13.740000	1641.2139
13.760000	1703.0700
13.780000	1737.2339
13.800000	1731.5920
13.820000	1685.5618
13.840000	1621.8830
13.860000	1569.8792
13.880000	1545.5020
13.900000	1549.5584
13.920000	1564.4864
13.940000	1570.7857
13.960000	1555.0473
13.980000	1522.4930
14.000000	1486.7646
14.020000	1460.8806
14.040000	1448.5314
14.060000	1443.2650
14.080000	1438.5682
14.100000	1432.2057
14.120000	1427.1942
14.140000	1428.6850
14.160000	1441.0291
14.180000	1462.1110
14.200000	1487.6008
14.220000	1511.6546
14.240000	1532.7403
14.260000	1553.1985
14.280000	1574.1909
14.300000	1590.2561
14.320000	1594.7914
14.340000	1584.0968
14.360000	1559.3925
14.380000	1526.2798
14.400000	1489.2796
14.420000	1455.3860
14.440000	1431.9212
14.460000	1418.8645
14.480000	1411.5945
14.500000	1402.7572
14.520000	1389.8252
14.540000	1374.5052
14.560000	1361.9026
14.580000	1354.5173
14.600000	1352.5143
14.620000	1353.4792
14.640000	1354.0277
14.660000	1352.4674
14.680000	1349.1650
14.700000	1346.2452
14.720000	1346.1001
14.740000	1348.7049
14.760000	1353.3471
14.780000	1359.4875
14.800000	1368.9512
14.820000	1385.5535
14.840000	1411.5328
14.860000	1448.0643
14.880000	1492.8234
14.900000	1536.8246
14.920000	1566.1605
14.940000	1568.1227
14.960000	1540.1571
14.980000	1496.8141
15.000000	1454.7892
15.020000	1423.1645
15.040000	1400.0204
15.060000	1379.6701
15.080000	1361.2264
15.100000	1347.8181
15.120000	1341.4212
15.140000	1341.4009
15.160000	1344.8497
15.180000	1348.2855
15.200000	1349.7369
15.220000	1349.9223
15.240000	1352.5615
15.260000	1361.3192
15.280000	1378.9078
15.300000	1403.0815
15.320000	1428.0263
15.340000	1447.7642
15.360000	1458.8108
15.380000	1463.8761
15.400000	1466.3082
15.420000	1467.2285
15.440000	1464.4934
15.460000	1454.4474
15.480000	1434.9116
15.500000	1407.6092
15.520000	1379.4238
15.540000	1355.8733
15.560000	1339.9670
15.580000	1330.6753
15.600000	1325.7620
15.620000	1324.4072
15.640000	1326.6263
15.660000	1332.3934
15.680000	1339.7476
15.700000	1345.2821
15.720000	1346.6998
15.740000	1344.0408
15.760000	1339.9870
15.780000	1338.1307
15.800000	1339.6693
15.820000	1344.1762
15.840000	1350.3876
15.860000	1359.7696
15.880000	1374.3032
15.900000	1395.7830
15.920000	1421.2500
15.940000	1447.0481
15.960000	1466.5479
15.980000	1472.6033
16.000000	1462.0800
16.020000	1436.6942
16.040000	1406.1642
16.060000	1380.6268
16.080000	1363.1426
16.100000	1351.4104
16.120000	1341.3684
16.140000	1331.1715
16.160000	1321.6186
16.180000	1314.3995
16.200000	1309.5563
16.220000	1306.2145
16.240000	1303.2862
16.260000	1301.4723
16.280000	1302.0726
16.300000	1306.8081
16.320000	1315.4222
16.340000	1326.0276
16.360000	1336.3245
16.380000	1345.1625
16.400000	1354.2844
16.420000	1367.0683
16.440000	1385.7059
16.460000	1405.6292
16.480000	1418.8408
16.500000	1417.2872
16.520000	1398.6185
16.540000	1370.0705
16.560000	1340.9531
16.580000	1317.2947
16.600000	1300.3591
16.620000	1288.0545
16.640000	1279.1298
16.660000	1273.5430
16.680000	1270.6838
16.700000	1269.7587
16.720000	1269.3383
16.740000	1268.4420
16.760000	1267.0287
16.780000	1266.0155
16.800000	1266.3809
16.820000	1267.9890
16.840000	1270.3648
16.860000	1273.6182
16.880000	1278.5138
16.900000	1285.5570
16.920000	1293.7799
16.940000	1300.1799
16.960000	1302.0872
16.980000	1298.8532
17.000000	1291.6316
17.020000	1284.6545
17.040000	1280.7173
17.060000	1280.9716
17.080000	1282.9652
17.100000	1283.1300
17.120000	1279.4668
17.140000	1272.5098
17.160000	1265.2899
17.180000	1260.0808
17.200000	1256.9787
17.220000	1254.8646
17.240000	1252.8200
17.260000	1251.2738
17.280000	1251.4640
17.300000	1253.7596
17.320000	1258.0552
17.340000	1263.8967
17.360000	1271.3176
17.380000	1279.6931
17.400000	1288.2479
17.420000	1294.6128
17.440000	1296.3074
17.460000	1291.8961
17.480000	1281.0745
17.500000	1266.2201
17.520000	1251.6666
17.540000	1240.4579
17.560000	1233.1043
17.580000	1229.4501
17.600000	1228.2681
17.620000	1228.7996
17.640000	1230.2052
17.660000	1230.8490
17.680000	1229.7569
17.700000	1226.8735
17.720000	1223.1043
17.740000	1219.9234
17.760000	1218.2018
17.780000	1218.6162
17.800000	1221.1152
17.820000	1225.6440
17.840000	1232.7256
17.860000	1241.7278
17.880000	1250.7468
17.900000	1257.5201
17.920000	1260.2450
17.940000	1258.3227
17.960000	1253.7217
17.980000	1249.0411
18.000000	1245.8663
18.020000	1243.7646
18.040000	1241.1374
18.060000	1236.9936
18.080000	1232.0702
18.100000	1227.8531
18.120000	1225.2890
18.140000	1224.6646
18.160000	1226.0060
18.180000	1229.5590
18.200000	1235.5985
18.220000	1243.4176
18.240000	1251.0378
18.260000	1256.7350
18.280000	1259.5471
18.300000	1260.2461
18.320000	1260.3484
18.340000	1260.3983
18.360000	1259.0958
18.380000	1254.8092
18.400000	1246.7700
18.420000	1236.4956
18.440000	1226.4309
18.460000	1218.6999
18.480000	1213.3209
18.500000	1210.2445
18.520000	1208.9027
18.540000	1208.9190
18.560000	1209.6445
18.580000	1210.4176
18.600000	1210.7914
18.620000	1210.9310
18.640000	1211.2419
18.660000	1212.3952
18.680000	1214.4335
18.700000	1217.2656
18.720000	1221.0577
18.740000	1226.4672
18.760000	1232.7606
18.780000	1238.6232
18.800000	1241.9672
18.820000	1241.2067
18.840000	1236.5498
18.860000	1229.7345
18.880000	1222.7990
18.900000	1217.3571
18.920000	1213.3051
18.940000	1209.7120
18.960000	1206.2699
18.980000	1203.2063
19.000000	1200.6354
19.020000	1198.4821
19.040000	1196.9051
19.060000	1196.1456
19.080000	1196.9126
19.100000	1199.4561
19.120000	1203.0770
19.140000	1207.1043
19.160000	1210.8800
19.180000	1214.1627
19.200000	1216.7674
19.220000	1218.4480
19.240000	1218.3490
19.260000	1215.0937
19.280000	1209.2537
19.300000	1201.8797
19.320000	1194.5045
19.340000	1188.0188
19.360000	1182.3719
19.380000	1177.5684
19.400000	1173.8083
19.420000	1171.2622
19.440000	1169.6589
19.460000	1168.4429
19.480000	1167.6007
19.500000	1167.3510
19.520000	1167.5603
19.540000	1167.8053
19.560000	1169.0368
19.580000	1171.0692
19.600000	1173.0011
19.620000	1174.1744
19.640000	1174.1861
19.660000	1172.9451
19.680000	1170.4234
19.700000	1167.2243
19.720000	1164.4266
19.740000	1162.0612
19.760000	1160.1062
19.780000	1158.4686
19.800000	1157.4259
19.820000	1157.0183
19.840000	1157.2225
19.860000	1157.3175
19.880000	1157.1354
19.900000	1156.6555
19.920000	1156.6185
19.940000	1157.0388
19.960000	1157.9932
19.980000	1159.2874
20.000000	1160.7314
20.020000	1161.9740
20.040000	1162.9313
20.060000	1163.3862
20.080000	1162.6533
20.100000	1160.2699
20.120000	1156.5169
20.140000	1151.9863
20.160000	1147.7294
20.180000	1144.6244
20.200000	1142.1177
20.220000	1140.3103
20.240000	1139.1659
20.260000	1138.4610
20.280000	1137.8757
20.300000	1137.4430
20.320000	1136.9723
20.340000	1136.7419
20.360000	1137.1767
20.380000	1138.9572
20.400000	1142.3845
20.420000	1147.1481
20.440000	1152.6082
20.460000	1158.0954
20.480000	1162.3621
20.500000	1163.4858
20.520000	1161.1096
20.540000	1156.4957
20.560000	1151.2019
20.580000	1146.3361
20.600000	1142.3228
20.620000	1138.9829
20.640000	1136.1289
20.660000	1133.9928
20.680000	1132.8303
20.700000	1132.4028
20.720000	1132.6954
20.740000	1133.5071
20.760000	1134.6289
20.780000	1136.0868
20.800000	1137.4589
20.820000	1138.0694
20.840000	1137.8565
20.860000	1137.0396
20.880000	1135.8139
20.900000	1133.6057
20.920000	1130.6162
20.940000	1127.3078
20.960000	1124.3234
20.980000	1122.1097
21.000000	1120.5390
21.020000	1119.5309
21.040000	1119.1353
21.060000	1118.7377
21.080000	1118.1917
21.100000	1118.2067
21.120000	1118.4477
21.140000	1118.3733
21.160000	1118.6873
21.180000	1119.9200
21.200000	1121.8827
21.220000	1124.0988
21.240000	1126.3649
21.260000	1127.8188
21.280000	1128.3466
21.300000	1128.0232
21.320000	1127.1069
21.340000	1125.8207
21.360000	1124.2153
21.380000	1122.3027
21.400000	1120.3632
21.420000	1118.4613
21.440000	1116.3358
21.460000	1114.4151
21.480000	1112.9600
21.500000	1111.9755
21.520000	1111.5397
21.540000	1111.4819
21.560000	1112.1186
21.580000	1113.3993
21.600000	1115.4705
21.620000	1117.2169
21.640000	1118.4760
21.660000	1119.0645
21.680000	1118.2585
21.700000	1115.7690
21.720000	1112.1858
21.740000	1108.2854
21.760000	1104.5911
21.780000	1101.7382
21.800000	1099.6875
21.820000	1098.3822
21.840000	1097.6060
21.860000	1096.9421
21.880000	1096.0679
21.900000	1095.1463
21.920000	1094.4707
21.940000	1094.1934
21.960000	1094.1689
21.980000	1094.8126
22.000000	1095.4064
22.020000	1095.7973
22.040000	1095.2661
22.060000	1093.8336
22.080000	1092.0665
22.100000	1090.0142
22.120000	1088.1717
22.140000	1086.8139
22.160000	1085.8962
22.180000	1085.1749
22.200000	1084.8237
22.220000	1084.6867
22.240000	1084.6619
22.260000	1085.2013
22.280000	1086.0714
22.300000	1086.8124
22.320000	1087.4488
22.340000	1087.9564
22.360000	1088.2755
22.380000	1088.2080
22.400000	1087.8399
22.420000	1087.1241
22.440000	1085.8174
22.460000	1084.0281
22.480000	1082.0963
22.500000	1080.1973
22.520000	1078.5701
22.540000	1077.3161
22.560000	1076.2545
22.580000	1075.4674
22.600000	1074.7687
22.620000	1074.1065
22.640000	1073.5426
22.660000	1073.1531
22.680000	1073.1179
22.700000	1073.5521
22.720000	1074.3675
22.740000	1075.4042
22.760000	1076.2926
22.780000	1076.7550
22.800000	1076.5650
22.820000	1075.4684
22.840000	1073.9606
22.860000	1072.3101
22.880000	1070.5668
22.900000	1069.0168
22.920000	1068.0969
22.940000	1067.4337
22.960000	1067.1556
22.980000	1067.4230
23.000000	1067.4798
23.020000	1067.8142
23.040000	1068.7342
23.060000	1069.5880
23.080000	1070.0570
23.100000	1070.1538
23.120000	1069.7817
23.140000	1069.0185
23.160000	1067.9911
23.180000	1066.6191
23.200000	1065.4038
23.220000	1064.5578
23.240000	1063.6541
23.260000	1063.1911
23.280000	1063.0770
23.300000	1062.9580
23.320000	1063.0402
23.340000	1063.1601
23.360000	1063.1206
23.380000	1062.9623
23.400000	1062.9703
23.420000	1063.3591
23.440000	1063.9850
23.460000	1065.0125
23.480000	1065.9572
23.500000	1066.1471
23.520000	1065.8630
23.540000	1065.3199
23.560000	1064.5238
23.580000	1063.4864
23.600000	1062.1079
23.620000	1060.6464
23.640000	1059.4291
23.660000	1058.5406
23.680000	1057.8724
23.700000	1057.2821
23.720000	1057.1003
23.740000	1057.0730
23.760000	1057.1076
23.780000	1057.1447
23.800000	1057.2734
23.820000	1057.2237
23.840000	1056.8447
23.860000	1056.0940
23.880000	1055.0426
23.900000	1053.9028
23.920000	1052.5860
23.940000	1050.9124
23.960000	1049.8482
23.980000	1049.3404
24.000000	1048.4243
24.020000	1047.7701
24.040000	1047.2703
24.060000	1046.8759
24.080000	1046.6692
24.100000	1046.6219
24.120000	1046.6316
24.140000	1046.7624
24.160000	1046.9186
24.180000	1046.9405
24.200000	1046.6009
24.220000	1046.0486
24.240000	1045.2174
24.260000	1044.3905
24.280000	1043.8256
24.300000	1043.1821
24.320000	1042.3584
24.340000	1041.4586
24.360000	1040.8736
24.380000	1040.3259
24.400000	1039.8488
24.420000	1039.3831
24.440000	1038.9715
24.460000	1038.9368
24.480000	1038.9087
24.500000	1038.9201
24.520000	1038.8945
24.540000	1038.4189
24.560000	1037.6193
24.580000	1036.6151
24.600000	1035.4618
24.620000	1034.3251
24.640000	1033.3185
24.660000	1032.5177
24.680000	1031.7999
24.700000	1031.0571
24.720000	1030.4097
24.740000	1029.6071
24.760000	1029.0512
24.780000	1028.7603
24.800000	1028.7837
24.820000	1028.7433
24.840000	1028.6826
24.860000	1028.7859
24.880000	1028.6027
24.900000	1028.1466
24.920000	1027.3586
24.940000	1026.7050
24.960000	1025.9813
24.980000	1025.3235
25.000000	1024.7757
25.020000	1024.1302
25.040000	1023.5829
25.060000	1023.2148
25.080000	1022.8692
25.100000	1022.5799
25.120000	1022.5117
25.140000	1022.3761
25.160000	1022.0708
25.180000	1021.6390
25.200000	1021.0082
25.220000	1020.3823
25.240000	1019.5575
25.260000	1018.7427
25.280000	1018.0452
25.300000	1017.5246
25.320000	1017.1390
25.340000	1016.7329
25.360000	1016.2874
25.380000	1015.8928
25.400000	1015.6449
25.420000	1015.2606
25.440000	1014.9734
25.460000	1014.6782
25.480000	1014.3342
25.500000	1014.1961
25.520000	1014.2788
25.540000	1014.2010
25.560000	1013.8246
25.580000	1013.4416
25.600000	1013.0206
25.620000	1012.6212
25.640000	1012.1246
25.660000	1011.7108
25.680000	1011.3588
25.700000	1011.0204
25.720000	1010.7920
25.740000	1010.3778
25.760000	1010.2565
25.780000	1010.3505
25.800000	1010.3251
25.820000	1010.1819
25.840000	1010.0978
25.860000	1009.9495
25.880000	1009.5586
25.900000	1008.6697
25.920000	1007.6789
25.940000	1007.1208
25.960000	1006.5411
25.980000	1005.8785
26.000000	1005.2989
26.020000	1004.7473
26.040000	1004.3641
26.060000	1004.0613
26.080000	1003.7224
26.100000	1003.5292
26.120000	1003.5541
26.140000	1003.4580
26.160000	1003.3453
26.180000	1003.2156
26.200000	1003.0511
26.220000	1002.8030
26.240000	1002.3385
26.260000	1001.7947
26.280000	1001.2223
26.300000	1000.6630
26.320000	1000.2291
26.340000	999.60591
26.360000	999.22930
26.380000	999.13972
26.400000	998.90961
26.420000	998.63822
26.440000	998.46092
26.460000	998.37739
26.480000	998.32304
26.500000	998.07004
26.520000	997.64520
26.540000	997.14040
26.560000	996.42000
26.580000	995.69627
26.600000	995.07689
26.620000	994.44464
26.640000	993.98568
26.660000	993.57226
26.680000	993.07559
26.700000	992.72617
26.720000	992.52403
26.740000	992.31030
26.760000	992.15775
26.780000	991.92444
26.800000	991.66241
26.820000	991.40262
26.840000	991.12224
26.860000	990.82197
26.880000	990.35953
26.900000	989.78308
26.920000	989.03737
26.940000	988.36568
26.960000	987.93985
26.980000	987.55495
27.000000	987.18268
27.020000	986.84844
27.040000	986.54930
27.060000	986.23786
27.080000	985.75167
27.100000	985.32845
27.120000	984.90621
27.140000	984.38282
27.160000	983.82488
27.180000	983.35456
27.200000	982.87034
27.220000	982.38185
27.240000	981.99491
27.260000	981.53650
27.280000	981.06256
27.300000	980.81065
27.320000	980.58921
27.340000	980.34625
27.360000	979.96827
27.380000	979.70016
27.400000	979.42160
27.420000	979.15819
27.440000	978.76701
27.460000	978.35568
27.480000	977.95128
27.500000	977.46171
27.520000	977.01925
27.540000	976.44689
27.560000	975.96375
27.580000	975.63117
27.600000	975.42301
27.620000	975.19665
27.640000	974.94562
27.660000	974.74602
27.680000	974.51555
27.700000	974.33559
27.720000	974.19461
27.740000	973.96002
27.760000	973.69820
27.780000	973.29241
27.800000	972.77612
27.820000	972.28626
27.840000	971.82255
27.860000	971.38175
27.880000	971.01038
27.900000	970.59048
27.920000	970.13908
27.940000	969.71558
27.960000	969.45873
27.980000	969.21778
28.000000	968.92441
28.020000	968.62433
28.040000	968.39684
28.060000	968.06794
28.080000	967.80552
28.100000	967.57124
28.120000	967.12838
28.140000	966.79346
28.160000	966.57093
28.180000	966.20657
28.200000	965.89601
28.220000	965.65185
28.240000	965.35800
28.260000	965.10237
28.280000	964.89476
28.300000	964.73639
28.320000	964.46396
28.340000	964.15200
28.360000	963.90824
28.380000	963.65055
28.400000	963.16349
28.420000	962.66186
28.440000	962.29639
28.460000	962.05317
28.480000	961.77256
28.500000	961.43306
28.520000	961.19206
28.540000	960.92556
28.560000	960.55204
28.580000	960.36216
28.600000	960.14108
28.620000	959.80679
28.640000	959.47656
28.660000	959.28284
28.680000	959.04507
28.700000	958.70198
28.720000	958.44677
28.740000	958.14958
28.760000	957.85120
28.780000	957.58974
28.800000	957.24020
28.820000	956.91808
28.840000	956.73082
28.860000	956.57662
28.880000	956.31689
28.900000	955.99022
28.920000	955.77089
28.940000	955.50019
28.960000	955.05143
28.980000	954.59781
29.000000	954.13771
29.020000	953.64332
29.040000	953.24517
29.060000	952.91848
29.080000	952.61306
29.100000	952.27502
29.120000	952.12209
29.140000	951.88196
29.160000	951.58430
29.180000	951.30889
29.200000	951.12098
29.220000	950.87288
29.240000	950.40729
29.260000	949.93929
29.280000	949.63421
29.300000	949.42144
29.320000	949.06064
29.340000	948.66569
29.360000	948.31038
29.380000	947.93918
29.400000	947.66947
29.420000	947.35513
29.440000	947.01925
29.460000	946.65087
29.480000	946.26956
29.500000	945.97619
29.520000	945.55341
29.540000	945.09304
29.560000	944.93659
29.580000	944.56889
29.600000	944.18556
29.620000	943.81180
29.640000	943.42210
29.660000	943.02091
29.680000	942.61533
29.700000	942.30418
29.720000	942.17047
29.740000	941.91308
29.760000	941.55542
29.780000	941.16418
29.800000	940.76976
29.820000	940.49843
29.840000	940.28943
29.860000	939.97601
29.880000	939.61910
29.900000	939.38099
29.920000	939.06845
29.940000	938.64551
29.960000	938.30445
29.980000	937.99134
30.000000	937.69118
30.020000	937.41664
30.040000	937.10238
30.060000	936.76374
30.080000	936.35481
30.100000	936.02223
30.120000	935.68044
30.140000	935.37280
30.160000	935.13389
30.180000	934.89474
30.200000	934.64157
30.220000	934.32321
30.240000	933.93239
30.260000	933.73586
30.280000	933.55125
30.300000	933.25112
30.320000	933.09109
30.340000	932.78111
30.360000	932.42570
30.380000	932.15916
30.400000	931.90602
30.420000	931.61943
30.440000	931.24605
30.460000	930.87061
30.480000	930.56971
30.500000	930.20166
30.520000	929.90063
30.540000	929.68046
30.560000	929.28278
30.580000	929.02956
30.600000	928.73788
30.620000	928.45481
30.640000	928.19238
30.660000	927.85050
30.680000	927.59828
30.700000	927.37170
30.720000	927.06893
30.740000	926.66554
30.760000	926.24503
30.780000	925.95702
30.800000	925.91119
30.820000	925.70895
30.840000	925.29609
30.860000	924.95494
30.880000	924.68623
30.900000	924.49490
30.920000	924.27031
30.940000	923.89878
30.960000	923.44884
30.980000	923.21372
31.000000	923.05280
31.020000	922.78965
31.040000	922.53422
31.060000	922.28353
31.080000	922.00435
31.100000	921.74237
31.120000	921.54495
31.140000	921.31841
31.160000	920.99326
31.180000	920.68808
31.200000	920.41807
31.220000	920.13734
31.240000	919.90128
31.260000	919.63361
31.280000	919.30349
31.300000	918.89559
31.320000	918.58990
31.340000	918.35475
31.360000	918.11233
31.380000	917.84665
31.400000	917.58590
31.420000	917.35698
31.440000	916.97886
31.460000	916.68917
31.480000	916.52818
31.500000	916.19330
31.520000	915.83528
31.540000	915.70828
31.560000	915.51269
31.580000	915.20853
31.600000	914.98259
31.620000	914.60814
31.640000	914.26947
31.660000	914.06966
31.680000	913.76493
31.700000	913.56957
31.720000	913.33071
31.740000	912.92984
31.760000	912.62341
31.780000	912.37708
31.800000	912.04981
31.820000	911.73715
31.840000	911.62422
31.860000	911.48043
31.880000	911.15458
31.900000	910.82564
31.920000	910.50640
31.940000	910.12154
31.960000	909.82346
31.980000	909.60532
32.000000	909.29145
32.020000	909.05170
32.040000	908.91227
32.060000	908.61418
32.080000	908.28158
32.100000	908.04176
32.120000	907.84008
32.140000	907.54582
32.160000	907.28471
32.180000	907.10979
32.200000	906.82369
32.220000	906.47385
32.240000	906.12605
32.260000	905.92080
32.280000	905.71620
32.300000	905.42928
32.320000	905.09745
32.340000	904.85664
32.360000	904.46398
32.380000	904.16970
32.400000	903.99963
32.420000	903.66499
32.440000	903.40644
32.460000	903.25296
32.480000	902.94818
32.500000	902.54256
32.520000	902.28647
32.540000	901.95035
32.560000	901.66223
32.580000	901.44676
32.600000	901.31834
32.620000	901.10164
32.640000	900.72220
32.660000	900.45304
32.680000	900.10927
32.700000	899.80907
32.720000	899.59842
32.740000	899.37312
32.760000	899.15597
32.780000	898.88322
32.800000	898.59318
32.820000	898.41333
32.840000	898.09686
32.860000	897.75879
32.880000	897.39960
32.900000	896.99163
32.920000	896.72964
32.940000	896.53508
32.960000	896.36506
32.980000	896.06059
33.000000	895.80094
33.020000	895.57782
33.040000	895.42354
33.060000	895.34354
33.080000	894.97058
33.100000	894.52728
33.120000	894.28327
33.140000	894.04620
33.160000	893.76996
33.180000	893.54449
33.200000	893.26526
33.220000	893.08797
33.240000	892.91454
33.260000	892.72016
33.280000	892.57747
33.300000	892.44123
33.320000	892.21515
33.340000	891.99282
33.360000	891.64109
33.380000	891.21173
33.400000	890.81546
33.420000	890.43748
33.440000	890.16442
33.460000	889.98426
33.480000	889.77160
33.500000	889.65287
33.520000	889.51018
33.540000	889.14523
33.560000	888.77680
33.580000	888.59113
33.600000	888.47540
33.620000	888.24128
33.640000	887.92295
33.660000	887.67516
33.680000	887.48707
33.700000	887.29993
33.720000	887.07814
33.740000	886.83558
33.760000	886.50599
33.780000	886.22370
33.800000	886.04708
33.820000	885.80911
33.840000	885.53174
33.860000	885.28828
33.880000	885.04523
33.900000	884.82097
33.920000	884.59576
33.940000	884.29909
33.960000	883.98909
33.980000	883.83956
34.000000	883.72131
34.020000	883.42183
34.040000	883.11423
34.060000	882.93961
34.080000	882.70666
34.100000	882.50281
34.120000	882.26891
34.140000	881.98301
34.160000	881.70016
34.180000	881.41273
34.200000	881.14331
34.220000	880.94008
34.240000	880.69375
34.260000	880.43182
34.280000	880.13390
34.300000	879.87462
34.320000	879.72242
34.340000	879.56253
34.360000	879.25098
34.380000	878.91944
34.400000	878.66030
34.420000	878.49219
34.440000	878.38122
34.460000	878.10524
34.480000	877.78674
34.500000	877.53868
34.520000	877.42284
34.540000	877.35027
34.560000	877.00270
34.580000	876.62058
34.600000	876.53325
34.620000	876.35759
34.640000	876.15626
34.660000	875.94450
34.680000	875.69011
34.700000	875.33166
34.720000	874.88503
34.740000	874.62091
34.760000	874.51344
34.780000	874.19386
34.800000	873.94093
34.820000	873.62632
34.840000	873.37162
34.860000	873.24974
34.880000	873.14213
34.900000	872.99565
34.920000	872.65673
34.940000	872.32773
34.960000	872.12444
34.980000	871.87327
35.000000	871.77707
35.020000	871.55629
35.040000	871.29408
35.060000	871.08402
35.080000	870.82961
35.100000	870.63130
35.120000	870.45614
35.140000	870.07617
35.160000	869.91567
35.180000	869.80062
35.200000	869.53284
35.220000	869.19174
35.240000	868.95631
35.260000	868.61297
35.280000	868.36290
35.300000	868.14589
35.320000	867.84465
35.340000	867.66031
35.360000	867.59805
35.380000	867.47446
35.400000	867.20395
35.420000	866.79169
35.440000	866.47112
35.460000	866.35531
35.480000	866.17247
35.500000	865.90636
35.520000	865.73284
35.540000	865.53983
35.560000	865.28465
35.580000	865.06786
35.600000	864.94377
35.620000	864.70464
35.640000	864.42839
35.660000	864.15546
35.680000	863.97806
35.700000	863.72845
35.720000	863.41371
35.740000	863.22673
35.760000	863.02724
35.780000	862.70503
35.800000	862.43414
35.820000	862.20291
35.840000	862.01177
35.860000	861.84342
35.880000	861.63032
35.900000	861.43509
35.920000	861.23853
35.940000	860.99960
35.960000	860.81069
35.980000	860.53706
36.000000	860.25769
36.020000	860.08268
36.040000	859.98409
36.060000	859.75001
36.080000	859.48099
36.100000	859.29729
36.120000	859.03632
36.140000	858.65221
36.160000	858.55442
36.180000	858.38285
36.200000	858.21317
36.220000	858.05997
36.240000	857.84890
36.260000	857.57745
36.280000	857.33382
36.300000	857.17340
36.320000	857.01942
36.340000	856.69687
36.360000	856.43640
36.380000	856.32123
36.400000	856.07410
36.420000	855.82752
36.440000	855.62535
36.460000	855.51363
36.480000	855.28830
36.500000	854.97529
36.520000	854.71944
36.540000	854.68249
36.560000	854.64825
36.580000	854.38699
36.600000	853.93762
36.620000	853.72361
36.640000	853.58792
36.660000	853.44682
36.680000	853.30496
36.700000	853.03051
36.720000	852.66783
36.740000	852.41452
36.760000	852.31576
36.780000	852.16521
36.800000	851.86401
36.820000	851.76189
36.840000	851.61999
36.860000	851.41419
36.880000	851.08580
36.900000	850.88216
36.920000	850.62490
36.940000	850.34456
36.960000	850.10909
36.980000	849.81807
37.000000	849.63111
37.020000	849.61598
37.040000	849.29763
37.060000	848.85832
37.080000	848.63780
37.100000	848.64866
37.120000	848.46121
37.140000	848.14453
37.160000	847.95324
37.180000	847.68972
37.200000	847.62164
37.220000	847.42785
37.240000	847.18349
37.260000	847.01586
37.280000	846.74490
37.300000	846.42804
37.320000	846.17611
37.340000	845.95211
37.360000	845.86091
37.380000	845.60532
37.400000	845.42544
37.420000	845.29307
37.440000	844.98781
37.460000	844.66675
37.480000	844.44279
37.500000	844.22384
37.520000	844.15630
37.540000	844.05612
37.560000	843.82537
37.580000	843.52418
37.600000	843.26012
37.620000	843.07661
37.640000	842.92989
37.660000	842.78019
37.680000	842.54124
37.700000	842.36728
37.720000	842.24523
37.740000	842.10330
37.760000	841.89796
37.780000	841.53882
37.800000	841.14978
37.820000	840.83885
37.840000	840.60316
37.860000	840.59448
37.880000	840.54866
37.900000	840.30869
37.920000	839.96361
37.940000	839.77686
37.960000	839.64027
37.980000	839.42650
38.000000	839.24358
38.020000	839.16764
38.040000	838.99438
38.060000	838.75307
38.080000	838.45206
38.100000	838.11806
38.120000	837.82757
38.140000	837.64185
38.160000	837.47224
38.180000	837.37843
38.200000	837.14967
38.220000	836.91041
38.240000	836.80802
38.260000	836.51895
38.280000	836.24685
38.300000	836.20081
38.320000	836.00667
38.340000	835.86956
38.360000	835.69537
38.380000	835.42785
38.400000	835.17143
38.420000	834.85260
38.440000	834.53731
38.460000	834.37306
38.480000	834.39488
38.500000	834.21711
38.520000	833.84105
38.540000	833.68631
38.560000	833.53355
38.580000	833.30513
38.600000	833.05878
38.620000	832.92121
38.640000	832.78471
38.660000	832.55866
38.680000	832.22628
38.700000	831.97107
38.720000	831.79921
38.740000	831.61503
38.760000	831.48488
38.780000	831.27371
38.800000	830.98199
38.820000	830.68348
38.840000	830.56958
38.860000	830.46046
38.880000	830.22052
38.900000	829.96443
38.920000	829.67668
38.940000	829.43596
38.960000	829.39991
38.980000	829.36524
39.000000	829.05953
39.020000	828.95476
39.040000	828.71140
39.060000	828.29188
39.080000	828.05785
39.100000	827.98677
39.120000	827.89109
39.140000	827.64308
39.160000	827.42925
39.180000	827.32272
39.200000	827.21163
39.220000	827.02960
39.240000	826.62072
39.260000	826.34070
39.280000	826.24849
39.300000	826.07425
39.320000	825.91702
39.340000	825.66286
39.360000	825.39232
39.380000	825.14833
39.400000	825.02074
39.420000	824.90211
39.440000	824.64884
39.460000	824.46504
39.480000	824.41514
39.500000	824.15727
39.520000	824.09021
39.540000	824.02973
39.560000	823.69631
39.580000	823.39362
39.600000	823.07961
39.620000	822.96810
39.640000	822.87267
39.660000	822.65005
39.680000	822.42798
39.700000	822.26837
39.720000	822.13775
39.740000	821.88347
39.760000	821.81059
39.780000	821.74531
39.800000	821.44251
39.820000	821.12758
39.840000	820.80309
39.860000	820.69133
39.880000	820.56082
39.900000	820.36353
39.920000	820.02175
39.940000	819.87951
39.960000	819.80771
39.980000	819.50390
40.000000	819.35879
40.020000	819.06159
40.040000	818.89795
40.060000	818.88221
40.080000	818.63243
40.100000	818.42502
40.120000	818.18963
40.140000	818.05820
40.160000	817.90644
40.180000	817.71739
40.200000	817.52052
40.220000	817.22691
40.240000	817.05110
40.260000	816.70976
40.280000	816.64105
40.300000	816.49139
40.320000	816.35942
40.340000	816.22305
40.360000	815.92859
40.380000	815.78158
40.400000	815.55753
40.420000	815.39612
40.440000	815.32697
40.460000	815.12148
40.480000	814.83940
40.500000	814.69011
40.520000	814.50174
40.540000	814.29757
40.560000	814.10390
40.580000	814.04252
40.600000	813.91294
40.620000	813.70644
40.640000	813.49085
40.660000	813.42429
40.680000	813.15582
40.700000	812.94573
40.720000	812.74154
40.740000	812.66949
40.760000	812.48433
40.780000	812.19256
40.800000	811.93975
40.820000	811.77542
40.840000	811.69102
40.860000	811.53378
40.880000	811.41313
40.900000	811.26893
40.920000	810.87887
40.940000	810.68565
40.960000	810.57657
40.980000	810.42900
41.000000	810.27566
41.020000	810.18756
41.040000	810.00964
41.060000	809.79832
41.080000	809.48756
41.100000	809.34543
41.120000	809.22191
41.140000	808.75937
41.160000	808.52620
41.180000	808.47301
41.200000	808.38579
41.220000	808.21882
41.240000	808.15338
41.260000	807.93372
41.280000	807.72220
41.300000	807.48405
41.320000	807.35795
41.340000	807.14145
41.360000	807.06143
41.380000	806.76758
41.400000	806.60077
41.420000	806.49914
41.440000	806.26471
41.460000	806.02777
41.480000	805.89489
41.500000	805.67695
41.520000	805.54951
41.540000	805.37028
41.560000	805.33078
41.580000	805.30079
41.600000	805.10076
41.620000	804.80350
41.640000	804.39717
41.660000	804.07806
41.680000	804.05201
41.700000	803.90446
41.720000	803.89411
41.740000	803.82445
41.760000	803.54468
41.780000	803.30072
41.800000	803.08798
41.820000	802.81468
41.840000	802.71218
41.860000	802.64149
41.880000	802.58606
41.900000	802.44376
41.920000	802.20858
41.940000	801.83752
41.960000	801.62001
41.980000	801.55851
42.000000	801.31211
42.020000	801.02447
42.040000	800.84241
42.060000	800.68181
42.080000	800.59436
42.100000	800.55219
42.120000	800.45162
42.140000	800.19579
42.160000	799.87578
42.180000	799.76481
42.200000	799.61836
42.220000	799.35969
42.240000	799.20592
42.260000	799.16201
42.280000	799.13796
42.300000	799.02886
42.320000	798.77476
42.340000	798.58324
42.360000	798.34653
42.380000	798.09519
42.400000	797.92960
42.420000	797.80340
42.440000	797.77065
42.460000	797.69263
42.480000	797.34677
42.500000	797.13244
42.520000	796.87022
42.540000	796.68109
42.560000	796.66754
42.580000	796.55386
42.600000	796.31735
42.620000	796.20105
42.640000	795.95137
42.660000	795.84135
42.680000	795.70481
42.700000	795.59549
42.720000	795.38786
42.740000	795.17071
42.760000	794.92803
42.780000	794.84160
42.800000	794.69985
42.820000	794.63398
42.840000	794.50234
42.860000	794.33599
42.880000	794.23234
42.900000	793.98734
42.920000	793.78176
42.940000	793.54068
42.960000	793.42397
42.980000	793.29032
43.000000	793.13089
43.020000	792.75210
43.040000	792.65643
43.060000	792.60757
43.080000	792.43925
43.100000	792.35512
43.120000	792.02262
43.140000	791.96892
43.160000	791.61182
43.180000	791.54707
43.200000	791.51817
43.220000	791.33422
43.240000	791.19801
43.260000	791.15815
43.280000	791.15679
43.300000	790.91898
43.320000	790.58371
43.340000	790.40440
43.360000	790.24512
43.380000	790.01189
43.400000	789.89975
43.420000	789.75170
43.440000	789.74478
43.460000	789.45559
43.480000	789.28769
43.500000	789.12768
43.520000	789.08140
43.540000	788.96943
43.560000	788.85501
43.580000	788.73088
43.600000	788.51227
43.620000	788.28721
43.640000	787.91761
43.660000	787.84274
43.680000	787.73930
43.700000	787.49430
43.720000	787.31630
43.740000	787.10004
43.760000	786.96676
43.780000	786.71566
43.800000	786.69107
43.820000	786.71025
43.840000	786.46162
43.860000	786.33701
43.880000	785.98249
43.900000	785.79595
43.920000	785.84402
43.940000	785.64670
43.960000	785.46688
43.980000	785.29095
44.000000	785.21777
44.020000	784.94328
44.040000	784.81720
44.060000	784.69726
44.080000	784.47011
44.100000	784.34622
44.120000	784.34499
44.140000	784.00482
44.160000	783.80437
44.180000	783.67980
44.200000	783.31364
44.220000	783.18759
44.240000	783.28730
44.260000	783.13373
44.280000	782.88247
44.300000	782.76159
44.320000	782.60823
44.340000	782.35027
44.360000	782.23314
44.380000	782.09239
44.400000	781.92251
44.420000	781.84862
44.440000	781.64493
44.460000	781.49056
44.480000	781.30479
44.500000	781.20048
44.520000	781.03283
44.540000	780.95563
44.560000	780.84780
44.580000	780.67476
44.600000	780.44705
44.620000	780.16382
44.640000	780.01130
44.660000	780.03868
44.680000	779.92402
44.700000	779.73893
44.720000	779.51950
44.740000	779.16562
44.760000	778.91999
44.780000	778.88497
44.800000	778.92421
44.820000	778.76794
44.840000	778.45817
44.860000	778.05893
44.880000	777.93958
44.900000	777.69489
44.920000	777.59870
44.940000	777.54068
44.960000	777.33124
44.980000	777.19775
45.000000	777.01645
45.020000	776.94859
45.040000	776.85159
45.060000	776.74905
45.080000	776.49528
45.100000	776.50394
45.120000	776.27097
45.140000	776.19703
45.160000	776.12652
45.180000	775.95367
45.200000	775.84185
45.220000	775.64311
45.240000	775.29623
45.260000	775.20579
45.280000	775.19884
45.300000	774.92572
45.320000	774.70478
45.340000	774.64141
45.360000	774.38205
45.380000	774.38189
45.400000	774.14386
45.420000	773.97702
45.440000	773.97982
45.460000	774.06153
45.480000	773.94081
45.500000	773.68768
45.520000	773.44563
45.540000	773.16520
45.560000	773.07385
45.580000	773.00102
45.600000	772.79340
45.620000	772.53501
45.640000	772.29257
45.660000	772.00143
45.680000	771.96325
45.700000	772.02902
45.720000	771.87782
45.740000	771.73310
45.760000	771.65993
45.780000	771.67750
45.800000	771.55456
45.820000	771.40935
45.840000	771.06681
45.860000	770.78410
45.880000	770.62612
45.900000	770.48208
45.920000	770.28071
45.940000	770.09044
45.960000	769.93675
45.980000	769.86355
46.000000	769.89117
46.020000	769.64595
46.040000	769.33034
46.060000	769.28138
46.080000	769.14810
46.100000	769.17960
46.120000	769.03459
46.140000	768.88634
46.160000	768.67697
46.180000	768.51600
46.200000	768.31329
46.220000	767.99789
46.240000	767.91151
46.260000	767.86791
46.280000	767.90755
46.300000	767.65860
46.320000	767.44236
46.340000	767.30855
46.360000	767.06916
46.380000	767.00954
46.400000	766.94102
46.420000	766.76412
46.440000	766.68253
46.460000	766.57661
46.480000	766.18694
46.500000	765.91072
46.520000	765.82889
46.540000	765.64171
46.560000	765.72069
46.580000	765.43899
46.600000	765.28068
46.620000	765.25846
46.640000	764.98919
46.660000	764.73405
46.680000	764.67266
46.700000	764.39313
46.720000	764.41788
46.740000	764.40713
46.760000	764.39579
46.780000	764.17765
46.800000	764.01854
46.820000	763.77909
46.840000	763.58877
46.860000	763.31554
46.880000	763.14493
46.900000	763.12904
46.920000	763.10357
46.940000	762.81215
46.960000	762.67476
46.980000	762.42938
47.000000	762.36309
47.020000	762.17364
47.040000	762.06660
47.060000	761.96195
47.080000	761.65611
47.100000	761.65344
47.120000	761.47062
47.140000	761.14246
47.160000	761.13931
47.180000	760.87108
47.200000	760.82482
47.220000	760.78292
47.240000	760.46695
47.260000	760.38340
47.280000	760.51921
47.300000	760.27835
47.320000	760.09963
47.340000	759.81653
47.360000	759.76370
47.380000	759.53494
47.400000	759.29556
47.420000	759.31699
47.440000	759.22856
47.460000	759.14448
47.480000	758.90300
47.500000	758.72075
47.520000	758.73432
47.540000	758.69825
47.560000	758.66186
47.580000	758.60240
47.600000	758.22084
47.620000	758.20872
47.640000	758.20368
47.660000	757.76804
47.680000	757.57258
47.700000	757.41683
47.720000	757.46642
47.740000	757.33299
47.760000	757.27189
47.780000	756.97347
47.800000	756.72988
47.820000	756.61027
47.840000	756.26459
47.860000	756.28876
47.880000	756.27791
47.900000	756.09549
47.920000	755.97682
47.940000	755.92051
47.960000	755.75632
47.980000	755.66337
48.000000	755.50821
48.020000	755.30009
48.040000	755.11228
48.060000	754.96528
48.080000	754.82006
48.100000	754.89618
48.120000	754.76265
48.140000	754.54399
48.160000	754.25308
48.180000	754.26710
48.200000	754.31023
48.220000	754.08183
48.240000	753.81367
48.260000	753.45376
48.280000	753.47368
48.300000	753.44016
48.320000	753.37147
48.340000	753.31093
48.360000	752.99587
48.380000	752.85134
48.400000	752.54455
48.420000	752.51014
48.440000	752.23313
48.460000	752.15898
48.480000	752.25320
48.500000	751.98985
48.520000	752.03536
48.540000	751.76233
48.560000	751.59047
48.580000	751.39649
48.600000	751.34424
48.620000	751.31291
48.640000	751.06613
48.660000	751.03992
48.680000	750.83511
48.700000	750.60674
48.720000	750.50028
48.740000	750.54756
48.760000	750.17382
48.780000	750.20618
48.800000	749.92968
48.820000	749.60581
48.840000	749.60279
48.860000	749.57868
48.880000	749.21107
48.900000	748.88740
48.920000	749.24170
48.940000	749.01072
48.960000	748.78952
48.980000	748.60585
49.000000	748.35875
49.020000	748.31438
49.040000	748.23111
49.060000	748.00266
49.080000	747.88896
49.100000	747.75228
49.120000	747.80920
49.140000	747.86808
49.160000	747.41263
49.180000	747.29196
49.200000	747.28314
49.220000	747.06275
49.240000	746.92228
49.260000	746.80555
49.280000	746.56737
49.300000	746.35290
49.320000	746.16417
49.340000	746.06611
49.360000	745.85349
49.380000	745.88276
49.400000	745.83009
49.420000	745.69500
49.440000	745.61062
49.460000	745.47071
49.480000	745.21693
49.500000	744.80419
49.520000	744.77663
49.540000	744.82491
49.560000	744.66811
49.580000	744.48085
49.600000	744.28328
49.620000	744.17743
49.640000	743.91006
49.660000	743.95342
49.680000	743.76654
49.700000	743.47284
49.720000	743.51293
49.740000	743.39364
49.760000	743.26563
49.780000	743.17351
49.800000	742.83982
49.820000	742.83304
49.840000	742.53966
49.860000	742.41424
49.880000	742.36453
49.900000	742.26466
49.920000	742.21198
49.940000	741.96302
49.960000	741.90107
49.980000	741.69970
50.000000	741.48567
50.020000	741.26604
50.040000	741.35426
50.060000	741.25926
50.080000	740.97315
50.100000	740.75691
50.120000	740.66937
50.140000	740.58470
50.160000	740.35554
50.180000	740.16020
50.200000	740.09778
50.220000	740.11832
50.240000	740.02247
50.260000	739.96106
50.280000	739.77984
50.300000	739.69498
50.320000	739.37176
50.340000	739.08553
50.360000	738.99782
50.380000	738.89885
50.400000	738.71092
50.420000	738.76772
50.440000	738.73225
50.460000	738.49575
50.480000	738.32805
50.500000	738.22440
50.520000	737.86474
50.540000	737.91825
50.560000	737.93792
50.580000	737.61790
50.600000	737.35883
50.620000	737.30434
50.640000	737.28977
50.660000	736.83581
50.680000	736.91382
50.700000	736.89042
50.720000	736.90449
50.740000	736.72936
50.760000	736.43497
50.780000	736.27497
50.800000	736.03933
50.820000	736.03765
50.840000	735.89834
50.860000	735.73611
50.880000	735.87922
50.900000	735.55867
50.920000	735.48549
50.940000	735.28388
50.960000	735.14434
50.980000	735.12448
51.000000	735.02421
51.020000	734.77451
51.040000	734.68264
51.060000	734.45614
51.080000	734.37246
51.100000	734.19713
51.120000	734.20967
51.140000	734.25913
51.160000	734.11177
51.180000	733.82675
51.200000	733.74851
51.220000	733.65845
51.240000	733.60875
51.260000	733.60186
51.280000	733.09765
51.300000	733.24234
51.320000	733.04258
51.340000	733.10060
51.360000	733.13470
51.380000	732.91545
51.400000	732.62546
51.420000	732.54009
51.440000	732.65466
51.460000	732.15024
51.480000	731.92434
51.500000	731.86146
51.520000	731.91464
51.540000	731.69600
51.560000	731.55960
51.580000	731.24923
51.600000	731.41331
51.620000	731.15779
51.640000	731.05403
51.660000	731.01636
51.680000	730.80608
51.700000	730.78759
51.720000	730.64883
51.740000	730.58583
51.760000	730.41141
51.780000	730.27974
51.800000	730.26024
51.820000	729.94940
51.840000	729.88083
51.860000	729.77341
51.880000	729.62171
51.900000	729.41319
51.920000	729.28346
51.940000	729.29507
51.960000	729.14087
51.980000	728.98031
52.000000	728.91489
52.020000	728.33506
52.040000	728.46932
52.060000	728.62132
52.080000	728.45772
52.100000	728.20901
52.120000	728.03453
52.140000	728.15547
52.160000	727.80311
52.180000	727.81174
52.200000	727.66981
52.220000	727.55034
52.240000	727.50803
52.260000	727.39891
52.280000	727.28217
52.300000	727.01624
52.320000	726.87385
52.340000	726.85403
52.360000	726.62498
52.380000	726.37041
52.400000	726.23237
52.420000	726.28873
52.440000	726.22715
52.460000	726.10631
52.480000	726.10136
52.500000	725.88269
52.520000	725.91337
52.540000	725.58897
52.560000	725.29253
52.580000	725.41888
52.600000	725.34453
52.620000	725.00899
52.640000	724.72160
52.660000	724.84965
52.680000	724.93439
52.700000	724.64286
52.720000	724.34423
52.740000	724.36955
52.760000	724.33373
52.780000	723.98665
52.800000	723.79006
52.820000	723.68910
52.840000	723.70090
52.860000	723.79379
52.880000	723.48297
52.900000	723.26377
52.920000	723.05729
52.940000	723.04931
52.960000	722.84061
52.980000	722.73145
53.000000	722.39486
53.020000	722.21733
53.040000	722.38057
53.060000	722.31344
53.080000	722.11233
53.100000	721.89353
53.120000	721.76726
53.140000	721.61861
53.160000	721.44977
53.180000	721.54341
53.200000	721.42384
53.220000	721.17847
53.240000	721.11204
53.260000	720.93698
53.280000	720.67757
53.300000	720.58278
53.320000	720.49779
53.340000	720.53401
53.360000	720.16681
53.380000	720.26218
53.400000	720.06567
53.420000	719.73350
53.440000	719.68196
53.460000	719.48354
53.480000	719.48081
53.500000	719.36831
53.520000	719.21503
53.540000	718.96925
53.560000	718.89553
53.580000	718.80363
53.600000	718.73620
53.620000	718.67263
53.640000	718.59118
53.660000	718.42942
53.680000	718.36922
53.700000	718.04935
53.720000	717.80420
53.740000	717.56501
53.760000	717.73304
53.780000	717.47210
53.800000	717.43568
53.820000	717.54886
53.840000	717.28029
53.860000	717.00725
53.880000	716.74358
53.900000	716.71247
53.920000	716.57725
53.940000	716.45550
53.960000	716.41863
53.980000	716.41437
54.000000	716.24373
54.020000	716.18677
54.040000	716.15064
54.060000	715.76159
54.080000	715.72389
54.100000	715.54223
54.120000	715.49128
54.140000	715.36317
54.160000	715.25865
54.180000	715.06437
54.200000	714.77854
54.220000	714.92287
54.240000	714.71719
54.260000	714.48526
54.280000	714.67584
54.300000	714.56832
54.320000	714.45555
54.340000	714.15828
54.360000	713.74847
54.380000	713.76162
54.400000	713.58069
54.420000	713.79993
54.440000	713.47570
54.460000	713.31747
54.480000	713.16753
54.500000	713.15271
54.520000	712.97093
54.540000	712.95699
54.560000	712.73044
54.580000	712.60609
54.600000	712.64549
54.620000	712.60740
54.640000	712.32550
54.660000	712.37558
54.680000	712.07973
54.700000	711.96375
54.720000	711.62436
54.740000	711.66236
54.760000	711.39920
54.780000	711.49557
54.800000	711.37328
54.820000	711.44987
54.840000	711.22393
54.860000	710.90011
54.880000	710.86917
54.900000	710.74122
54.920000	710.84780
54.940000	710.66257
54.960000	710.39718
54.980000	710.41311
55.000000	710.17678
55.020000	710.11250
55.040000	709.83374
55.060000	709.83132
55.080000	709.54178
55.100000	709.71078
55.120000	709.31637
55.140000	709.19744
55.160000	709.14463
55.180000	709.10318
55.200000	709.24634
55.220000	708.93554
55.240000	708.84255
55.260000	708.67269
55.280000	708.43137
55.300000	708.45571
55.320000	708.22488
55.340000	708.23427
55.360000	707.98647
55.380000	707.81533
55.400000	707.76083
55.420000	707.56442
55.440000	707.65515
55.460000	707.64728
55.480000	707.53925
55.500000	707.32277
55.520000	707.21225
55.540000	706.86442
55.560000	706.94222
55.580000	706.87355
55.600000	706.81734
55.620000	706.49423
55.640000	706.37786
55.660000	706.44731
55.680000	706.08871
55.700000	706.15574
55.720000	706.10904
55.740000	705.92916
55.760000	705.74860
55.780000	705.89433
55.800000	705.69100
55.820000	705.50211
55.840000	705.45861
55.860000	705.32951
55.880000	705.05483
55.900000	704.80592
55.920000	704.75063
55.940000	704.78519
55.960000	704.73135
55.980000	704.40776
56.000000	704.21278
56.020000	704.07447
56.040000	704.07134
56.060000	704.27640
56.080000	703.80882
56.100000	703.77219
56.120000	703.74927
56.140000	703.68868
56.160000	703.44393
56.180000	703.15625
56.200000	703.18733
56.220000	703.02036
56.240000	702.87102
56.260000	702.68470
56.280000	702.43615
56.300000	702.55303
56.320000	702.57945
56.340000	702.38649
56.360000	701.96872
56.380000	702.10108
56.400000	702.11854
56.420000	701.99498
56.440000	701.76642
56.460000	701.59920
56.480000	701.46327
56.500000	701.27707
56.520000	701.33078
56.540000	701.13593
56.560000	700.87342
56.580000	701.10217
56.600000	700.67825
56.620000	700.47834
56.640000	700.37425
56.660000	700.41618
56.680000	700.18441
56.700000	700.25138
56.720000	700.07937
56.740000	700.16416
56.760000	700.07527
56.780000	699.73246
56.800000	700.03349
56.820000	699.65612
56.840000	699.50301
56.860000	699.28799
56.880000	699.09899
56.900000	699.14551
56.920000	699.08877
56.940000	698.91071
56.960000	698.43569
56.980000	698.38265
57.000000	698.47898
57.020000	698.34248
57.040000	698.09274
57.060000	698.13705
57.080000	697.92267
57.100000	697.61636
57.120000	697.60308
57.140000	697.34205
57.160000	697.43484
57.180000	697.20281
57.200000	697.19384
57.220000	697.16434
57.240000	697.07569
57.260000	697.13384
57.280000	696.93086
57.300000	696.55445
57.320000	696.12113
57.340000	696.33638
57.360000	696.21747
57.380000	696.04312
57.400000	695.98720
57.420000	695.90621
57.440000	695.80510
57.460000	695.52345
57.480000	695.78512
57.500000	695.37164
57.520000	695.21739
57.540000	695.46262
57.560000	694.87013
57.580000	695.03515
57.600000	694.70192
57.620000	694.73226
57.640000	694.49086
57.660000	694.41965
57.680000	694.27561
57.700000	694.40133
57.720000	694.18795
57.740000	693.97701
57.760000	693.91399
57.780000	693.62518
57.800000	693.43711
57.820000	693.39369
57.840000	693.11065
57.860000	693.46062
57.880000	693.47588
57.900000	693.31876
57.920000	693.10851
57.940000	693.10489
57.960000	692.96847
57.980000	692.69524
58.000000	692.75438
58.020000	692.29666
58.040000	692.13189
58.060000	692.05429
58.080000	692.10933
58.100000	692.14094
58.120000	692.04405
58.140000	691.82713
58.160000	691.76743
58.180000	691.71473
58.200000	691.58012
58.220000	691.28026
58.240000	691.28392
58.260000	690.93502
58.280000	690.83881
58.300000	690.84296
58.320000	690.73800
58.340000	690.66485
58.360000	690.66734
58.380000	690.11563
58.400000	690.43487
58.420000	689.91008
58.440000	689.75809
58.460000	689.75441
58.480000	689.84060
58.500000	689.68544
58.520000	689.29162
58.540000	689.44592
58.560000	689.30861
58.580000	689.02863
58.600000	689.08603
58.620000	689.07110
58.640000	688.99655
58.660000	688.84737
58.680000	688.84640
58.700000	688.88368
58.720000	688.71536
58.740000	688.39514
58.760000	688.24452
58.780000	688.00723
58.800000	687.90453
58.820000	687.96950
58.840000	688.03061
58.860000	687.79178
58.880000	687.27198
58.900000	687.17516
58.920000	686.52324
58.940000	686.65991
58.960000	686.52688
58.980000	686.82215
59.000000	686.61455
59.020000	686.33522
59.040000	686.47417
59.060000	686.26738
59.080000	686.24243
59.100000	686.18269
59.120000	685.91811
59.140000	685.64071
59.160000	685.41912
59.180000	685.81205
59.200000	685.61746
59.220000	685.66386
59.240000	685.26150
59.260000	685.13634
59.280000	684.58865
59.300000	685.00475
59.320000	684.96181
59.340000	684.85659
59.360000	684.64113
59.380000	684.70940
59.400000	684.45217
59.420000	684.25939
59.440000	683.83377
59.460000	684.19745
59.480000	684.45326
59.500000	684.05278
59.520000	684.17354
59.540000	684.14498
59.560000	684.14426
59.580000	684.05557
59.600000	683.84612
59.620000	683.52218
59.640000	683.28824
59.660000	682.52526
59.680000	683.06652
59.700000	682.88780
59.720000	682.88995
59.740000	682.47262
59.760000	682.48158
59.780000	682.61325
59.800000	681.91068
59.820000	681.92283
59.840000	682.18533
59.860000	681.71606
59.880000	681.71974
59.900000	681.67913
59.920000	681.11780
59.940000	681.25194
59.960000	680.89086
59.980000	681.39129
60.000000	681.76283
