; material = LLZO                                                       
        10       120
Li      Li      
  5.000000E-02  0.000000E+00
  1.500000E-01  0.000000E+00
  2.500000E-01  0.000000E+00
  3.500000E-01  0.000000E+00
  4.500000E-01  0.000000E+00
  5.500000E-01  0.000000E+00
  6.500000E-01  0.000000E+00
  7.500000E-01  0.000000E+00
  8.500000E-01  0.000000E+00
  9.500000E-01  0.000000E+00
  1.050000E+00  0.000000E+00
  1.150000E+00  0.000000E+00
  1.250000E+00  0.000000E+00
  1.350000E+00  0.000000E+00
  1.450000E+00  0.000000E+00
  1.550000E+00  0.000000E+00
  1.650000E+00  0.000000E+00
  1.750000E+00  9.680738E-06
  1.850000E+00  1.295556E-03
  1.950000E+00  5.263885E-02
  2.050000E+00  5.357431E-01
  2.150000E+00  1.995437E+00
  2.250000E+00  3.443614E+00
  2.350000E+00  3.342836E+00
  2.450000E+00  2.113761E+00
  2.550000E+00  1.032588E+00
  2.650000E+00  5.202729E-01
  2.750000E+00  4.049091E-01
  2.850000E+00  4.795730E-01
  2.950000E+00  5.457894E-01
  3.050000E+00  5.282183E-01
  3.150000E+00  4.762408E-01
  3.250000E+00  4.606068E-01
  3.350000E+00  5.052036E-01
  3.450000E+00  5.707348E-01
  3.550000E+00  6.260113E-01
  3.650000E+00  6.454573E-01
  3.750000E+00  6.194983E-01
  3.850000E+00  5.691291E-01
  3.950000E+00  5.205111E-01
  4.050000E+00  4.550603E-01
  4.150000E+00  3.936793E-01
  4.250000E+00  4.183347E-01
  4.350000E+00  6.213067E-01
  4.450000E+00  1.014018E+00
  4.550000E+00  1.276919E+00
  4.650000E+00  1.181587E+00
  4.750000E+00  9.996510E-01
  4.850000E+00  8.779655E-01
  4.950000E+00  8.065411E-01
  5.050000E+00  7.921961E-01
  5.150000E+00  7.867586E-01
  5.250000E+00  7.467372E-01
  5.350000E+00  7.008748E-01
  5.450000E+00  6.944047E-01
  5.550000E+00  7.401223E-01
  5.650000E+00  8.194465E-01
  5.750000E+00  9.414974E-01
  5.850000E+00  1.164249E+00
  5.950000E+00  1.479862E+00
  6.050000E+00  1.720949E+00
  6.150000E+00  1.729980E+00
  6.250000E+00  1.586097E+00
  6.350000E+00  1.495993E+00
  6.450000E+00  1.472827E+00
  6.550000E+00  1.377179E+00
  6.650000E+00  1.230465E+00
  6.750000E+00  1.114558E+00
  6.850000E+00  1.050619E+00
  6.950000E+00  1.050634E+00
  7.050000E+00  1.120001E+00
  7.150000E+00  1.219604E+00
  7.250000E+00  1.287593E+00
  7.350000E+00  1.275871E+00
  7.450000E+00  1.174706E+00
  7.550000E+00  1.037312E+00
  7.650000E+00  9.355267E-01
  7.750000E+00  9.066468E-01
  7.850000E+00  9.146131E-01
  7.950000E+00  9.213700E-01
  8.050000E+00  9.037198E-01
  8.150000E+00  8.731296E-01
  8.250000E+00  8.434576E-01
  8.350000E+00  8.381583E-01
  8.450000E+00  8.711965E-01
  8.550000E+00  9.215748E-01
  8.650000E+00  9.482184E-01
  8.750000E+00  9.342614E-01
  8.850000E+00  9.044519E-01
  8.950000E+00  8.805851E-01
  9.050000E+00  8.645669E-01
  9.150000E+00  8.427402E-01
  9.250000E+00  8.061403E-01
  9.350000E+00  7.679631E-01
  9.450000E+00  7.370651E-01
  9.550000E+00  7.206463E-01
  9.650000E+00  7.205387E-01
  9.750000E+00  7.436910E-01
  9.850000E+00  7.915214E-01
  9.950000E+00  8.540339E-01
  1.005000E+01  9.214404E-01
  1.015000E+01  9.771965E-01
  1.025000E+01  1.006134E+00
  1.035000E+01  1.018471E+00
  1.045000E+01  1.012327E+00
  1.055000E+01  9.799754E-01
  1.065000E+01  9.353618E-01
  1.075000E+01  9.093845E-01
  1.085000E+01  9.250871E-01
  1.095000E+01  9.920807E-01
  1.105000E+01  1.104300E+00
  1.115000E+01  1.226263E+00
  1.125000E+01  1.339644E+00
  1.135000E+01  1.446573E+00
  1.145000E+01  1.514194E+00
  1.155000E+01  1.506281E+00
  1.165000E+01  1.430619E+00
  1.175000E+01  1.314354E+00
  1.185000E+01  1.178848E+00
  1.195000E+01  1.043057E+00
Li      O       
  5.000000E-02  0.000000E+00
  1.500000E-01  0.000000E+00
  2.500000E-01  0.000000E+00
  3.500000E-01  0.000000E+00
  4.500000E-01  0.000000E+00
  5.500000E-01  0.000000E+00
  6.500000E-01  0.000000E+00
  7.500000E-01  0.000000E+00
  8.500000E-01  0.000000E+00
  9.500000E-01  0.000000E+00
  1.050000E+00  0.000000E+00
  1.150000E+00  0.000000E+00
  1.250000E+00  0.000000E+00
  1.350000E+00  0.000000E+00
  1.450000E+00  0.000000E+00
  1.550000E+00  6.914049E-06
  1.650000E+00  2.234874E-02
  1.750000E+00  1.005721E+00
  1.850000E+00  3.673639E+00
  1.950000E+00  3.938771E+00
  2.050000E+00  2.971742E+00
  2.150000E+00  2.053694E+00
  2.250000E+00  1.534362E+00
  2.350000E+00  1.275090E+00
  2.450000E+00  1.082270E+00
  2.550000E+00  8.340481E-01
  2.650000E+00  5.326587E-01
  2.750000E+00  2.782330E-01
  2.850000E+00  1.331767E-01
  2.950000E+00  9.450618E-02
  3.050000E+00  1.354286E-01
  3.150000E+00  2.413404E-01
  3.250000E+00  4.048782E-01
  3.350000E+00  6.617588E-01
  3.450000E+00  9.936561E-01
  3.550000E+00  1.225473E+00
  3.650000E+00  1.309130E+00
  3.750000E+00  1.377569E+00
  3.850000E+00  1.428915E+00
  3.950000E+00  1.433620E+00
  4.050000E+00  1.381574E+00
  4.150000E+00  1.243659E+00
  4.250000E+00  1.143515E+00
  4.350000E+00  1.282802E+00
  4.450000E+00  1.379726E+00
  4.550000E+00  1.242721E+00
  4.650000E+00  1.087456E+00
  4.750000E+00  9.936430E-01
  4.850000E+00  8.917063E-01
  4.950000E+00  7.730069E-01
  5.050000E+00  7.214409E-01
  5.150000E+00  7.952073E-01
  5.250000E+00  9.771772E-01
  5.350000E+00  1.128433E+00
  5.450000E+00  1.140750E+00
  5.550000E+00  1.061480E+00
  5.650000E+00  9.701479E-01
  5.750000E+00  9.137446E-01
  5.850000E+00  8.921315E-01
  5.950000E+00  8.489176E-01
  6.050000E+00  7.571193E-01
  6.150000E+00  7.092011E-01
  6.250000E+00  7.585453E-01
  6.350000E+00  8.505360E-01
  6.450000E+00  9.606251E-01
  6.550000E+00  1.050096E+00
  6.650000E+00  1.065518E+00
  6.750000E+00  9.811268E-01
  6.850000E+00  8.695764E-01
  6.950000E+00  8.316907E-01
  7.050000E+00  8.839445E-01
  7.150000E+00  9.749476E-01
  7.250000E+00  1.060923E+00
  7.350000E+00  1.123070E+00
  7.450000E+00  1.137546E+00
  7.550000E+00  1.132595E+00
  7.650000E+00  1.205422E+00
  7.750000E+00  1.358595E+00
  7.850000E+00  1.456594E+00
  7.950000E+00  1.411727E+00
  8.050000E+00  1.261778E+00
  8.150000E+00  1.078540E+00
  8.250000E+00  9.057512E-01
  8.350000E+00  7.785023E-01
  8.450000E+00  7.316290E-01
  8.550000E+00  7.477191E-01
  8.650000E+00  7.826952E-01
  8.750000E+00  8.236084E-01
  8.850000E+00  8.682638E-01
  8.950000E+00  8.944775E-01
  9.050000E+00  8.905509E-01
  9.150000E+00  8.808367E-01
  9.250000E+00  9.042001E-01
  9.350000E+00  9.519527E-01
  9.450000E+00  1.008170E+00
  9.550000E+00  1.100132E+00
  9.650000E+00  1.208546E+00
  9.750000E+00  1.256265E+00
  9.850000E+00  1.204746E+00
  9.950000E+00  1.116656E+00
  1.005000E+01  1.093099E+00
  1.015000E+01  1.140059E+00
  1.025000E+01  1.160284E+00
  1.035000E+01  1.073792E+00
  1.045000E+01  9.220489E-01
  1.055000E+01  8.125642E-01
  1.065000E+01  8.006951E-01
  1.075000E+01  8.324097E-01
  1.085000E+01  8.480060E-01
  1.095000E+01  8.410737E-01
  1.105000E+01  8.252931E-01
  1.115000E+01  8.271589E-01
  1.125000E+01  8.811496E-01
  1.135000E+01  9.780218E-01
  1.145000E+01  1.054054E+00
  1.155000E+01  1.080407E+00
  1.165000E+01  1.099285E+00
  1.175000E+01  1.128338E+00
  1.185000E+01  1.124885E+00
  1.195000E+01  1.091508E+00
Li      Zr      
  5.000000E-02  0.000000E+00
  1.500000E-01  0.000000E+00
  2.500000E-01  0.000000E+00
  3.500000E-01  0.000000E+00
  4.500000E-01  0.000000E+00
  5.500000E-01  0.000000E+00
  6.500000E-01  0.000000E+00
  7.500000E-01  0.000000E+00
  8.500000E-01  0.000000E+00
  9.500000E-01  0.000000E+00
  1.050000E+00  0.000000E+00
  1.150000E+00  0.000000E+00
  1.250000E+00  0.000000E+00
  1.350000E+00  0.000000E+00
  1.450000E+00  0.000000E+00
  1.550000E+00  0.000000E+00
  1.650000E+00  0.000000E+00
  1.750000E+00  0.000000E+00
  1.850000E+00  0.000000E+00
  1.950000E+00  0.000000E+00
  2.050000E+00  0.000000E+00
  2.150000E+00  0.000000E+00
  2.250000E+00  0.000000E+00
  2.350000E+00  0.000000E+00
  2.450000E+00  0.000000E+00
  2.550000E+00  5.110230E-06
  2.650000E+00  2.564084E-03
  2.750000E+00  1.469507E-01
  2.850000E+00  1.463591E+00
  2.950000E+00  3.639203E+00
  3.050000E+00  3.380333E+00
  3.150000E+00  2.072252E+00
  3.250000E+00  2.168526E+00
  3.350000E+00  2.882442E+00
  3.450000E+00  2.771074E+00
  3.550000E+00  2.287565E+00
  3.650000E+00  2.088956E+00
  3.750000E+00  1.995574E+00
  3.850000E+00  1.655560E+00
  3.950000E+00  1.206535E+00
  4.050000E+00  8.134221E-01
  4.150000E+00  5.546788E-01
  4.250000E+00  5.472567E-01
  4.350000E+00  7.723000E-01
  4.450000E+00  1.017339E+00
  4.550000E+00  1.005050E+00
  4.650000E+00  7.147270E-01
  4.750000E+00  3.673657E-01
  4.850000E+00  1.567651E-01
  4.950000E+00  8.958151E-02
  5.050000E+00  1.111764E-01
  5.150000E+00  2.017538E-01
  5.250000E+00  3.791872E-01
  5.350000E+00  6.167264E-01
  5.450000E+00  8.292762E-01
  5.550000E+00  1.000474E+00
  5.650000E+00  1.210578E+00
  5.750000E+00  1.491000E+00
  5.850000E+00  1.672271E+00
  5.950000E+00  1.571732E+00
  6.050000E+00  1.194574E+00
  6.150000E+00  9.804585E-01
  6.250000E+00  9.859484E-01
  6.350000E+00  9.294281E-01
  6.450000E+00  7.630346E-01
  6.550000E+00  5.196811E-01
  6.650000E+00  3.072818E-01
  6.750000E+00  2.362265E-01
  6.850000E+00  3.927628E-01
  6.950000E+00  7.831551E-01
  7.050000E+00  1.223283E+00
  7.150000E+00  1.416343E+00
  7.250000E+00  1.310964E+00
  7.350000E+00  1.151392E+00
  7.450000E+00  1.076103E+00
  7.550000E+00  1.162416E+00
  7.650000E+00  1.361078E+00
  7.750000E+00  1.387251E+00
  7.850000E+00  1.158283E+00
  7.950000E+00  7.681283E-01
  8.050000E+00  4.005016E-01
  8.150000E+00  2.880974E-01
  8.250000E+00  5.542996E-01
  8.350000E+00  1.195134E+00
  8.450000E+00  1.912682E+00
  8.550000E+00  2.354608E+00
  8.650000E+00  2.384607E+00
  8.750000E+00  2.023234E+00
  8.850000E+00  1.693087E+00
  8.950000E+00  1.524125E+00
  9.050000E+00  1.241383E+00
  9.150000E+00  8.590450E-01
  9.250000E+00  5.510731E-01
  9.350000E+00  3.959239E-01
  9.450000E+00  3.845009E-01
  9.550000E+00  4.617268E-01
  9.650000E+00  5.522908E-01
  9.750000E+00  6.111423E-01
  9.850000E+00  6.469879E-01
  9.950000E+00  6.962162E-01
  1.005000E+01  7.061550E-01
  1.015000E+01  6.162974E-01
  1.025000E+01  4.938539E-01
  1.035000E+01  5.053948E-01
  1.045000E+01  7.171629E-01
  1.055000E+01  1.018957E+00
  1.065000E+01  1.253756E+00
  1.075000E+01  1.319098E+00
  1.085000E+01  1.252532E+00
  1.095000E+01  1.156959E+00
  1.105000E+01  1.042038E+00
  1.115000E+01  8.099138E-01
  1.125000E+01  6.566270E-01
  1.135000E+01  7.310986E-01
  1.145000E+01  9.829215E-01
  1.155000E+01  1.277012E+00
  1.165000E+01  1.500679E+00
  1.175000E+01  1.557842E+00
  1.185000E+01  1.358722E+00
  1.195000E+01  1.098594E+00
Li      La      
  5.000000E-02  0.000000E+00
  1.500000E-01  0.000000E+00
  2.500000E-01  0.000000E+00
  3.500000E-01  0.000000E+00
  4.500000E-01  0.000000E+00
  5.500000E-01  0.000000E+00
  6.500000E-01  0.000000E+00
  7.500000E-01  0.000000E+00
  8.500000E-01  0.000000E+00
  9.500000E-01  0.000000E+00
  1.050000E+00  0.000000E+00
  1.150000E+00  0.000000E+00
  1.250000E+00  0.000000E+00
  1.350000E+00  0.000000E+00
  1.450000E+00  0.000000E+00
  1.550000E+00  0.000000E+00
  1.650000E+00  0.000000E+00
  1.750000E+00  0.000000E+00
  1.850000E+00  0.000000E+00
  1.950000E+00  0.000000E+00
  2.050000E+00  0.000000E+00
  2.150000E+00  0.000000E+00
  2.250000E+00  0.000000E+00
  2.350000E+00  0.000000E+00
  2.450000E+00  0.000000E+00
  2.550000E+00  0.000000E+00
  2.650000E+00  1.301265E-05
  2.750000E+00  9.611945E-04
  2.850000E+00  3.344661E-02
  2.950000E+00  3.764566E-01
  3.050000E+00  1.847512E+00
  3.150000E+00  4.594193E+00
  3.250000E+00  5.448011E+00
  3.350000E+00  3.174045E+00
  3.450000E+00  1.362585E+00
  3.550000E+00  1.086548E+00
  3.650000E+00  1.362782E+00
  3.750000E+00  1.450640E+00
  3.850000E+00  1.266145E+00
  3.950000E+00  1.131129E+00
  4.050000E+00  1.252764E+00
  4.150000E+00  1.495453E+00
  4.250000E+00  1.546891E+00
  4.350000E+00  1.345663E+00
  4.450000E+00  9.351201E-01
  4.550000E+00  5.282780E-01
  4.650000E+00  3.419920E-01
  4.750000E+00  3.634854E-01
  4.850000E+00  4.663692E-01
  4.950000E+00  5.197489E-01
  5.050000E+00  4.567726E-01
  5.150000E+00  3.165187E-01
  5.250000E+00  1.913576E-01
  5.350000E+00  1.529817E-01
  5.450000E+00  2.556294E-01
  5.550000E+00  6.369428E-01
  5.650000E+00  1.453197E+00
  5.750000E+00  2.475974E+00
  5.850000E+00  3.006092E+00
  5.950000E+00  2.532029E+00
  6.050000E+00  1.882652E+00
  6.150000E+00  1.570098E+00
  6.250000E+00  1.396596E+00
  6.350000E+00  1.150240E+00
  6.450000E+00  8.557190E-01
  6.550000E+00  6.366471E-01
  6.650000E+00  5.145762E-01
  6.750000E+00  4.197243E-01
  6.850000E+00  3.263611E-01
  6.950000E+00  2.704260E-01
  7.050000E+00  2.983589E-01
  7.150000E+00  4.034475E-01
  7.250000E+00  5.462825E-01
  7.350000E+00  7.025211E-01
  7.450000E+00  8.776654E-01
  7.550000E+00  1.023460E+00
  7.650000E+00  1.031626E+00
  7.750000E+00  9.292991E-01
  7.850000E+00  7.534230E-01
  7.950000E+00  5.605821E-01
  8.050000E+00  5.314566E-01
  8.150000E+00  6.069044E-01
  8.250000E+00  6.068373E-01
  8.350000E+00  5.537722E-01
  8.450000E+00  5.825483E-01
  8.550000E+00  7.336072E-01
  8.650000E+00  9.417590E-01
  8.750000E+00  1.167871E+00
  8.850000E+00  1.412310E+00
  8.950000E+00  1.560292E+00
  9.050000E+00  1.573739E+00
  9.150000E+00  1.586297E+00
  9.250000E+00  1.548776E+00
  9.350000E+00  1.408020E+00
  9.450000E+00  1.374577E+00
  9.550000E+00  1.652259E+00
  9.650000E+00  2.011575E+00
  9.750000E+00  2.024114E+00
  9.850000E+00  1.719567E+00
  9.950000E+00  1.432469E+00
  1.005000E+01  1.211480E+00
  1.015000E+01  9.788610E-01
  1.025000E+01  7.797067E-01
  1.035000E+01  6.736039E-01
  1.045000E+01  6.724930E-01
  1.055000E+01  7.429943E-01
  1.065000E+01  8.394421E-01
  1.075000E+01  8.934128E-01
  1.085000E+01  8.462317E-01
  1.095000E+01  7.082935E-01
  1.105000E+01  5.839116E-01
  1.115000E+01  5.209233E-01
  1.125000E+01  4.800044E-01
  1.135000E+01  4.860308E-01
  1.145000E+01  6.198477E-01
  1.155000E+01  8.978013E-01
  1.165000E+01  1.166185E+00
  1.175000E+01  1.315516E+00
  1.185000E+01  1.309537E+00
  1.195000E+01  1.082647E+00
O       O       
  5.000000E-02  0.000000E+00
  1.500000E-01  0.000000E+00
  2.500000E-01  0.000000E+00
  3.500000E-01  0.000000E+00
  4.500000E-01  0.000000E+00
  5.500000E-01  0.000000E+00
  6.500000E-01  0.000000E+00
  7.500000E-01  0.000000E+00
  8.500000E-01  0.000000E+00
  9.500000E-01  0.000000E+00
  1.050000E+00  0.000000E+00
  1.150000E+00  0.000000E+00
  1.250000E+00  0.000000E+00
  1.350000E+00  0.000000E+00
  1.450000E+00  0.000000E+00
  1.550000E+00  0.000000E+00
  1.650000E+00  0.000000E+00
  1.750000E+00  0.000000E+00
  1.850000E+00  0.000000E+00
  1.950000E+00  0.000000E+00
  2.050000E+00  0.000000E+00
  2.150000E+00  0.000000E+00
  2.250000E+00  0.000000E+00
  2.350000E+00  6.367146E-05
  2.450000E+00  2.343281E-02
  2.550000E+00  6.862252E-01
  2.650000E+00  2.469839E+00
  2.750000E+00  1.841782E+00
  2.850000E+00  1.293822E+00
  2.950000E+00  2.286548E+00
  3.050000E+00  3.087997E+00
  3.150000E+00  2.170508E+00
  3.250000E+00  1.415190E+00
  3.350000E+00  1.078333E+00
  3.450000E+00  9.029324E-01
  3.550000E+00  6.459065E-01
  3.650000E+00  5.309918E-01
  3.750000E+00  7.247101E-01
  3.850000E+00  9.945964E-01
  3.950000E+00  1.379828E+00
  4.050000E+00  1.190785E+00
  4.150000E+00  6.022946E-01
  4.250000E+00  4.739987E-01
  4.350000E+00  7.120387E-01
  4.450000E+00  1.098673E+00
  4.550000E+00  1.050775E+00
  4.650000E+00  6.156592E-01
  4.750000E+00  4.587875E-01
  4.850000E+00  4.728348E-01
  4.950000E+00  4.435782E-01
  5.050000E+00  4.914910E-01
  5.150000E+00  7.372194E-01
  5.250000E+00  1.004300E+00
  5.350000E+00  1.112139E+00
  5.450000E+00  1.372086E+00
  5.550000E+00  1.859810E+00
  5.650000E+00  1.934125E+00
  5.750000E+00  1.650261E+00
  5.850000E+00  1.425648E+00
  5.950000E+00  1.143632E+00
  6.050000E+00  8.004568E-01
  6.150000E+00  5.732767E-01
  6.250000E+00  6.558862E-01
  6.350000E+00  9.890099E-01
  6.450000E+00  1.196688E+00
  6.550000E+00  1.118745E+00
  6.650000E+00  9.349120E-01
  6.750000E+00  8.609811E-01
  6.850000E+00  1.041303E+00
  6.950000E+00  1.323886E+00
  7.050000E+00  1.299730E+00
  7.150000E+00  1.003671E+00
  7.250000E+00  8.055591E-01
  7.350000E+00  7.079512E-01
  7.450000E+00  5.485715E-01
  7.550000E+00  3.533855E-01
  7.650000E+00  3.935176E-01
  7.750000E+00  8.434784E-01
  7.850000E+00  1.256952E+00
  7.950000E+00  1.181923E+00
  8.050000E+00  1.028179E+00
  8.150000E+00  1.144388E+00
  8.250000E+00  1.251470E+00
  8.350000E+00  1.219386E+00
  8.450000E+00  1.145878E+00
  8.550000E+00  1.082162E+00
  8.650000E+00  1.047099E+00
  8.750000E+00  1.039722E+00
  8.850000E+00  1.029911E+00
  8.950000E+00  1.038513E+00
  9.050000E+00  1.076205E+00
  9.150000E+00  1.100591E+00
  9.250000E+00  1.101599E+00
  9.350000E+00  1.112549E+00
  9.450000E+00  1.162507E+00
  9.550000E+00  1.147781E+00
  9.650000E+00  9.579812E-01
  9.750000E+00  7.202784E-01
  9.850000E+00  6.379296E-01
  9.950000E+00  7.348124E-01
  1.005000E+01  8.555874E-01
  1.015000E+01  8.996150E-01
  1.025000E+01  8.719283E-01
  1.035000E+01  8.493933E-01
  1.045000E+01  8.993359E-01
  1.055000E+01  9.358169E-01
  1.065000E+01  9.682024E-01
  1.075000E+01  1.099090E+00
  1.085000E+01  1.231193E+00
  1.095000E+01  1.201570E+00
  1.105000E+01  1.134272E+00
  1.115000E+01  1.203981E+00
  1.125000E+01  1.241931E+00
  1.135000E+01  1.162788E+00
  1.145000E+01  1.097520E+00
  1.155000E+01  1.044749E+00
  1.165000E+01  9.665606E-01
  1.175000E+01  9.064981E-01
  1.185000E+01  9.001635E-01
  1.195000E+01  9.695420E-01
O       Zr      
  5.000000E-02  0.000000E+00
  1.500000E-01  0.000000E+00
  2.500000E-01  0.000000E+00
  3.500000E-01  0.000000E+00
  4.500000E-01  0.000000E+00
  5.500000E-01  0.000000E+00
  6.500000E-01  0.000000E+00
  7.500000E-01  0.000000E+00
  8.500000E-01  0.000000E+00
  9.500000E-01  0.000000E+00
  1.050000E+00  0.000000E+00
  1.150000E+00  0.000000E+00
  1.250000E+00  0.000000E+00
  1.350000E+00  0.000000E+00
  1.450000E+00  0.000000E+00
  1.550000E+00  0.000000E+00
  1.650000E+00  0.000000E+00
  1.750000E+00  6.157284E-05
  1.850000E+00  3.622742E-01
  1.950000E+00  1.253105E+01
  2.050000E+00  1.255982E+01
  2.150000E+00  1.186280E+00
  2.250000E+00  2.656638E-02
  2.350000E+00  2.159629E-04
  2.450000E+00  0.000000E+00
  2.550000E+00  0.000000E+00
  2.650000E+00  0.000000E+00
  2.750000E+00  0.000000E+00
  2.850000E+00  0.000000E+00
  2.950000E+00  0.000000E+00
  3.050000E+00  0.000000E+00
  3.150000E+00  0.000000E+00
  3.250000E+00  0.000000E+00
  3.350000E+00  0.000000E+00
  3.450000E+00  0.000000E+00
  3.550000E+00  0.000000E+00
  3.650000E+00  8.520403E-06
  3.750000E+00  1.965859E-03
  3.850000E+00  7.511654E-02
  3.950000E+00  7.702182E-01
  4.050000E+00  2.287901E+00
  4.150000E+00  2.231844E+00
  4.250000E+00  8.573493E-01
  4.350000E+00  2.717036E-01
  4.450000E+00  1.157612E+00
  4.550000E+00  2.984659E+00
  4.650000E+00  3.389935E+00
  4.750000E+00  1.981814E+00
  4.850000E+00  8.087296E-01
  4.950000E+00  8.936006E-01
  5.050000E+00  1.303486E+00
  5.150000E+00  1.155728E+00
  5.250000E+00  6.586129E-01
  5.350000E+00  8.439340E-01
  5.450000E+00  1.295194E+00
  5.550000E+00  9.459561E-01
  5.650000E+00  2.621789E-01
  5.750000E+00  3.153619E-02
  5.850000E+00  9.465863E-02
  5.950000E+00  5.864873E-01
  6.050000E+00  1.067475E+00
  6.150000E+00  9.065684E-01
  6.250000E+00  9.875192E-01
  6.350000E+00  1.507045E+00
  6.450000E+00  1.690539E+00
  6.550000E+00  1.302855E+00
  6.650000E+00  1.043798E+00
  6.750000E+00  8.739184E-01
  6.850000E+00  6.148645E-01
  6.950000E+00  1.100841E+00
  7.050000E+00  1.706895E+00
  7.150000E+00  1.329459E+00
  7.250000E+00  1.477613E+00
  7.350000E+00  2.129525E+00
  7.450000E+00  1.661315E+00
  7.550000E+00  8.181851E-01
  7.650000E+00  7.162598E-01
  7.750000E+00  6.362418E-01
  7.850000E+00  2.482080E-01
  7.950000E+00  6.871311E-02
  8.050000E+00  1.893312E-01
  8.150000E+00  5.294964E-01
  8.250000E+00  9.427997E-01
  8.350000E+00  1.159209E+00
  8.450000E+00  1.079681E+00
  8.550000E+00  1.075402E+00
  8.650000E+00  1.087045E+00
  8.750000E+00  9.734762E-01
  8.850000E+00  7.030837E-01
  8.950000E+00  7.887684E-01
  9.050000E+00  9.218173E-01
  9.150000E+00  8.386692E-01
  9.250000E+00  7.388197E-01
  9.350000E+00  7.801307E-01
  9.450000E+00  1.117076E+00
  9.550000E+00  1.473330E+00
  9.650000E+00  1.477837E+00
  9.750000E+00  1.212436E+00
  9.850000E+00  9.664744E-01
  9.950000E+00  1.081230E+00
  1.005000E+01  1.268142E+00
  1.015000E+01  1.123620E+00
  1.025000E+01  1.026450E+00
  1.035000E+01  1.117444E+00
  1.045000E+01  9.822387E-01
  1.055000E+01  7.253604E-01
  1.065000E+01  8.807599E-01
  1.075000E+01  1.507236E+00
  1.085000E+01  2.065376E+00
  1.095000E+01  2.096058E+00
  1.105000E+01  1.544126E+00
  1.115000E+01  8.217217E-01
  1.125000E+01  4.049666E-01
  1.135000E+01  3.986166E-01
  1.145000E+01  4.513707E-01
  1.155000E+01  3.473618E-01
  1.165000E+01  2.719675E-01
  1.175000E+01  4.578723E-01
  1.185000E+01  7.723068E-01
  1.195000E+01  8.401182E-01
O       La      
  5.000000E-02  0.000000E+00
  1.500000E-01  0.000000E+00
  2.500000E-01  0.000000E+00
  3.500000E-01  0.000000E+00
  4.500000E-01  0.000000E+00
  5.500000E-01  0.000000E+00
  6.500000E-01  0.000000E+00
  7.500000E-01  0.000000E+00
  8.500000E-01  0.000000E+00
  9.500000E-01  0.000000E+00
  1.050000E+00  0.000000E+00
  1.150000E+00  0.000000E+00
  1.250000E+00  0.000000E+00
  1.350000E+00  0.000000E+00
  1.450000E+00  0.000000E+00
  1.550000E+00  0.000000E+00
  1.650000E+00  0.000000E+00
  1.750000E+00  0.000000E+00
  1.850000E+00  0.000000E+00
  1.950000E+00  0.000000E+00
  2.050000E+00  0.000000E+00
  2.150000E+00  4.784833E-06
  2.250000E+00  3.610869E-02
  2.350000E+00  2.260212E+00
  2.450000E+00  8.301689E+00
  2.550000E+00  7.159144E+00
  2.650000E+00  3.206096E+00
  2.750000E+00  1.062917E+00
  2.850000E+00  3.121503E-01
  2.950000E+00  8.201358E-02
  3.050000E+00  1.887721E-02
  3.150000E+00  3.487649E-03
  3.250000E+00  4.482720E-04
  3.350000E+00  5.456728E-05
  3.450000E+00  1.281360E-05
  3.550000E+00  1.612050E-04
  3.650000E+00  7.083732E-04
  3.750000E+00  4.184891E-03
  3.850000E+00  7.933126E-02
  3.950000E+00  7.477492E-01
  4.050000E+00  2.459428E+00
  4.150000E+00  3.108598E+00
  4.250000E+00  1.626518E+00
  4.350000E+00  3.387535E-01
  4.450000E+00  4.184347E-02
  4.550000E+00  1.767046E-01
  4.650000E+00  7.093592E-01
  4.750000E+00  1.357205E+00
  4.850000E+00  1.647363E+00
  4.950000E+00  1.394421E+00
  5.050000E+00  8.458661E-01
  5.150000E+00  1.221608E+00
  5.250000E+00  2.536902E+00
  5.350000E+00  2.462017E+00
  5.450000E+00  1.742121E+00
  5.550000E+00  1.243573E+00
  5.650000E+00  5.567201E-01
  5.750000E+00  1.187100E-01
  5.850000E+00  7.637238E-02
  5.950000E+00  3.903706E-01
  6.050000E+00  8.062827E-01
  6.150000E+00  9.702437E-01
  6.250000E+00  9.070073E-01
  6.350000E+00  4.917911E-01
  6.450000E+00  1.483316E-01
  6.550000E+00  2.050833E-01
  6.650000E+00  6.155503E-01
  6.750000E+00  9.931115E-01
  6.850000E+00  8.343797E-01
  6.950000E+00  5.275973E-01
  7.050000E+00  8.723513E-01
  7.150000E+00  1.801941E+00
  7.250000E+00  2.367938E+00
  7.350000E+00  2.060186E+00
  7.450000E+00  1.335389E+00
  7.550000E+00  8.018844E-01
  7.650000E+00  8.136419E-01
  7.750000E+00  1.477742E+00
  7.850000E+00  2.068066E+00
  7.950000E+00  1.965638E+00
  8.050000E+00  1.223505E+00
  8.150000E+00  5.060814E-01
  8.250000E+00  2.892137E-01
  8.350000E+00  4.089358E-01
  8.450000E+00  5.390571E-01
  8.550000E+00  4.733891E-01
  8.650000E+00  3.324152E-01
  8.750000E+00  5.075534E-01
  8.850000E+00  1.053609E+00
  8.950000E+00  1.251278E+00
  9.050000E+00  8.831837E-01
  9.150000E+00  7.047775E-01
  9.250000E+00  9.951695E-01
  9.350000E+00  1.356136E+00
  9.450000E+00  1.429981E+00
  9.550000E+00  1.293623E+00
  9.650000E+00  1.128527E+00
  9.750000E+00  1.042820E+00
  9.850000E+00  1.289493E+00
  9.950000E+00  1.340042E+00
  1.005000E+01  8.301549E-01
  1.015000E+01  5.493251E-01
  1.025000E+01  7.846522E-01
  1.035000E+01  1.115831E+00
  1.045000E+01  1.114637E+00
  1.055000E+01  9.925072E-01
  1.065000E+01  1.094582E+00
  1.075000E+01  1.100321E+00
  1.085000E+01  9.646740E-01
  1.095000E+01  1.075810E+00
  1.105000E+01  1.252099E+00
  1.115000E+01  1.151857E+00
  1.125000E+01  9.102404E-01
  1.135000E+01  7.323357E-01
  1.145000E+01  7.655842E-01
  1.155000E+01  9.134372E-01
  1.165000E+01  9.171239E-01
  1.175000E+01  6.908757E-01
  1.185000E+01  5.378999E-01
  1.195000E+01  6.708496E-01
Zr      Zr      
  5.000000E-02  0.000000E+00
  1.500000E-01  0.000000E+00
  2.500000E-01  0.000000E+00
  3.500000E-01  0.000000E+00
  4.500000E-01  0.000000E+00
  5.500000E-01  0.000000E+00
  6.500000E-01  0.000000E+00
  7.500000E-01  0.000000E+00
  8.500000E-01  0.000000E+00
  9.500000E-01  0.000000E+00
  1.050000E+00  0.000000E+00
  1.150000E+00  0.000000E+00
  1.250000E+00  0.000000E+00
  1.350000E+00  0.000000E+00
  1.450000E+00  0.000000E+00
  1.550000E+00  0.000000E+00
  1.650000E+00  0.000000E+00
  1.750000E+00  0.000000E+00
  1.850000E+00  0.000000E+00
  1.950000E+00  0.000000E+00
  2.050000E+00  0.000000E+00
  2.150000E+00  0.000000E+00
  2.250000E+00  0.000000E+00
  2.350000E+00  0.000000E+00
  2.450000E+00  0.000000E+00
  2.550000E+00  0.000000E+00
  2.650000E+00  0.000000E+00
  2.750000E+00  0.000000E+00
  2.850000E+00  0.000000E+00
  2.950000E+00  0.000000E+00
  3.050000E+00  0.000000E+00
  3.150000E+00  0.000000E+00
  3.250000E+00  0.000000E+00
  3.350000E+00  0.000000E+00
  3.450000E+00  0.000000E+00
  3.550000E+00  0.000000E+00
  3.650000E+00  0.000000E+00
  3.750000E+00  0.000000E+00
  3.850000E+00  0.000000E+00
  3.950000E+00  0.000000E+00
  4.050000E+00  0.000000E+00
  4.150000E+00  0.000000E+00
  4.250000E+00  0.000000E+00
  4.350000E+00  0.000000E+00
  4.450000E+00  0.000000E+00
  4.550000E+00  0.000000E+00
  4.650000E+00  0.000000E+00
  4.750000E+00  0.000000E+00
  4.850000E+00  0.000000E+00
  4.950000E+00  0.000000E+00
  5.050000E+00  0.000000E+00
  5.150000E+00  4.903756E-04
  5.250000E+00  2.345742E-02
  5.350000E+00  4.170314E-01
  5.450000E+00  3.145169E+00
  5.550000E+00  1.075738E+01
  5.650000E+00  1.033145E+01
  5.750000E+00  2.560663E+00
  5.850000E+00  2.138260E-01
  5.950000E+00  4.744505E-03
  6.050000E+00  5.845811E-05
  6.150000E+00  1.140547E-02
  6.250000E+00  4.154241E-01
  6.350000E+00  3.297705E+00
  6.450000E+00  6.855749E+00
  6.550000E+00  4.092754E+00
  6.650000E+00  7.273206E-01
  6.750000E+00  4.073294E-02
  6.850000E+00  8.583761E-04
  6.950000E+00  6.080177E-06
  7.050000E+00  0.000000E+00
  7.150000E+00  0.000000E+00
  7.250000E+00  0.000000E+00
  7.350000E+00  0.000000E+00
  7.450000E+00  0.000000E+00
  7.550000E+00  0.000000E+00
  7.650000E+00  0.000000E+00
  7.750000E+00  0.000000E+00
  7.850000E+00  0.000000E+00
  7.950000E+00  0.000000E+00
  8.050000E+00  0.000000E+00
  8.150000E+00  0.000000E+00
  8.250000E+00  0.000000E+00
  8.350000E+00  0.000000E+00
  8.450000E+00  0.000000E+00
  8.550000E+00  0.000000E+00
  8.650000E+00  2.803678E-06
  8.750000E+00  9.384367E-04
  8.850000E+00  5.708617E-02
  8.950000E+00  8.994854E-01
  9.050000E+00  4.309121E+00
  9.150000E+00  6.540898E+00
  9.250000E+00  3.127520E+00
  9.350000E+00  4.813573E-01
  9.450000E+00  2.409403E-02
  9.550000E+00  3.723929E-04
  9.650000E+00  0.000000E+00
  9.750000E+00  0.000000E+00
  9.850000E+00  0.000000E+00
  9.950000E+00  0.000000E+00
  1.005000E+01  0.000000E+00
  1.015000E+01  2.036243E-06
  1.025000E+01  2.713523E-04
  1.035000E+01  1.232697E-02
  1.045000E+01  2.389305E-01
  1.055000E+01  2.149407E+00
  1.065000E+01  7.468556E+00
  1.075000E+01  8.758415E+00
  1.085000E+01  3.378269E+00
  1.095000E+01  5.689317E-01
  1.105000E+01  9.318001E-01
  1.115000E+01  2.690770E+00
  1.125000E+01  2.391426E+00
  1.135000E+01  6.567755E-01
  1.145000E+01  7.284881E-02
  1.155000E+01  3.001485E-03
  1.165000E+01  4.265990E-05
  1.175000E+01  0.000000E+00
  1.185000E+01  0.000000E+00
  1.195000E+01  0.000000E+00
Zr      La      
  5.000000E-02  0.000000E+00
  1.500000E-01  0.000000E+00
  2.500000E-01  0.000000E+00
  3.500000E-01  0.000000E+00
  4.500000E-01  0.000000E+00
  5.500000E-01  0.000000E+00
  6.500000E-01  0.000000E+00
  7.500000E-01  0.000000E+00
  8.500000E-01  0.000000E+00
  9.500000E-01  0.000000E+00
  1.050000E+00  0.000000E+00
  1.150000E+00  0.000000E+00
  1.250000E+00  0.000000E+00
  1.350000E+00  0.000000E+00
  1.450000E+00  0.000000E+00
  1.550000E+00  0.000000E+00
  1.650000E+00  0.000000E+00
  1.750000E+00  0.000000E+00
  1.850000E+00  0.000000E+00
  1.950000E+00  0.000000E+00
  2.050000E+00  0.000000E+00
  2.150000E+00  0.000000E+00
  2.250000E+00  0.000000E+00
  2.350000E+00  0.000000E+00
  2.450000E+00  0.000000E+00
  2.550000E+00  0.000000E+00
  2.650000E+00  0.000000E+00
  2.750000E+00  0.000000E+00
  2.850000E+00  0.000000E+00
  2.950000E+00  0.000000E+00
  3.050000E+00  0.000000E+00
  3.150000E+00  0.000000E+00
  3.250000E+00  0.000000E+00
  3.350000E+00  3.865978E-03
  3.450000E+00  1.087163E+00
  3.550000E+00  1.348740E+01
  3.650000E+00  1.543523E+01
  3.750000E+00  2.751995E+00
  3.850000E+00  1.275103E-01
  3.950000E+00  2.688980E-03
  4.050000E+00  2.853398E-05
  4.150000E+00  0.000000E+00
  4.250000E+00  0.000000E+00
  4.350000E+00  0.000000E+00
  4.450000E+00  0.000000E+00
  4.550000E+00  0.000000E+00
  4.650000E+00  0.000000E+00
  4.750000E+00  0.000000E+00
  4.850000E+00  0.000000E+00
  4.950000E+00  0.000000E+00
  5.050000E+00  0.000000E+00
  5.150000E+00  0.000000E+00
  5.250000E+00  5.322397E-06
  5.350000E+00  1.557113E-04
  5.450000E+00  1.213803E-02
  5.550000E+00  2.273619E-01
  5.650000E+00  1.387789E+00
  5.750000E+00  3.633708E+00
  5.850000E+00  4.491347E+00
  5.950000E+00  2.387477E+00
  6.050000E+00  4.865378E-01
  6.150000E+00  3.591932E-02
  6.250000E+00  9.819781E-04
  6.350000E+00  1.559214E-05
  6.450000E+00  0.000000E+00
  6.550000E+00  0.000000E+00
  6.650000E+00  0.000000E+00
  6.750000E+00  0.000000E+00
  6.850000E+00  0.000000E+00
  6.950000E+00  1.780330E-04
  7.050000E+00  9.224929E-03
  7.150000E+00  1.920011E-01
  7.250000E+00  1.790654E+00
  7.350000E+00  5.800250E+00
  7.450000E+00  5.817793E+00
  7.550000E+00  1.843882E+00
  7.650000E+00  2.076240E-01
  7.750000E+00  9.565766E-03
  7.850000E+00  2.210595E-04
  7.950000E+00  1.989538E-06
  8.050000E+00  0.000000E+00
  8.150000E+00  0.000000E+00
  8.250000E+00  1.377397E-04
  8.350000E+00  9.850870E-03
  8.450000E+00  2.503885E-01
  8.550000E+00  2.148105E+00
  8.650000E+00  6.286884E+00
  8.750000E+00  6.138711E+00
  8.850000E+00  1.976307E+00
  8.950000E+00  2.047362E-01
  9.050000E+00  6.697194E-03
  9.150000E+00  9.578887E-05
  9.250000E+00  9.797454E-07
  9.350000E+00  1.198626E-06
  9.450000E+00  5.802817E-04
  9.550000E+00  2.434934E-02
  9.650000E+00  3.353243E-01
  9.750000E+00  1.393288E+00
  9.850000E+00  1.817753E+00
  9.950000E+00  7.614565E-01
  1.005000E+01  1.083763E-01
  1.015000E+01  5.751855E-03
  1.025000E+01  1.297256E-04
  1.035000E+01  4.441020E-05
  1.045000E+01  2.831553E-03
  1.055000E+01  7.405113E-02
  1.065000E+01  7.774619E-01
  1.075000E+01  3.079935E+00
  1.085000E+01  4.359364E+00
  1.095000E+01  2.225861E+00
  1.105000E+01  4.189141E-01
  1.115000E+01  3.023336E-02
  1.125000E+01  8.212140E-04
  1.135000E+01  1.742515E-03
  1.145000E+01  3.889377E-02
  1.155000E+01  4.071660E-01
  1.165000E+01  2.012491E+00
  1.175000E+01  3.819212E+00
  1.185000E+01  2.412630E+00
  1.195000E+01  5.605593E-01
La      La      
  5.000000E-02  0.000000E+00
  1.500000E-01  0.000000E+00
  2.500000E-01  0.000000E+00
  3.500000E-01  0.000000E+00
  4.500000E-01  0.000000E+00
  5.500000E-01  0.000000E+00
  6.500000E-01  0.000000E+00
  7.500000E-01  0.000000E+00
  8.500000E-01  0.000000E+00
  9.500000E-01  0.000000E+00
  1.050000E+00  0.000000E+00
  1.150000E+00  0.000000E+00
  1.250000E+00  0.000000E+00
  1.350000E+00  0.000000E+00
  1.450000E+00  0.000000E+00
  1.550000E+00  0.000000E+00
  1.650000E+00  0.000000E+00
  1.750000E+00  0.000000E+00
  1.850000E+00  0.000000E+00
  1.950000E+00  0.000000E+00
  2.050000E+00  0.000000E+00
  2.150000E+00  0.000000E+00
  2.250000E+00  0.000000E+00
  2.350000E+00  0.000000E+00
  2.450000E+00  0.000000E+00
  2.550000E+00  0.000000E+00
  2.650000E+00  0.000000E+00
  2.750000E+00  0.000000E+00
  2.850000E+00  0.000000E+00
  2.950000E+00  0.000000E+00
  3.050000E+00  0.000000E+00
  3.150000E+00  0.000000E+00
  3.250000E+00  0.000000E+00
  3.350000E+00  0.000000E+00
  3.450000E+00  0.000000E+00
  3.550000E+00  0.000000E+00
  3.650000E+00  1.071734E-03
  3.750000E+00  2.707115E-01
  3.850000E+00  4.131455E+00
  3.950000E+00  8.799944E+00
  4.050000E+00  4.486669E+00
  4.150000E+00  5.855935E-01
  4.250000E+00  1.655149E-02
  4.350000E+00  1.472702E-04
  4.450000E+00  0.000000E+00
  4.550000E+00  0.000000E+00
  4.650000E+00  0.000000E+00
  4.750000E+00  0.000000E+00
  4.850000E+00  0.000000E+00
  4.950000E+00  0.000000E+00
  5.050000E+00  0.000000E+00
  5.150000E+00  0.000000E+00
  5.250000E+00  0.000000E+00
  5.350000E+00  0.000000E+00
  5.450000E+00  0.000000E+00
  5.550000E+00  1.670254E-04
  5.650000E+00  7.831125E-03
  5.750000E+00  1.487032E-01
  5.850000E+00  1.194323E+00
  5.950000E+00  4.008735E+00
  6.050000E+00  5.831019E+00
  6.150000E+00  3.565622E+00
  6.250000E+00  9.742866E-01
  6.350000E+00  8.545113E-01
  6.450000E+00  1.437052E+00
  6.550000E+00  8.687721E-01
  6.650000E+00  1.991472E-01
  6.750000E+00  2.492490E-02
  6.850000E+00  2.942556E-03
  6.950000E+00  4.720404E-02
  7.050000E+00  7.713754E-01
  7.150000E+00  3.567330E+00
  7.250000E+00  4.590477E+00
  7.350000E+00  1.915686E+00
  7.450000E+00  1.144302E+00
  7.550000E+00  1.964730E+00
  7.650000E+00  1.506633E+00
  7.750000E+00  4.182881E-01
  7.850000E+00  3.866546E-02
  7.950000E+00  1.091272E-03
  8.050000E+00  1.006797E-05
  8.150000E+00  0.000000E+00
  8.250000E+00  0.000000E+00
  8.350000E+00  3.475653E-06
  8.450000E+00  6.090704E-04
  8.550000E+00  3.000122E-02
  8.650000E+00  4.173160E-01
  8.750000E+00  1.855155E+00
  8.850000E+00  2.937796E+00
  8.950000E+00  1.909920E+00
  9.050000E+00  1.306194E+00
  9.150000E+00  1.490452E+00
  9.250000E+00  6.911005E-01
  9.350000E+00  1.036188E-01
  9.450000E+00  5.748881E-03
  9.550000E+00  1.080306E-03
  9.650000E+00  3.168311E-02
  9.750000E+00  4.211669E-01
  9.850000E+00  1.992045E+00
  9.950000E+00  3.416597E+00
  1.005000E+01  2.210913E+00
  1.015000E+01  5.411004E-01
  1.025000E+01  4.984487E-02
  1.035000E+01  1.531595E-03
  1.045000E+01  1.988663E-05
  1.055000E+01  1.448702E-05
  1.065000E+01  3.707729E-03
  1.075000E+01  1.326482E-01
  1.085000E+01  1.080037E+00
  1.095000E+01  2.284722E+00
  1.105000E+01  1.870567E+00
  1.115000E+01  1.873615E+00
  1.125000E+01  1.537468E+00
  1.135000E+01  5.288607E-01
  1.145000E+01  3.592659E-01
  1.155000E+01  1.106723E+00
  1.165000E+01  1.916069E+00
  1.175000E+01  2.629314E+00
  1.185000E+01  3.262947E+00
  1.195000E+01  2.302346E+00
