; material = LLZO                                                       
        10       120
Li      Li      
  5.000000E-02  0.000000E+00
  1.500000E-01  0.000000E+00
  2.500000E-01  0.000000E+00
  3.500000E-01  0.000000E+00
  4.500000E-01  0.000000E+00
  5.500000E-01  0.000000E+00
  6.500000E-01  0.000000E+00
  7.500000E-01  0.000000E+00
  8.500000E-01  0.000000E+00
  9.500000E-01  0.000000E+00
  1.050000E+00  0.000000E+00
  1.150000E+00  0.000000E+00
  1.250000E+00  0.000000E+00
  1.350000E+00  0.000000E+00
  1.450000E+00  0.000000E+00
  1.550000E+00  0.000000E+00
  1.650000E+00  3.779115E-05
  1.750000E+00  1.459357E-03
  1.850000E+00  2.487673E-02
  1.950000E+00  1.947891E-01
  2.050000E+00  7.868329E-01
  2.150000E+00  1.816196E+00
  2.250000E+00  2.663931E+00
  2.350000E+00  2.730442E+00
  2.450000E+00  2.135089E+00
  2.550000E+00  1.402337E+00
  2.650000E+00  9.050315E-01
  2.750000E+00  6.723331E-01
  2.850000E+00  6.004290E-01
  2.950000E+00  5.810154E-01
  3.050000E+00  5.580718E-01
  3.150000E+00  5.358820E-01
  3.250000E+00  5.206367E-01
  3.350000E+00  5.295075E-01
  3.450000E+00  5.507821E-01
  3.550000E+00  5.770750E-01
  3.650000E+00  5.939578E-01
  3.750000E+00  5.871934E-01
  3.850000E+00  5.576907E-01
  3.950000E+00  5.121277E-01
  4.050000E+00  4.694347E-01
  4.150000E+00  4.464479E-01
  4.250000E+00  4.796947E-01
  4.350000E+00  6.000040E-01
  4.450000E+00  8.021482E-01
  4.550000E+00  9.901658E-01
  4.650000E+00  1.059859E+00
  4.750000E+00  1.026228E+00
  4.850000E+00  9.648325E-01
  4.950000E+00  9.108245E-01
  5.050000E+00  8.694732E-01
  5.150000E+00  8.305211E-01
  5.250000E+00  7.960759E-01
  5.350000E+00  7.697605E-01
  5.450000E+00  7.605849E-01
  5.550000E+00  7.874214E-01
  5.650000E+00  8.563827E-01
  5.750000E+00  9.826136E-01
  5.850000E+00  1.163105E+00
  5.950000E+00  1.365663E+00
  6.050000E+00  1.524968E+00
  6.150000E+00  1.597000E+00
  6.250000E+00  1.578415E+00
  6.350000E+00  1.518706E+00
  6.450000E+00  1.449299E+00
  6.550000E+00  1.366910E+00
  6.650000E+00  1.277150E+00
  6.750000E+00  1.195260E+00
  6.850000E+00  1.141238E+00
  6.950000E+00  1.121378E+00
  7.050000E+00  1.132042E+00
  7.150000E+00  1.162605E+00
  7.250000E+00  1.187031E+00
  7.350000E+00  1.181567E+00
  7.450000E+00  1.136940E+00
  7.550000E+00  1.067709E+00
  7.650000E+00  9.999283E-01
  7.750000E+00  9.597159E-01
  7.850000E+00  9.422665E-01
  7.950000E+00  9.335811E-01
  8.050000E+00  9.257524E-01
  8.150000E+00  9.127974E-01
  8.250000E+00  8.986379E-01
  8.350000E+00  8.917172E-01
  8.450000E+00  8.953929E-01
  8.550000E+00  9.046906E-01
  8.650000E+00  9.092028E-01
  8.750000E+00  9.000403E-01
  8.850000E+00  8.838874E-01
  8.950000E+00  8.643953E-01
  9.050000E+00  8.469718E-01
  9.150000E+00  8.291310E-01
  9.250000E+00  8.080875E-01
  9.350000E+00  7.834616E-01
  9.450000E+00  7.616114E-01
  9.550000E+00  7.490719E-01
  9.650000E+00  7.481155E-01
  9.750000E+00  7.617327E-01
  9.850000E+00  7.899022E-01
  9.950000E+00  8.319909E-01
  1.005000E+01  8.778688E-01
  1.015000E+01  9.243917E-01
  1.025000E+01  9.644703E-01
  1.035000E+01  9.908107E-01
  1.045000E+01  9.985958E-01
  1.055000E+01  9.931048E-01
  1.065000E+01  9.804091E-01
  1.075000E+01  9.718044E-01
  1.085000E+01  9.825245E-01
  1.095000E+01  1.018329E+00
  1.105000E+01  1.082186E+00
  1.115000E+01  1.167123E+00
  1.125000E+01  1.258689E+00
  1.135000E+01  1.344756E+00
  1.145000E+01  1.406173E+00
  1.155000E+01  1.424400E+00
  1.165000E+01  1.394072E+00
  1.175000E+01  1.325050E+00
  1.185000E+01  1.235973E+00
  1.195000E+01  1.138569E+00
Li      O       
  5.000000E-02  0.000000E+00
  1.500000E-01  0.000000E+00
  2.500000E-01  0.000000E+00
  3.500000E-01  0.000000E+00
  4.500000E-01  0.000000E+00
  5.500000E-01  0.000000E+00
  6.500000E-01  0.000000E+00
  7.500000E-01  0.000000E+00
  8.500000E-01  0.000000E+00
  9.500000E-01  0.000000E+00
  1.050000E+00  0.000000E+00
  1.150000E+00  0.000000E+00
  1.250000E+00  0.000000E+00
  1.350000E+00  0.000000E+00
  1.450000E+00  0.000000E+00
  1.550000E+00  2.219157E-03
  1.650000E+00  1.749522E-01
  1.750000E+00  1.526749E+00
  1.850000E+00  3.394224E+00
  1.950000E+00  3.573949E+00
  2.050000E+00  2.781946E+00
  2.150000E+00  2.020326E+00
  2.250000E+00  1.506213E+00
  2.350000E+00  1.199926E+00
  2.450000E+00  9.977325E-01
  2.550000E+00  8.121560E-01
  2.650000E+00  6.173758E-01
  2.750000E+00  4.316257E-01
  2.850000E+00  2.912341E-01
  2.950000E+00  2.233046E-01
  3.050000E+00  2.303620E-01
  3.150000E+00  3.063493E-01
  3.250000E+00  4.554016E-01
  3.350000E+00  6.782733E-01
  3.450000E+00  9.327537E-01
  3.550000E+00  1.133262E+00
  3.650000E+00  1.238196E+00
  3.750000E+00  1.280675E+00
  3.850000E+00  1.303705E+00
  3.950000E+00  1.315838E+00
  4.050000E+00  1.303387E+00
  4.150000E+00  1.268827E+00
  4.250000E+00  1.272885E+00
  4.350000E+00  1.338195E+00
  4.450000E+00  1.350915E+00
  4.550000E+00  1.252135E+00
  4.650000E+00  1.118040E+00
  4.750000E+00  1.006661E+00
  4.850000E+00  9.095616E-01
  4.950000E+00  8.285847E-01
  5.050000E+00  7.942516E-01
  5.150000E+00  8.386745E-01
  5.250000E+00  9.555800E-01
  5.350000E+00  1.070098E+00
  5.450000E+00  1.103516E+00
  5.550000E+00  1.055753E+00
  5.650000E+00  9.807667E-01
  5.750000E+00  9.170967E-01
  5.850000E+00  8.685119E-01
  5.950000E+00  8.234655E-01
  6.050000E+00  7.832888E-01
  6.150000E+00  7.673711E-01
  6.250000E+00  7.881992E-01
  6.350000E+00  8.396438E-01
  6.450000E+00  9.082303E-01
  6.550000E+00  9.725579E-01
  6.650000E+00  1.007402E+00
  6.750000E+00  9.941910E-01
  6.850000E+00  9.470297E-01
  6.950000E+00  9.082541E-01
  7.050000E+00  9.152845E-01
  7.150000E+00  9.697420E-01
  7.250000E+00  1.040243E+00
  7.350000E+00  1.091337E+00
  7.450000E+00  1.112586E+00
  7.550000E+00  1.132175E+00
  7.650000E+00  1.192761E+00
  7.750000E+00  1.291736E+00
  7.850000E+00  1.371221E+00
  7.950000E+00  1.371443E+00
  8.050000E+00  1.283016E+00
  8.150000E+00  1.137928E+00
  8.250000E+00  9.817265E-01
  8.350000E+00  8.587688E-01
  8.450000E+00  7.910862E-01
  8.550000E+00  7.728168E-01
  8.650000E+00  7.867338E-01
  8.750000E+00  8.155241E-01
  8.850000E+00  8.457891E-01
  8.950000E+00  8.659921E-01
  9.050000E+00  8.725044E-01
  9.150000E+00  8.740152E-01
  9.250000E+00  8.915415E-01
  9.350000E+00  9.314907E-01
  9.450000E+00  9.930203E-01
  9.550000E+00  1.074380E+00
  9.650000E+00  1.162649E+00
  9.750000E+00  1.218773E+00
  9.850000E+00  1.213544E+00
  9.950000E+00  1.165519E+00
  1.005000E+01  1.123485E+00
  1.015000E+01  1.112861E+00
  1.025000E+01  1.111759E+00
  1.035000E+01  1.075366E+00
  1.045000E+01  9.941133E-01
  1.055000E+01  9.051273E-01
  1.065000E+01  8.490851E-01
  1.075000E+01  8.309449E-01
  1.085000E+01  8.321446E-01
  1.095000E+01  8.368258E-01
  1.105000E+01  8.413218E-01
  1.115000E+01  8.524084E-01
  1.125000E+01  8.809921E-01
  1.135000E+01  9.314166E-01
  1.145000E+01  9.900579E-01
  1.155000E+01  1.036632E+00
  1.165000E+01  1.066664E+00
  1.175000E+01  1.087807E+00
  1.185000E+01  1.100823E+00
  1.195000E+01  1.101752E+00
Li      Zr      
  5.000000E-02  0.000000E+00
  1.500000E-01  0.000000E+00
  2.500000E-01  0.000000E+00
  3.500000E-01  0.000000E+00
  4.500000E-01  0.000000E+00
  5.500000E-01  0.000000E+00
  6.500000E-01  0.000000E+00
  7.500000E-01  0.000000E+00
  8.500000E-01  0.000000E+00
  9.500000E-01  0.000000E+00
  1.050000E+00  0.000000E+00
  1.150000E+00  0.000000E+00
  1.250000E+00  0.000000E+00
  1.350000E+00  0.000000E+00
  1.450000E+00  0.000000E+00
  1.550000E+00  0.000000E+00
  1.650000E+00  0.000000E+00
  1.750000E+00  0.000000E+00
  1.850000E+00  0.000000E+00
  1.950000E+00  0.000000E+00
  2.050000E+00  0.000000E+00
  2.150000E+00  0.000000E+00
  2.250000E+00  0.000000E+00
  2.350000E+00  0.000000E+00
  2.450000E+00  2.890604E-05
  2.550000E+00  1.407880E-03
  2.650000E+00  4.145651E-02
  2.750000E+00  4.173031E-01
  2.850000E+00  1.611805E+00
  2.950000E+00  2.962169E+00
  3.050000E+00  3.261084E+00
  3.150000E+00  2.793524E+00
  3.250000E+00  2.545511E+00
  3.350000E+00  2.563724E+00
  3.450000E+00  2.448703E+00
  3.550000E+00  2.188182E+00
  3.650000E+00  1.969503E+00
  3.750000E+00  1.763856E+00
  3.850000E+00  1.498016E+00
  3.950000E+00  1.202661E+00
  4.050000E+00  9.361902E-01
  4.150000E+00  7.637205E-01
  4.250000E+00  7.193661E-01
  4.350000E+00  7.815142E-01
  4.450000E+00  8.630146E-01
  4.550000E+00  8.622958E-01
  4.650000E+00  7.334119E-01
  4.750000E+00  5.234951E-01
  4.850000E+00  3.333358E-01
  4.950000E+00  2.284323E-01
  5.050000E+00  2.184812E-01
  5.150000E+00  2.898699E-01
  5.250000E+00  4.228857E-01
  5.350000E+00  5.833687E-01
  5.450000E+00  7.405727E-01
  5.550000E+00  8.803947E-01
  5.650000E+00  1.047693E+00
  5.750000E+00  1.265623E+00
  5.850000E+00  1.470116E+00
  5.950000E+00  1.513395E+00
  6.050000E+00  1.355587E+00
  6.150000E+00  1.144158E+00
  6.250000E+00  1.022496E+00
  6.350000E+00  9.451139E-01
  6.450000E+00  8.151117E-01
  6.550000E+00  6.398447E-01
  6.650000E+00  4.895695E-01
  6.750000E+00  4.342817E-01
  6.850000E+00  5.214759E-01
  6.950000E+00  7.356368E-01
  7.050000E+00  9.846348E-01
  7.150000E+00  1.147154E+00
  7.250000E+00  1.169232E+00
  7.350000E+00  1.117454E+00
  7.450000E+00  1.084635E+00
  7.550000E+00  1.133278E+00
  7.650000E+00  1.225811E+00
  7.750000E+00  1.258004E+00
  7.850000E+00  1.155174E+00
  7.950000E+00  9.414268E-01
  8.050000E+00  6.961361E-01
  8.150000E+00  5.657912E-01
  8.250000E+00  6.866364E-01
  8.350000E+00  1.081581E+00
  8.450000E+00  1.605981E+00
  8.550000E+00  2.030570E+00
  8.650000E+00  2.185555E+00
  8.750000E+00  2.046823E+00
  8.850000E+00  1.774761E+00
  8.950000E+00  1.510713E+00
  9.050000E+00  1.256904E+00
  9.150000E+00  9.909410E-01
  9.250000E+00  7.495776E-01
  9.350000E+00  5.793731E-01
  9.450000E+00  5.013190E-01
  9.550000E+00  4.952262E-01
  9.650000E+00  5.306081E-01
  9.750000E+00  5.758579E-01
  9.850000E+00  6.172456E-01
  9.950000E+00  6.493050E-01
  1.005000E+01  6.593740E-01
  1.015000E+01  6.359263E-01
  1.025000E+01  6.027274E-01
  1.035000E+01  6.138337E-01
  1.045000E+01  7.088956E-01
  1.055000E+01  8.723560E-01
  1.065000E+01  1.045009E+00
  1.075000E+01  1.157801E+00
  1.085000E+01  1.183788E+00
  1.095000E+01  1.152955E+00
  1.105000E+01  1.088647E+00
  1.115000E+01  9.752650E-01
  1.125000E+01  8.544952E-01
  1.135000E+01  8.254617E-01
  1.145000E+01  9.260175E-01
  1.155000E+01  1.110113E+00
  1.165000E+01  1.298342E+00
  1.175000E+01  1.411501E+00
  1.185000E+01  1.383922E+00
  1.195000E+01  1.234571E+00
Li      La      
  5.000000E-02  0.000000E+00
  1.500000E-01  0.000000E+00
  2.500000E-01  0.000000E+00
  3.500000E-01  0.000000E+00
  4.500000E-01  0.000000E+00
  5.500000E-01  0.000000E+00
  6.500000E-01  0.000000E+00
  7.500000E-01  0.000000E+00
  8.500000E-01  0.000000E+00
  9.500000E-01  0.000000E+00
  1.050000E+00  0.000000E+00
  1.150000E+00  0.000000E+00
  1.250000E+00  0.000000E+00
  1.350000E+00  0.000000E+00
  1.450000E+00  0.000000E+00
  1.550000E+00  0.000000E+00
  1.650000E+00  0.000000E+00
  1.750000E+00  0.000000E+00
  1.850000E+00  0.000000E+00
  1.950000E+00  0.000000E+00
  2.050000E+00  0.000000E+00
  2.150000E+00  0.000000E+00
  2.250000E+00  0.000000E+00
  2.350000E+00  0.000000E+00
  2.450000E+00  1.376478E-06
  2.550000E+00  4.362563E-05
  2.650000E+00  1.292660E-03
  2.750000E+00  1.827502E-02
  2.850000E+00  1.437658E-01
  2.950000E+00  6.850713E-01
  3.050000E+00  2.056400E+00
  3.150000E+00  3.816059E+00
  3.250000E+00  4.390694E+00
  3.350000E+00  3.381926E+00
  3.450000E+00  2.130376E+00
  3.550000E+00  1.523667E+00
  3.650000E+00  1.379021E+00
  3.750000E+00  1.326905E+00
  3.850000E+00  1.238228E+00
  3.950000E+00  1.171013E+00
  4.050000E+00  1.197608E+00
  4.150000E+00  1.279976E+00
  4.250000E+00  1.306652E+00
  4.350000E+00  1.205578E+00
  4.450000E+00  9.809270E-01
  4.550000E+00  7.228024E-01
  4.650000E+00  5.411849E-01
  4.750000E+00  4.728163E-01
  4.850000E+00  4.724458E-01
  4.950000E+00  4.795877E-01
  5.050000E+00  4.467431E-01
  5.150000E+00  3.779853E-01
  5.250000E+00  3.049752E-01
  5.350000E+00  2.856053E-01
  5.450000E+00  3.912707E-01
  5.550000E+00  7.193295E-01
  5.650000E+00  1.335615E+00
  5.750000E+00  2.104850E+00
  5.850000E+00  2.626336E+00
  5.950000E+00  2.539931E+00
  6.050000E+00  2.045947E+00
  6.150000E+00  1.592611E+00
  6.250000E+00  1.300752E+00
  6.350000E+00  1.089414E+00
  6.450000E+00  8.961860E-01
  6.550000E+00  7.228247E-01
  6.650000E+00  5.884241E-01
  6.750000E+00  4.903305E-01
  6.850000E+00  4.189875E-01
  6.950000E+00  3.789462E-01
  7.050000E+00  3.802974E-01
  7.150000E+00  4.302621E-01
  7.250000E+00  5.207084E-01
  7.350000E+00  6.366768E-01
  7.450000E+00  7.612377E-01
  7.550000E+00  8.680393E-01
  7.650000E+00  9.247002E-01
  7.750000E+00  9.136691E-01
  7.850000E+00  8.320065E-01
  7.950000E+00  7.177571E-01
  8.050000E+00  6.375257E-01
  8.150000E+00  6.194998E-01
  8.250000E+00  6.184754E-01
  8.350000E+00  6.154875E-01
  8.450000E+00  6.417834E-01
  8.550000E+00  7.312263E-01
  8.650000E+00  8.803011E-01
  8.750000E+00  1.063552E+00
  8.850000E+00  1.268469E+00
  8.950000E+00  1.444677E+00
  9.050000E+00  1.536840E+00
  9.150000E+00  1.552082E+00
  9.250000E+00  1.521824E+00
  9.350000E+00  1.473214E+00
  9.450000E+00  1.474752E+00
  9.550000E+00  1.595510E+00
  9.650000E+00  1.782550E+00
  9.750000E+00  1.876732E+00
  9.850000E+00  1.768455E+00
  9.950000E+00  1.526634E+00
  1.005000E+01  1.276936E+00
  1.015000E+01  1.067243E+00
  1.025000E+01  9.072893E-01
  1.035000E+01  8.051379E-01
  1.045000E+01  7.655061E-01
  1.055000E+01  7.766742E-01
  1.065000E+01  8.055377E-01
  1.075000E+01  8.221589E-01
  1.085000E+01  8.009559E-01
  1.095000E+01  7.378391E-01
  1.105000E+01  6.524942E-01
  1.115000E+01  5.793879E-01
  1.125000E+01  5.415605E-01
  1.135000E+01  5.538707E-01
  1.145000E+01  6.366045E-01
  1.155000E+01  7.948700E-01
  1.165000E+01  9.864362E-01
  1.175000E+01  1.142813E+00
  1.185000E+01  1.199758E+00
  1.195000E+01  1.120758E+00
O       O       
  5.000000E-02  0.000000E+00
  1.500000E-01  0.000000E+00
  2.500000E-01  0.000000E+00
  3.500000E-01  0.000000E+00
  4.500000E-01  0.000000E+00
  5.500000E-01  0.000000E+00
  6.500000E-01  0.000000E+00
  7.500000E-01  0.000000E+00
  8.500000E-01  0.000000E+00
  9.500000E-01  0.000000E+00
  1.050000E+00  0.000000E+00
  1.150000E+00  0.000000E+00
  1.250000E+00  0.000000E+00
  1.350000E+00  0.000000E+00
  1.450000E+00  0.000000E+00
  1.550000E+00  0.000000E+00
  1.650000E+00  0.000000E+00
  1.750000E+00  0.000000E+00
  1.850000E+00  0.000000E+00
  1.950000E+00  0.000000E+00
  2.050000E+00  0.000000E+00
  2.150000E+00  0.000000E+00
  2.250000E+00  1.398494E-05
  2.350000E+00  2.376444E-03
  2.450000E+00  9.204568E-02
  2.550000E+00  8.211192E-01
  2.650000E+00  2.060898E+00
  2.750000E+00  1.930678E+00
  2.850000E+00  1.525479E+00
  2.950000E+00  2.139578E+00
  3.050000E+00  2.671882E+00
  3.150000E+00  2.234298E+00
  3.250000E+00  1.541348E+00
  3.350000E+00  1.168886E+00
  3.450000E+00  9.670498E-01
  3.550000E+00  7.399145E-01
  3.650000E+00  6.062780E-01
  3.750000E+00  7.019389E-01
  3.850000E+00  9.493609E-01
  3.950000E+00  1.252175E+00
  4.050000E+00  1.153170E+00
  4.150000E+00  7.365109E-01
  4.250000E+00  5.645020E-01
  4.350000E+00  7.061508E-01
  4.450000E+00  9.418729E-01
  4.550000E+00  9.679202E-01
  4.650000E+00  7.495068E-01
  4.750000E+00  5.530341E-01
  4.850000E+00  4.769767E-01
  4.950000E+00  4.593515E-01
  5.050000E+00  5.129438E-01
  5.150000E+00  6.823026E-01
  5.250000E+00  9.131277E-01
  5.350000E+00  1.123675E+00
  5.450000E+00  1.378503E+00
  5.550000E+00  1.689435E+00
  5.650000E+00  1.824435E+00
  5.750000E+00  1.698769E+00
  5.850000E+00  1.466937E+00
  5.950000E+00  1.202732E+00
  6.050000E+00  9.142457E-01
  6.150000E+00  7.010444E-01
  6.250000E+00  6.986054E-01
  6.350000E+00  8.949081E-01
  6.450000E+00  1.082875E+00
  6.550000E+00  1.103029E+00
  6.650000E+00  9.971040E-01
  6.750000E+00  9.240177E-01
  6.850000E+00  1.004425E+00
  6.950000E+00  1.183129E+00
  7.050000E+00  1.245789E+00
  7.150000E+00  1.105066E+00
  7.250000E+00  9.040704E-01
  7.350000E+00  7.409601E-01
  7.450000E+00  5.835520E-01
  7.550000E+00  4.471458E-01
  7.650000E+00  4.647263E-01
  7.750000E+00  7.234108E-01
  7.850000E+00  1.044030E+00
  7.950000E+00  1.157096E+00
  8.050000E+00  1.108890E+00
  8.150000E+00  1.119685E+00
  8.250000E+00  1.191037E+00
  8.350000E+00  1.212831E+00
  8.450000E+00  1.172993E+00
  8.550000E+00  1.113045E+00
  8.650000E+00  1.065998E+00
  8.750000E+00  1.043139E+00
  8.850000E+00  1.037067E+00
  8.950000E+00  1.042259E+00
  9.050000E+00  1.062134E+00
  9.150000E+00  1.084617E+00
  9.250000E+00  1.094553E+00
  9.350000E+00  1.106185E+00
  9.450000E+00  1.130943E+00
  9.550000E+00  1.123397E+00
  9.650000E+00  1.019196E+00
  9.750000E+00  8.430732E-01
  9.850000E+00  7.201348E-01
  9.950000E+00  7.210268E-01
  1.005000E+01  7.957442E-01
  1.015000E+01  8.565157E-01
  1.025000E+01  8.716430E-01
  1.035000E+01  8.631341E-01
  1.045000E+01  8.805096E-01
  1.055000E+01  9.229237E-01
  1.065000E+01  9.734418E-01
  1.075000E+01  1.053780E+00
  1.085000E+01  1.156362E+00
  1.095000E+01  1.202876E+00
  1.105000E+01  1.179813E+00
  1.115000E+01  1.170101E+00
  1.125000E+01  1.188425E+00
  1.135000E+01  1.176191E+00
  1.145000E+01  1.130612E+00
  1.155000E+01  1.080122E+00
  1.165000E+01  1.020425E+00
  1.175000E+01  9.565152E-01
  1.185000E+01  9.203126E-01
  1.195000E+01  9.370143E-01
O       Zr      
  5.000000E-02  0.000000E+00
  1.500000E-01  0.000000E+00
  2.500000E-01  0.000000E+00
  3.500000E-01  0.000000E+00
  4.500000E-01  0.000000E+00
  5.500000E-01  0.000000E+00
  6.500000E-01  0.000000E+00
  7.500000E-01  0.000000E+00
  8.500000E-01  0.000000E+00
  9.500000E-01  0.000000E+00
  1.050000E+00  0.000000E+00
  1.150000E+00  0.000000E+00
  1.250000E+00  0.000000E+00
  1.350000E+00  0.000000E+00
  1.450000E+00  0.000000E+00
  1.550000E+00  0.000000E+00
  1.650000E+00  0.000000E+00
  1.750000E+00  3.444801E-03
  1.850000E+00  1.173170E+00
  1.950000E+00  1.146538E+01
  2.050000E+00  1.157550E+01
  2.150000E+00  2.464055E+00
  2.250000E+00  2.011721E-01
  2.350000E+00  1.007026E-02
  2.450000E+00  3.944847E-04
  2.550000E+00  3.048235E-05
  2.650000E+00  0.000000E+00
  2.750000E+00  0.000000E+00
  2.850000E+00  0.000000E+00
  2.950000E+00  0.000000E+00
  3.050000E+00  0.000000E+00
  3.150000E+00  0.000000E+00
  3.250000E+00  0.000000E+00
  3.350000E+00  0.000000E+00
  3.450000E+00  0.000000E+00
  3.550000E+00  2.317208E-05
  3.650000E+00  8.754654E-04
  3.750000E+00  1.628127E-02
  3.850000E+00  1.578044E-01
  3.950000E+00  7.467820E-01
  4.050000E+00  1.727299E+00
  4.150000E+00  2.010887E+00
  4.250000E+00  1.243728E+00
  4.350000E+00  6.375725E-01
  4.450000E+00  1.156178E+00
  4.550000E+00  2.453205E+00
  4.650000E+00  3.008343E+00
  4.750000E+00  2.268929E+00
  4.850000E+00  1.270832E+00
  4.950000E+00  9.585754E-01
  5.050000E+00  1.136692E+00
  5.150000E+00  1.132858E+00
  5.250000E+00  8.766361E-01
  5.350000E+00  8.701561E-01
  5.450000E+00  1.082125E+00
  5.550000E+00  9.369228E-01
  5.650000E+00  4.600860E-01
  5.750000E+00  1.438209E-01
  5.850000E+00  1.587554E-01
  5.950000E+00  4.872349E-01
  6.050000E+00  8.432326E-01
  6.150000E+00  9.282162E-01
  6.250000E+00  1.016563E+00
  6.350000E+00  1.334848E+00
  6.450000E+00  1.553537E+00
  6.550000E+00  1.417140E+00
  6.650000E+00  1.153359E+00
  6.750000E+00  9.323369E-01
  6.850000E+00  7.892881E-01
  6.950000E+00  1.016746E+00
  7.050000E+00  1.440314E+00
  7.150000E+00  1.483875E+00
  7.250000E+00  1.498588E+00
  7.350000E+00  1.782640E+00
  7.450000E+00  1.681674E+00
  7.550000E+00  1.136731E+00
  7.650000E+00  7.826601E-01
  7.750000E+00  6.405299E-01
  7.850000E+00  4.033069E-01
  7.950000E+00  1.838250E-01
  8.050000E+00  1.938886E-01
  8.150000E+00  4.367367E-01
  8.250000E+00  7.900012E-01
  8.350000E+00  1.045167E+00
  8.450000E+00  1.081068E+00
  8.550000E+00  1.044514E+00
  8.650000E+00  1.040289E+00
  8.750000E+00  9.950161E-01
  8.850000E+00  8.609136E-01
  8.950000E+00  7.954293E-01
  9.050000E+00  8.505334E-01
  9.150000E+00  8.503765E-01
  9.250000E+00  7.948273E-01
  9.350000E+00  8.109445E-01
  9.450000E+00  9.925127E-01
  9.550000E+00  1.271060E+00
  9.650000E+00  1.411435E+00
  9.750000E+00  1.307410E+00
  9.850000E+00  1.115183E+00
  9.950000E+00  1.076209E+00
  1.005000E+01  1.179642E+00
  1.015000E+01  1.180162E+00
  1.025000E+01  1.089425E+00
  1.035000E+01  1.063425E+00
  1.045000E+01  1.015394E+00
  1.055000E+01  8.824791E-01
  1.065000E+01  9.036292E-01
  1.075000E+01  1.263017E+00
  1.085000E+01  1.743644E+00
  1.095000E+01  1.958548E+00
  1.105000E+01  1.722723E+00
  1.115000E+01  1.183032E+00
  1.125000E+01  6.795836E-01
  1.135000E+01  4.495298E-01
  1.145000E+01  4.197838E-01
  1.155000E+01  3.909772E-01
  1.165000E+01  3.387820E-01
  1.175000E+01  4.019325E-01
  1.185000E+01  6.066403E-01
  1.195000E+01  7.780792E-01
O       La      
  5.000000E-02  0.000000E+00
  1.500000E-01  0.000000E+00
  2.500000E-01  0.000000E+00
  3.500000E-01  0.000000E+00
  4.500000E-01  0.000000E+00
  5.500000E-01  0.000000E+00
  6.500000E-01  0.000000E+00
  7.500000E-01  0.000000E+00
  8.500000E-01  0.000000E+00
  9.500000E-01  0.000000E+00
  1.050000E+00  0.000000E+00
  1.150000E+00  0.000000E+00
  1.250000E+00  0.000000E+00
  1.350000E+00  0.000000E+00
  1.450000E+00  0.000000E+00
  1.550000E+00  0.000000E+00
  1.650000E+00  0.000000E+00
  1.750000E+00  0.000000E+00
  1.850000E+00  0.000000E+00
  1.950000E+00  0.000000E+00
  2.050000E+00  0.000000E+00
  2.150000E+00  1.027528E-03
  2.250000E+00  2.108611E-01
  2.350000E+00  2.836458E+00
  2.450000E+00  7.115815E+00
  2.550000E+00  6.516803E+00
  2.650000E+00  3.492757E+00
  2.750000E+00  1.477849E+00
  2.850000E+00  5.699915E-01
  2.950000E+00  2.098489E-01
  3.050000E+00  7.349336E-02
  3.150000E+00  2.332998E-02
  3.250000E+00  6.622344E-03
  3.350000E+00  1.587666E-03
  3.450000E+00  2.890641E-04
  3.550000E+00  1.654346E-04
  3.650000E+00  1.991473E-03
  3.750000E+00  2.525644E-02
  3.850000E+00  1.946031E-01
  3.950000E+00  8.516073E-01
  4.050000E+00  2.021423E+00
  4.150000E+00  2.602869E+00
  4.250000E+00  1.846530E+00
  4.350000E+00  7.283207E-01
  4.450000E+00  2.010545E-01
  4.550000E+00  2.473778E-01
  4.650000E+00  6.503600E-01
  4.750000E+00  1.163117E+00
  4.850000E+00  1.459191E+00
  4.950000E+00  1.359678E+00
  5.050000E+00  1.101111E+00
  5.150000E+00  1.353827E+00
  5.250000E+00  2.129018E+00
  5.350000E+00  2.313450E+00
  5.450000E+00  1.823395E+00
  5.550000E+00  1.305985E+00
  5.650000E+00  7.742128E-01
  5.750000E+00  3.231258E-01
  5.850000E+00  1.667979E-01
  5.950000E+00  3.324789E-01
  6.050000E+00  6.543930E-01
  6.150000E+00  8.798121E-01
  6.250000E+00  8.677787E-01
  6.350000E+00  6.079429E-01
  6.450000E+00  3.125710E-01
  6.550000E+00  2.649201E-01
  6.650000E+00  5.110555E-01
  6.750000E+00  8.072040E-01
  6.850000E+00  8.367688E-01
  6.950000E+00  7.031710E-01
  7.050000E+00  8.800095E-01
  7.150000E+00  1.494620E+00
  7.250000E+00  2.056396E+00
  7.350000E+00  2.054429E+00
  7.450000E+00  1.563035E+00
  7.550000E+00  1.058404E+00
  7.650000E+00  9.382787E-01
  7.750000E+00  1.286407E+00
  7.850000E+00  1.757425E+00
  7.950000E+00  1.853634E+00
  8.050000E+00  1.440549E+00
  8.150000E+00  8.343336E-01
  8.250000E+00  4.531789E-01
  8.350000E+00  3.937068E-01
  8.450000E+00  4.676295E-01
  8.550000E+00  4.771338E-01
  8.650000E+00  4.253437E-01
  8.750000E+00  5.118308E-01
  8.850000E+00  8.320543E-01
  8.950000E+00  1.090167E+00
  9.050000E+00  1.004813E+00
  9.150000E+00  8.325864E-01
  9.250000E+00  9.235305E-01
  9.350000E+00  1.188990E+00
  9.450000E+00  1.346851E+00
  9.550000E+00  1.313780E+00
  9.650000E+00  1.191295E+00
  9.750000E+00  1.112483E+00
  9.850000E+00  1.189996E+00
  9.950000E+00  1.262330E+00
  1.005000E+01  1.050541E+00
  1.015000E+01  7.577305E-01
  1.025000E+01  7.500461E-01
  1.035000E+01  9.530962E-01
  1.045000E+01  1.068832E+00
  1.055000E+01  1.042421E+00
  1.065000E+01  1.043047E+00
  1.075000E+01  1.066192E+00
  1.085000E+01  1.031109E+00
  1.095000E+01  1.040913E+00
  1.105000E+01  1.139383E+00
  1.115000E+01  1.159205E+00
  1.125000E+01  1.026961E+00
  1.135000E+01  8.521113E-01
  1.145000E+01  7.754887E-01
  1.155000E+01  8.291662E-01
  1.165000E+01  8.857509E-01
  1.175000E+01  8.072489E-01
  1.185000E+01  6.604405E-01
  1.195000E+01  6.431746E-01
Zr      Zr      
  5.000000E-02  0.000000E+00
  1.500000E-01  0.000000E+00
  2.500000E-01  0.000000E+00
  3.500000E-01  0.000000E+00
  4.500000E-01  0.000000E+00
  5.500000E-01  0.000000E+00
  6.500000E-01  0.000000E+00
  7.500000E-01  0.000000E+00
  8.500000E-01  0.000000E+00
  9.500000E-01  0.000000E+00
  1.050000E+00  0.000000E+00
  1.150000E+00  0.000000E+00
  1.250000E+00  0.000000E+00
  1.350000E+00  0.000000E+00
  1.450000E+00  0.000000E+00
  1.550000E+00  0.000000E+00
  1.650000E+00  0.000000E+00
  1.750000E+00  0.000000E+00
  1.850000E+00  0.000000E+00
  1.950000E+00  0.000000E+00
  2.050000E+00  0.000000E+00
  2.150000E+00  0.000000E+00
  2.250000E+00  0.000000E+00
  2.350000E+00  0.000000E+00
  2.450000E+00  0.000000E+00
  2.550000E+00  0.000000E+00
  2.650000E+00  0.000000E+00
  2.750000E+00  0.000000E+00
  2.850000E+00  0.000000E+00
  2.950000E+00  0.000000E+00
  3.050000E+00  0.000000E+00
  3.150000E+00  0.000000E+00
  3.250000E+00  0.000000E+00
  3.350000E+00  0.000000E+00
  3.450000E+00  0.000000E+00
  3.550000E+00  0.000000E+00
  3.650000E+00  0.000000E+00
  3.750000E+00  0.000000E+00
  3.850000E+00  0.000000E+00
  3.950000E+00  0.000000E+00
  4.050000E+00  0.000000E+00
  4.150000E+00  0.000000E+00
  4.250000E+00  0.000000E+00
  4.350000E+00  0.000000E+00
  4.450000E+00  0.000000E+00
  4.550000E+00  0.000000E+00
  4.650000E+00  0.000000E+00
  4.750000E+00  0.000000E+00
  4.850000E+00  0.000000E+00
  4.950000E+00  0.000000E+00
  5.050000E+00  9.086604E-05
  5.150000E+00  3.283249E-03
  5.250000E+00  6.191930E-02
  5.350000E+00  5.457285E-01
  5.450000E+00  2.849841E+00
  5.550000E+00  8.169855E+00
  5.650000E+00  1.006913E+01
  5.750000E+00  4.788859E+00
  5.850000E+00  9.894219E-01
  5.950000E+00  9.614695E-02
  6.050000E+00  5.766512E-03
  6.150000E+00  4.979685E-02
  6.250000E+00  5.699715E-01
  6.350000E+00  2.640135E+00
  6.450000E+00  5.235451E+00
  6.550000E+00  4.671433E+00
  6.650000E+00  1.928948E+00
  6.750000E+00  3.787355E-01
  6.850000E+00  3.475960E-02
  6.950000E+00  1.811193E-03
  7.050000E+00  7.100593E-05
  7.150000E+00  0.000000E+00
  7.250000E+00  0.000000E+00
  7.350000E+00  0.000000E+00
  7.450000E+00  0.000000E+00
  7.550000E+00  0.000000E+00
  7.650000E+00  0.000000E+00
  7.750000E+00  0.000000E+00
  7.850000E+00  0.000000E+00
  7.950000E+00  0.000000E+00
  8.050000E+00  0.000000E+00
  8.150000E+00  0.000000E+00
  8.250000E+00  0.000000E+00
  8.350000E+00  0.000000E+00
  8.450000E+00  0.000000E+00
  8.550000E+00  0.000000E+00
  8.650000E+00  1.417867E-04
  8.750000E+00  5.831646E-03
  8.850000E+00  9.990430E-02
  8.950000E+00  7.838673E-01
  9.050000E+00  2.940268E+00
  9.150000E+00  5.215423E+00
  9.250000E+00  4.366809E+00
  9.350000E+00  1.737152E+00
  9.450000E+00  3.291613E-01
  9.550000E+00  3.084165E-02
  9.650000E+00  1.203619E-03
  9.750000E+00  2.370636E-05
  9.850000E+00  0.000000E+00
  9.950000E+00  0.000000E+00
  1.005000E+01  0.000000E+00
  1.015000E+01  1.279464E-05
  1.025000E+01  1.160727E-03
  1.035000E+01  2.217887E-02
  1.045000E+01  2.523511E-01
  1.055000E+01  1.550654E+00
  1.065000E+01  4.881285E+00
  1.075000E+01  7.587817E+00
  1.085000E+01  5.733782E+00
  1.095000E+01  2.225760E+00
  1.105000E+01  9.911204E-01
  1.115000E+01  1.783886E+00
  1.125000E+01  2.412816E+00
  1.135000E+01  1.492328E+00
  1.145000E+01  4.422667E-01
  1.155000E+01  6.989024E-02
  1.165000E+01  6.224147E-03
  1.175000E+01  2.583959E-04
  1.185000E+01  7.721522E-06
  1.195000E+01  0.000000E+00
Zr      La      
  5.000000E-02  0.000000E+00
  1.500000E-01  0.000000E+00
  2.500000E-01  0.000000E+00
  3.500000E-01  0.000000E+00
  4.500000E-01  0.000000E+00
  5.500000E-01  0.000000E+00
  6.500000E-01  0.000000E+00
  7.500000E-01  0.000000E+00
  8.500000E-01  0.000000E+00
  9.500000E-01  0.000000E+00
  1.050000E+00  0.000000E+00
  1.150000E+00  0.000000E+00
  1.250000E+00  0.000000E+00
  1.350000E+00  0.000000E+00
  1.450000E+00  0.000000E+00
  1.550000E+00  0.000000E+00
  1.650000E+00  0.000000E+00
  1.750000E+00  0.000000E+00
  1.850000E+00  0.000000E+00
  1.950000E+00  0.000000E+00
  2.050000E+00  0.000000E+00
  2.150000E+00  0.000000E+00
  2.250000E+00  0.000000E+00
  2.350000E+00  0.000000E+00
  2.450000E+00  0.000000E+00
  2.550000E+00  0.000000E+00
  2.650000E+00  0.000000E+00
  2.750000E+00  0.000000E+00
  2.850000E+00  0.000000E+00
  2.950000E+00  0.000000E+00
  3.050000E+00  0.000000E+00
  3.150000E+00  0.000000E+00
  3.250000E+00  1.769414E-04
  3.350000E+00  5.198704E-02
  3.450000E+00  1.806278E+00
  3.550000E+00  1.077621E+01
  3.650000E+00  1.422222E+01
  3.750000E+00  5.356964E+00
  3.850000E+00  7.690427E-01
  3.950000E+00  5.528984E-02
  4.050000E+00  2.546084E-03
  4.150000E+00  7.193617E-05
  4.250000E+00  0.000000E+00
  4.350000E+00  0.000000E+00
  4.450000E+00  0.000000E+00
  4.550000E+00  0.000000E+00
  4.650000E+00  0.000000E+00
  4.750000E+00  0.000000E+00
  4.850000E+00  0.000000E+00
  4.950000E+00  0.000000E+00
  5.050000E+00  0.000000E+00
  5.150000E+00  0.000000E+00
  5.250000E+00  6.421474E-05
  5.350000E+00  2.848445E-03
  5.450000E+00  4.055177E-02
  5.550000E+00  3.058324E-01
  5.650000E+00  1.252566E+00
  5.750000E+00  2.923233E+00
  5.850000E+00  3.884483E+00
  5.950000E+00  2.884049E+00
  6.050000E+00  1.154288E+00
  6.150000E+00  2.455539E-01
  6.250000E+00  2.652340E-02
  6.350000E+00  1.589156E-03
  6.450000E+00  4.526682E-05
  6.550000E+00  1.320156E-06
  6.650000E+00  0.000000E+00
  6.750000E+00  1.864628E-06
  6.850000E+00  9.641364E-05
  6.950000E+00  1.976956E-03
  7.050000E+00  3.099886E-02
  7.150000E+00  2.957472E-01
  7.250000E+00  1.561296E+00
  7.350000E+00  4.178295E+00
  7.450000E+00  5.313095E+00
  7.550000E+00  3.224570E+00
  7.650000E+00  9.674507E-01
  7.750000E+00  1.538794E-01
  7.850000E+00  1.426092E-02
  7.950000E+00  1.004126E-03
  8.050000E+00  3.201082E-05
  8.150000E+00  3.261574E-05
  8.250000E+00  1.397497E-03
  8.350000E+00  2.922417E-02
  8.450000E+00  3.105468E-01
  8.550000E+00  1.665679E+00
  8.650000E+00  4.438504E+00
  8.750000E+00  5.752260E+00
  8.850000E+00  3.613390E+00
  8.950000E+00  1.107284E+00
  9.050000E+00  1.669099E-01
  9.150000E+00  1.290066E-02
  9.250000E+00  5.043273E-04
  9.350000E+00  1.081136E-04
  9.450000E+00  3.070956E-03
  9.550000E+00  4.189333E-02
  9.650000E+00  2.834261E-01
  9.750000E+00  9.246074E-01
  9.850000E+00  1.479866E+00
  9.950000E+00  1.167131E+00
  1.005000E+01  4.619457E-01
  1.015000E+01  9.447635E-02
  1.025000E+01  9.981950E-03
  1.035000E+01  1.065651E-03
  1.045000E+01  8.698468E-03
  1.055000E+01  9.652240E-02
  1.065000E+01  6.013101E-01
  1.075000E+01  1.999312E+00
  1.085000E+01  3.451685E+00
  1.095000E+01  3.067670E+00
  1.105000E+01  1.408676E+00
  1.115000E+01  3.381362E-01
  1.125000E+01  4.345615E-02
  1.135000E+01  7.333832E-03
  1.145000E+01  4.833978E-02
  1.155000E+01  3.246336E-01
  1.165000E+01  1.274020E+00
  1.175000E+01  2.700876E+00
  1.185000E+01  2.899581E+00
  1.195000E+01  1.569784E+00
La      La      
  5.000000E-02  0.000000E+00
  1.500000E-01  0.000000E+00
  2.500000E-01  0.000000E+00
  3.500000E-01  0.000000E+00
  4.500000E-01  0.000000E+00
  5.500000E-01  0.000000E+00
  6.500000E-01  0.000000E+00
  7.500000E-01  0.000000E+00
  8.500000E-01  0.000000E+00
  9.500000E-01  0.000000E+00
  1.050000E+00  0.000000E+00
  1.150000E+00  0.000000E+00
  1.250000E+00  0.000000E+00
  1.350000E+00  0.000000E+00
  1.450000E+00  0.000000E+00
  1.550000E+00  0.000000E+00
  1.650000E+00  0.000000E+00
  1.750000E+00  0.000000E+00
  1.850000E+00  0.000000E+00
  1.950000E+00  0.000000E+00
  2.050000E+00  0.000000E+00
  2.150000E+00  0.000000E+00
  2.250000E+00  0.000000E+00
  2.350000E+00  0.000000E+00
  2.450000E+00  0.000000E+00
  2.550000E+00  0.000000E+00
  2.650000E+00  0.000000E+00
  2.750000E+00  0.000000E+00
  2.850000E+00  0.000000E+00
  2.950000E+00  0.000000E+00
  3.050000E+00  0.000000E+00
  3.150000E+00  0.000000E+00
  3.250000E+00  0.000000E+00
  3.350000E+00  0.000000E+00
  3.450000E+00  0.000000E+00
  3.550000E+00  4.811690E-04
  3.650000E+00  3.006367E-02
  3.750000E+00  6.286302E-01
  3.850000E+00  3.633417E+00
  3.950000E+00  7.021067E+00
  4.050000E+00  5.220213E+00
  4.150000E+00  1.612210E+00
  4.250000E+00  2.148590E-01
  4.350000E+00  1.396484E-02
  4.450000E+00  4.893923E-04
  4.550000E+00  0.000000E+00
  4.650000E+00  0.000000E+00
  4.750000E+00  0.000000E+00
  4.850000E+00  0.000000E+00
  4.950000E+00  0.000000E+00
  5.050000E+00  0.000000E+00
  5.150000E+00  0.000000E+00
  5.250000E+00  0.000000E+00
  5.350000E+00  8.580274E-06
  5.450000E+00  1.437412E-04
  5.550000E+00  2.356952E-03
  5.650000E+00  3.245600E-02
  5.750000E+00  2.567417E-01
  5.850000E+00  1.194638E+00
  5.950000E+00  3.189226E+00
  6.050000E+00  4.779555E+00
  6.150000E+00  3.991785E+00
  6.250000E+00  1.953533E+00
  6.350000E+00  1.050967E+00
  6.450000E+00  1.188964E+00
  6.550000E+00  1.009508E+00
  6.650000E+00  4.404741E-01
  6.750000E+00  1.012296E-01
  6.850000E+00  2.069296E-02
  6.950000E+00  1.088544E-01
  7.050000E+00  7.825893E-01
  7.150000E+00  2.588574E+00
  7.250000E+00  3.846978E+00
  7.350000E+00  2.801249E+00
  7.450000E+00  1.597350E+00
  7.550000E+00  1.642214E+00
  7.650000E+00  1.585734E+00
  7.750000E+00  8.314532E-01
  7.850000E+00  2.170570E-01
  7.950000E+00  2.794778E-02
  8.050000E+00  1.698298E-03
  8.150000E+00  3.469902E-05
  8.250000E+00  3.608346E-06
  8.350000E+00  1.545808E-04
  8.450000E+00  4.360701E-03
  8.550000E+00  5.823175E-02
  8.650000E+00  3.865936E-01
  8.750000E+00  1.307593E+00
  8.850000E+00  2.314975E+00
  8.950000E+00  2.265014E+00
  9.050000E+00  1.629537E+00
  9.150000E+00  1.355164E+00
  9.250000E+00  9.792132E-01
  9.350000E+00  4.005393E-01
  9.450000E+00  8.547794E-02
  9.550000E+00  1.479540E-02
  9.650000E+00  6.255115E-02
  9.750000E+00  3.954016E-01
  9.850000E+00  1.372176E+00
  9.950000E+00  2.534897E+00
  1.005000E+01  2.513100E+00
  1.015000E+01  1.351909E+00
  1.025000E+01  3.989869E-01
  1.035000E+01  6.491790E-02
  1.045000E+01  5.974846E-03
  1.055000E+01  8.069173E-04
  1.065000E+01  1.173279E-02
  1.075000E+01  1.356654E-01
  1.085000E+01  6.950214E-01
  1.095000E+01  1.618491E+00
  1.105000E+01  1.993886E+00
  1.115000E+01  1.862813E+00
  1.125000E+01  1.647626E+00
  1.135000E+01  1.041242E+00
  1.145000E+01  5.559221E-01
  1.155000E+01  7.988175E-01
  1.165000E+01  1.530012E+00
  1.175000E+01  2.265128E+00
  1.185000E+01  2.792506E+00
  1.195000E+01  2.609819E+00
