; material = LLZO                                                       
        10       120
Li      Li      
  5.000000E-02  0.000000E+00
  1.500000E-01  0.000000E+00
  2.500000E-01  0.000000E+00
  3.500000E-01  0.000000E+00
  4.500000E-01  0.000000E+00
  5.500000E-01  0.000000E+00
  6.500000E-01  0.000000E+00
  7.500000E-01  0.000000E+00
  8.500000E-01  0.000000E+00
  9.500000E-01  0.000000E+00
  1.050000E+00  0.000000E+00
  1.150000E+00  0.000000E+00
  1.250000E+00  0.000000E+00
  1.350000E+00  0.000000E+00
  1.450000E+00  0.000000E+00
  1.550000E+00  1.776339E-04
  1.650000E+00  2.608957E-03
  1.750000E+00  2.325803E-02
  1.850000E+00  1.213705E-01
  1.950000E+00  4.014377E-01
  2.050000E+00  9.204368E-01
  2.150000E+00  1.540813E+00
  2.250000E+00  1.993471E+00
  2.350000E+00  2.102900E+00
  2.450000E+00  1.913077E+00
  2.550000E+00  1.575101E+00
  2.650000E+00  1.233630E+00
  2.750000E+00  9.701557E-01
  2.850000E+00  7.909735E-01
  2.950000E+00  6.828710E-01
  3.050000E+00  6.122770E-01
  3.150000E+00  5.733762E-01
  3.250000E+00  5.487876E-01
  3.350000E+00  5.400016E-01
  3.450000E+00  5.433435E-01
  3.550000E+00  5.535868E-01
  3.650000E+00  5.606299E-01
  3.750000E+00  5.701473E-01
  3.850000E+00  5.648181E-01
  3.950000E+00  5.532472E-01
  4.050000E+00  5.363230E-01
  4.150000E+00  5.300850E-01
  4.250000E+00  5.507668E-01
  4.350000E+00  6.135872E-01
  4.450000E+00  7.162785E-01
  4.550000E+00  8.307496E-01
  4.650000E+00  9.213724E-01
  4.750000E+00  9.682208E-01
  4.850000E+00  9.719028E-01
  4.950000E+00  9.473097E-01
  5.050000E+00  9.075723E-01
  5.150000E+00  8.671163E-01
  5.250000E+00  8.311495E-01
  5.350000E+00  8.060437E-01
  5.450000E+00  7.990207E-01
  5.550000E+00  8.196400E-01
  5.650000E+00  8.750593E-01
  5.750000E+00  9.725309E-01
  5.850000E+00  1.105850E+00
  5.950000E+00  1.258261E+00
  6.050000E+00  1.395914E+00
  6.150000E+00  1.497183E+00
  6.250000E+00  1.539650E+00
  6.350000E+00  1.526724E+00
  6.450000E+00  1.469239E+00
  6.550000E+00  1.391135E+00
  6.650000E+00  1.308363E+00
  6.750000E+00  1.235409E+00
  6.850000E+00  1.184540E+00
  6.950000E+00  1.155971E+00
  7.050000E+00  1.145057E+00
  7.150000E+00  1.145896E+00
  7.250000E+00  1.146990E+00
  7.350000E+00  1.139827E+00
  7.450000E+00  1.119000E+00
  7.550000E+00  1.085888E+00
  7.650000E+00  1.048092E+00
  7.750000E+00  1.011011E+00
  7.850000E+00  9.810098E-01
  7.950000E+00  9.581771E-01
  8.050000E+00  9.395694E-01
  8.150000E+00  9.242639E-01
  8.250000E+00  9.116466E-01
  8.350000E+00  9.008415E-01
  8.450000E+00  8.954732E-01
  8.550000E+00  8.942556E-01
  8.650000E+00  8.964982E-01
  8.750000E+00  8.964994E-01
  8.850000E+00  8.918391E-01
  8.950000E+00  8.803880E-01
  9.050000E+00  8.637883E-01
  9.150000E+00  8.440638E-01
  9.250000E+00  8.210759E-01
  9.350000E+00  7.972456E-01
  9.450000E+00  7.764203E-01
  9.550000E+00  7.621266E-01
  9.650000E+00  7.589672E-01
  9.750000E+00  7.660579E-01
  9.850000E+00  7.842961E-01
  9.950000E+00  8.132256E-01
  1.005000E+01  8.504429E-01
  1.015000E+01  8.901742E-01
  1.025000E+01  9.273649E-01
  1.035000E+01  9.555837E-01
  1.045000E+01  9.738490E-01
  1.055000E+01  9.837847E-01
  1.065000E+01  9.896496E-01
  1.075000E+01  9.941891E-01
  1.085000E+01  1.007477E+00
  1.095000E+01  1.030443E+00
  1.105000E+01  1.066599E+00
  1.115000E+01  1.118086E+00
  1.125000E+01  1.178795E+00
  1.135000E+01  1.244277E+00
  1.145000E+01  1.299665E+00
  1.155000E+01  1.336105E+00
  1.165000E+01  1.343560E+00
  1.175000E+01  1.322175E+00
  1.185000E+01  1.275718E+00
  1.195000E+01  1.214562E+00
Li      O       
  5.000000E-02  0.000000E+00
  1.500000E-01  0.000000E+00
  2.500000E-01  0.000000E+00
  3.500000E-01  0.000000E+00
  4.500000E-01  0.000000E+00
  5.500000E-01  0.000000E+00
  6.500000E-01  0.000000E+00
  7.500000E-01  0.000000E+00
  8.500000E-01  0.000000E+00
  9.500000E-01  0.000000E+00
  1.050000E+00  0.000000E+00
  1.150000E+00  0.000000E+00
  1.250000E+00  0.000000E+00
  1.350000E+00  0.000000E+00
  1.450000E+00  4.891884E-04
  1.550000E+00  3.870122E-02
  1.650000E+00  4.976803E-01
  1.750000E+00  1.835223E+00
  1.850000E+00  3.049235E+00
  1.950000E+00  3.174524E+00
  2.050000E+00  2.622997E+00
  2.150000E+00  1.986920E+00
  2.250000E+00  1.495426E+00
  2.350000E+00  1.159165E+00
  2.450000E+00  9.365704E-01
  2.550000E+00  7.768629E-01
  2.650000E+00  6.469548E-01
  2.750000E+00  5.350830E-01
  2.850000E+00  4.401108E-01
  2.950000E+00  3.775040E-01
  3.050000E+00  3.616810E-01
  3.150000E+00  4.039368E-01
  3.250000E+00  5.085213E-01
  3.350000E+00  6.683541E-01
  3.450000E+00  8.550893E-01
  3.550000E+00  1.026073E+00
  3.650000E+00  1.146442E+00
  3.750000E+00  1.210034E+00
  3.850000E+00  1.236662E+00
  3.950000E+00  1.248304E+00
  4.050000E+00  1.259053E+00
  4.150000E+00  1.286420E+00
  4.250000E+00  1.335529E+00
  4.350000E+00  1.379737E+00
  4.450000E+00  1.364805E+00
  4.550000E+00  1.280676E+00
  4.650000E+00  1.156180E+00
  4.750000E+00  1.033024E+00
  4.850000E+00  9.350233E-01
  4.950000E+00  8.664241E-01
  5.050000E+00  8.382763E-01
  5.150000E+00  8.609693E-01
  5.250000E+00  9.286934E-01
  5.350000E+00  1.003754E+00
  5.450000E+00  1.045827E+00
  5.550000E+00  1.038110E+00
  5.650000E+00  9.953072E-01
  5.750000E+00  9.427974E-01
  5.850000E+00  8.943854E-01
  5.950000E+00  8.552413E-01
  6.050000E+00  8.241596E-01
  6.150000E+00  8.045783E-01
  6.250000E+00  8.023462E-01
  6.350000E+00  8.193119E-01
  6.450000E+00  8.534323E-01
  6.550000E+00  8.970705E-01
  6.650000E+00  9.385507E-01
  6.750000E+00  9.662756E-01
  6.850000E+00  9.757653E-01
  6.950000E+00  9.720359E-01
  7.050000E+00  9.707920E-01
  7.150000E+00  9.854507E-01
  7.250000E+00  1.017943E+00
  7.350000E+00  1.055818E+00
  7.450000E+00  1.086948E+00
  7.550000E+00  1.114814E+00
  7.650000E+00  1.154017E+00
  7.750000E+00  1.211712E+00
  7.850000E+00  1.273742E+00
  7.950000E+00  1.307118E+00
  8.050000E+00  1.284461E+00
  8.150000E+00  1.206428E+00
  8.250000E+00  1.093567E+00
  8.350000E+00  9.772529E-01
  8.450000E+00  8.850724E-01
  8.550000E+00  8.273240E-01
  8.650000E+00  8.044329E-01
  8.750000E+00  8.049819E-01
  8.850000E+00  8.198369E-01
  8.950000E+00  8.393679E-01
  9.050000E+00  8.588443E-01
  9.150000E+00  8.777089E-01
  9.250000E+00  8.981755E-01
  9.350000E+00  9.276257E-01
  9.450000E+00  9.708116E-01
  9.550000E+00  1.028801E+00
  9.650000E+00  1.095155E+00
  9.750000E+00  1.153774E+00
  9.850000E+00  1.184663E+00
  9.950000E+00  1.181153E+00
  1.005000E+01  1.153338E+00
  1.015000E+01  1.120019E+00
  1.025000E+01  1.092699E+00
  1.035000E+01  1.065954E+00
  1.045000E+01  1.028604E+00
  1.055000E+01  9.774696E-01
  1.065000E+01  9.229280E-01
  1.075000E+01  8.788330E-01
  1.085000E+01  8.521468E-01
  1.095000E+01  8.427281E-01
  1.105000E+01  8.462771E-01
  1.115000E+01  8.588444E-01
  1.125000E+01  8.802891E-01
  1.135000E+01  9.092826E-01
  1.145000E+01  9.442920E-01
  1.155000E+01  9.816480E-01
  1.165000E+01  1.016868E+00
  1.175000E+01  1.046573E+00
  1.185000E+01  1.069351E+00
  1.195000E+01  1.084399E+00
Li      Zr      
  5.000000E-02  0.000000E+00
  1.500000E-01  0.000000E+00
  2.500000E-01  0.000000E+00
  3.500000E-01  0.000000E+00
  4.500000E-01  0.000000E+00
  5.500000E-01  0.000000E+00
  6.500000E-01  0.000000E+00
  7.500000E-01  0.000000E+00
  8.500000E-01  0.000000E+00
  9.500000E-01  0.000000E+00
  1.050000E+00  0.000000E+00
  1.150000E+00  0.000000E+00
  1.250000E+00  0.000000E+00
  1.350000E+00  0.000000E+00
  1.450000E+00  0.000000E+00
  1.550000E+00  0.000000E+00
  1.650000E+00  0.000000E+00
  1.750000E+00  0.000000E+00
  1.850000E+00  0.000000E+00
  1.950000E+00  0.000000E+00
  2.050000E+00  0.000000E+00
  2.150000E+00  0.000000E+00
  2.250000E+00  0.000000E+00
  2.350000E+00  4.275019E-05
  2.450000E+00  1.505346E-03
  2.550000E+00  2.344182E-02
  2.650000E+00  1.651127E-01
  2.750000E+00  6.508172E-01
  2.850000E+00  1.525364E+00
  2.950000E+00  2.399983E+00
  3.050000E+00  2.850976E+00
  3.150000E+00  2.874844E+00
  3.250000E+00  2.709448E+00
  3.350000E+00  2.556939E+00
  3.450000E+00  2.419525E+00
  3.550000E+00  2.250140E+00
  3.650000E+00  2.043708E+00
  3.750000E+00  1.798509E+00
  3.850000E+00  1.528436E+00
  3.950000E+00  1.260860E+00
  4.050000E+00  1.035947E+00
  4.150000E+00  8.723814E-01
  4.250000E+00  7.821958E-01
  4.350000E+00  7.422625E-01
  4.450000E+00  7.365128E-01
  4.550000E+00  7.261863E-01
  4.650000E+00  6.878616E-01
  4.750000E+00  6.102904E-01
  4.850000E+00  5.140287E-01
  4.950000E+00  4.292184E-01
  5.050000E+00  3.828338E-01
  5.150000E+00  3.909725E-01
  5.250000E+00  4.375916E-01
  5.350000E+00  5.144067E-01
  5.450000E+00  6.076614E-01
  5.550000E+00  7.273908E-01
  5.650000E+00  8.849159E-01
  5.750000E+00  1.089161E+00
  5.850000E+00  1.302087E+00
  5.950000E+00  1.427659E+00
  6.050000E+00  1.412443E+00
  6.150000E+00  1.285073E+00
  6.250000E+00  1.122968E+00
  6.350000E+00  9.813359E-01
  6.450000E+00  8.599490E-01
  6.550000E+00  7.455611E-01
  6.650000E+00  6.499525E-01
  6.750000E+00  5.980155E-01
  6.850000E+00  6.057811E-01
  6.950000E+00  6.781129E-01
  7.050000E+00  7.952581E-01
  7.150000E+00  9.216823E-01
  7.250000E+00  1.025278E+00
  7.350000E+00  1.094482E+00
  7.450000E+00  1.138318E+00
  7.550000E+00  1.165532E+00
  7.650000E+00  1.175221E+00
  7.750000E+00  1.153532E+00
  7.850000E+00  1.090188E+00
  7.950000E+00  9.935397E-01
  8.050000E+00  8.866608E-01
  8.150000E+00  8.129046E-01
  8.250000E+00  8.342231E-01
  8.350000E+00  9.983754E-01
  8.450000E+00  1.293601E+00
  8.550000E+00  1.634903E+00
  8.650000E+00  1.908597E+00
  8.750000E+00  2.011507E+00
  8.850000E+00  1.914562E+00
  8.950000E+00  1.676618E+00
  9.050000E+00  1.385253E+00
  9.150000E+00  1.113917E+00
  9.250000E+00  8.936890E-01
  9.350000E+00  7.349598E-01
  9.450000E+00  6.367694E-01
  9.550000E+00  5.887165E-01
  9.650000E+00  5.765955E-01
  9.750000E+00  5.886474E-01
  9.850000E+00  6.114730E-01
  9.950000E+00  6.295198E-01
  1.005000E+01  6.372071E-01
  1.015000E+01  6.334439E-01
  1.025000E+01  6.274763E-01
  1.035000E+01  6.369125E-01
  1.045000E+01  6.751188E-01
  1.055000E+01  7.529653E-01
  1.065000E+01  8.603362E-01
  1.075000E+01  9.779631E-01
  1.085000E+01  1.081429E+00
  1.095000E+01  1.140571E+00
  1.105000E+01  1.144227E+00
  1.115000E+01  1.089517E+00
  1.125000E+01  1.006332E+00
  1.135000E+01  9.340321E-01
  1.145000E+01  9.201594E-01
  1.155000E+01  9.820491E-01
  1.165000E+01  1.099905E+00
  1.175000E+01  1.229371E+00
  1.185000E+01  1.312586E+00
  1.195000E+01  1.308452E+00
Li      La      
  5.000000E-02  0.000000E+00
  1.500000E-01  0.000000E+00
  2.500000E-01  0.000000E+00
  3.500000E-01  0.000000E+00
  4.500000E-01  0.000000E+00
  5.500000E-01  0.000000E+00
  6.500000E-01  0.000000E+00
  7.500000E-01  0.000000E+00
  8.500000E-01  0.000000E+00
  9.500000E-01  0.000000E+00
  1.050000E+00  0.000000E+00
  1.150000E+00  0.000000E+00
  1.250000E+00  0.000000E+00
  1.350000E+00  0.000000E+00
  1.450000E+00  0.000000E+00
  1.550000E+00  0.000000E+00
  1.650000E+00  0.000000E+00
  1.750000E+00  0.000000E+00
  1.850000E+00  0.000000E+00
  1.950000E+00  0.000000E+00
  2.050000E+00  0.000000E+00
  2.150000E+00  0.000000E+00
  2.250000E+00  0.000000E+00
  2.350000E+00  1.295460E-05
  2.450000E+00  2.030965E-04
  2.550000E+00  2.360685E-03
  2.650000E+00  1.814169E-02
  2.750000E+00  9.377925E-02
  2.850000E+00  3.464526E-01
  2.950000E+00  9.662425E-01
  3.050000E+00  1.996296E+00
  3.150000E+00  3.044213E+00
  3.250000E+00  3.492519E+00
  3.350000E+00  3.180419E+00
  3.450000E+00  2.514436E+00
  3.550000E+00  1.941684E+00
  3.650000E+00  1.612169E+00
  3.750000E+00  1.444716E+00
  3.850000E+00  1.358787E+00
  3.950000E+00  1.292435E+00
  4.050000E+00  1.244144E+00
  4.150000E+00  1.206098E+00
  4.250000E+00  1.147993E+00
  4.350000E+00  1.055269E+00
  4.450000E+00  9.262014E-01
  4.550000E+00  7.868364E-01
  4.650000E+00  6.647573E-01
  4.750000E+00  5.759132E-01
  4.850000E+00  5.202783E-01
  4.950000E+00  4.844001E-01
  5.050000E+00  4.560311E-01
  5.150000E+00  4.289480E-01
  5.250000E+00  4.105529E-01
  5.350000E+00  4.258909E-01
  5.450000E+00  5.203512E-01
  5.550000E+00  7.533240E-01
  5.650000E+00  1.151067E+00
  5.750000E+00  1.657187E+00
  5.850000E+00  2.097130E+00
  5.950000E+00  2.272089E+00
  6.050000E+00  2.138296E+00
  6.150000E+00  1.822130E+00
  6.250000E+00  1.483857E+00
  6.350000E+00  1.204590E+00
  6.450000E+00  9.924668E-01
  6.550000E+00  8.273216E-01
  6.650000E+00  6.964121E-01
  6.750000E+00  5.935098E-01
  6.850000E+00  5.162108E-01
  6.950000E+00  4.679995E-01
  7.050000E+00  4.500375E-01
  7.150000E+00  4.633512E-01
  7.250000E+00  5.068014E-01
  7.350000E+00  5.729605E-01
  7.450000E+00  6.565017E-01
  7.550000E+00  7.418841E-01
  7.650000E+00  8.118814E-01
  7.750000E+00  8.470621E-01
  7.850000E+00  8.361519E-01
  7.950000E+00  7.888717E-01
  8.050000E+00  7.266681E-01
  8.150000E+00  6.768069E-01
  8.250000E+00  6.489240E-01
  8.350000E+00  6.403099E-01
  8.450000E+00  6.550863E-01
  8.550000E+00  7.082195E-01
  8.650000E+00  8.113270E-01
  8.750000E+00  9.585495E-01
  8.850000E+00  1.136036E+00
  8.950000E+00  1.308070E+00
  9.050000E+00  1.437746E+00
  9.150000E+00  1.506201E+00
  9.250000E+00  1.515295E+00
  9.350000E+00  1.495306E+00
  9.450000E+00  1.491636E+00
  9.550000E+00  1.534218E+00
  9.650000E+00  1.622636E+00
  9.750000E+00  1.714733E+00
  9.850000E+00  1.737040E+00
  9.950000E+00  1.651396E+00
  1.005000E+01  1.475377E+00
  1.015000E+01  1.268837E+00
  1.025000E+01  1.082556E+00
  1.035000E+01  9.456083E-01
  1.045000E+01  8.572392E-01
  1.055000E+01  8.086152E-01
  1.065000E+01  7.872971E-01
  1.075000E+01  7.793324E-01
  1.085000E+01  7.710454E-01
  1.095000E+01  7.537078E-01
  1.105000E+01  7.212048E-01
  1.115000E+01  6.792193E-01
  1.125000E+01  6.375037E-01
  1.135000E+01  6.163167E-01
  1.145000E+01  6.304515E-01
  1.155000E+01  6.933281E-01
  1.165000E+01  7.980811E-01
  1.175000E+01  9.239957E-01
  1.185000E+01  1.031467E+00
  1.195000E+01  1.079072E+00
O       O       
  5.000000E-02  0.000000E+00
  1.500000E-01  0.000000E+00
  2.500000E-01  0.000000E+00
  3.500000E-01  0.000000E+00
  4.500000E-01  0.000000E+00
  5.500000E-01  0.000000E+00
  6.500000E-01  0.000000E+00
  7.500000E-01  0.000000E+00
  8.500000E-01  0.000000E+00
  9.500000E-01  0.000000E+00
  1.050000E+00  0.000000E+00
  1.150000E+00  0.000000E+00
  1.250000E+00  0.000000E+00
  1.350000E+00  0.000000E+00
  1.450000E+00  0.000000E+00
  1.550000E+00  0.000000E+00
  1.650000E+00  0.000000E+00
  1.750000E+00  0.000000E+00
  1.850000E+00  0.000000E+00
  1.950000E+00  0.000000E+00
  2.050000E+00  0.000000E+00
  2.150000E+00  1.556580E-05
  2.250000E+00  1.158311E-03
  2.350000E+00  2.700529E-02
  2.450000E+00  2.439903E-01
  2.550000E+00  9.397484E-01
  2.650000E+00  1.734912E+00
  2.750000E+00  1.842635E+00
  2.850000E+00  1.693842E+00
  2.950000E+00  1.953952E+00
  3.050000E+00  2.269090E+00
  3.150000E+00  2.127405E+00
  3.250000E+00  1.683187E+00
  3.350000E+00  1.301491E+00
  3.450000E+00  1.056978E+00
  3.550000E+00  8.727090E-01
  3.650000E+00  7.533609E-01
  3.750000E+00  7.655090E-01
  3.850000E+00  9.300070E-01
  3.950000E+00  1.120081E+00
  4.050000E+00  1.082081E+00
  4.150000E+00  8.444497E-01
  4.250000E+00  6.760664E-01
  4.350000E+00  6.927873E-01
  4.450000E+00  8.066735E-01
  4.550000E+00  8.676748E-01
  4.650000E+00  8.090166E-01
  4.750000E+00  6.782841E-01
  4.850000E+00  5.591351E-01
  4.950000E+00  5.007660E-01
  5.050000E+00  5.223275E-01
  5.150000E+00  6.287488E-01
  5.250000E+00  8.119331E-01
  5.350000E+00  1.045309E+00
  5.450000E+00  1.304445E+00
  5.550000E+00  1.548468E+00
  5.650000E+00  1.696583E+00
  5.750000E+00  1.681368E+00
  5.850000E+00  1.525038E+00
  5.950000E+00  1.296828E+00
  6.050000E+00  1.061585E+00
  6.150000E+00  8.769441E-01
  6.250000E+00  8.034844E-01
  6.350000E+00  8.542866E-01
  6.450000E+00  9.607094E-01
  6.550000E+00  1.027180E+00
  6.650000E+00  1.015618E+00
  6.750000E+00  9.754097E-01
  6.850000E+00  9.850510E-01
  6.950000E+00  1.062749E+00
  7.050000E+00  1.139255E+00
  7.150000E+00  1.133044E+00
  7.250000E+00  1.025704E+00
  7.350000E+00  8.623273E-01
  7.450000E+00  6.949573E-01
  7.550000E+00  5.701027E-01
  7.650000E+00  5.430016E-01
  7.750000E+00  6.490611E-01
  7.850000E+00  8.408941E-01
  7.950000E+00  1.011724E+00
  8.050000E+00  1.093716E+00
  8.150000E+00  1.120093E+00
  8.250000E+00  1.143200E+00
  8.350000E+00  1.168509E+00
  8.450000E+00  1.173075E+00
  8.550000E+00  1.145851E+00
  8.650000E+00  1.103844E+00
  8.750000E+00  1.068351E+00
  8.850000E+00  1.051006E+00
  8.950000E+00  1.050403E+00
  9.050000E+00  1.059827E+00
  9.150000E+00  1.070560E+00
  9.250000E+00  1.077833E+00
  9.350000E+00  1.083790E+00
  9.450000E+00  1.093860E+00
  9.550000E+00  1.095219E+00
  9.650000E+00  1.057885E+00
  9.750000E+00  9.681426E-01
  9.850000E+00  8.603217E-01
  9.950000E+00  7.880647E-01
  1.005000E+01  7.778167E-01
  1.015000E+01  8.064430E-01
  1.025000E+01  8.381603E-01
  1.035000E+01  8.558732E-01
  1.045000E+01  8.692195E-01
  1.055000E+01  8.969246E-01
  1.065000E+01  9.432374E-01
  1.075000E+01  1.006174E+00
  1.085000E+01  1.080011E+00
  1.095000E+01  1.145241E+00
  1.105000E+01  1.177374E+00
  1.115000E+01  1.173548E+00
  1.125000E+01  1.159871E+00
  1.135000E+01  1.151779E+00
  1.145000E+01  1.141574E+00
  1.155000E+01  1.122473E+00
  1.165000E+01  1.087320E+00
  1.175000E+01  1.037662E+00
  1.185000E+01  9.855954E-01
  1.195000E+01  9.515301E-01
O       Zr      
  5.000000E-02  0.000000E+00
  1.500000E-01  0.000000E+00
  2.500000E-01  0.000000E+00
  3.500000E-01  0.000000E+00
  4.500000E-01  0.000000E+00
  5.500000E-01  0.000000E+00
  6.500000E-01  0.000000E+00
  7.500000E-01  0.000000E+00
  8.500000E-01  0.000000E+00
  9.500000E-01  0.000000E+00
  1.050000E+00  0.000000E+00
  1.150000E+00  0.000000E+00
  1.250000E+00  0.000000E+00
  1.350000E+00  0.000000E+00
  1.450000E+00  0.000000E+00
  1.550000E+00  0.000000E+00
  1.650000E+00  1.525333E-04
  1.750000E+00  7.967928E-02
  1.850000E+00  2.466242E+00
  1.950000E+00  1.001678E+01
  2.050000E+00  9.979336E+00
  2.150000E+00  3.833696E+00
  2.250000E+00  8.199271E-01
  2.350000E+00  1.316033E-01
  2.450000E+00  1.812056E-02
  2.550000E+00  2.446489E-03
  2.650000E+00  3.414431E-04
  2.750000E+00  5.756097E-05
  2.850000E+00  9.602057E-06
  2.950000E+00  7.920053E-06
  3.050000E+00  0.000000E+00
  3.150000E+00  0.000000E+00
  3.250000E+00  0.000000E+00
  3.350000E+00  2.585998E-06
  3.450000E+00  8.960636E-05
  3.550000E+00  8.860196E-04
  3.650000E+00  7.761359E-03
  3.750000E+00  4.727793E-02
  3.850000E+00  2.056577E-01
  3.950000E+00  6.077638E-01
  4.050000E+00  1.198753E+00
  4.150000E+00  1.591018E+00
  4.250000E+00  1.466563E+00
  4.350000E+00  1.153142E+00
  4.450000E+00  1.283369E+00
  4.550000E+00  1.946906E+00
  4.650000E+00  2.499492E+00
  4.750000E+00  2.372514E+00
  4.850000E+00  1.762047E+00
  4.950000E+00  1.251835E+00
  5.050000E+00  1.087531E+00
  5.150000E+00  1.069039E+00
  5.250000E+00  1.014581E+00
  5.350000E+00  9.708945E-01
  5.450000E+00  9.785743E-01
  5.550000E+00  8.837994E-01
  5.650000E+00  6.173918E-01
  5.750000E+00  3.439361E-01
  5.850000E+00  2.600257E-01
  5.950000E+00  4.056912E-01
  6.050000E+00  6.458987E-01
  6.150000E+00  8.200826E-01
  6.250000E+00  9.490104E-01
  6.350000E+00  1.142759E+00
  6.450000E+00  1.360863E+00
  6.550000E+00  1.435684E+00
  6.650000E+00  1.319952E+00
  6.750000E+00  1.111715E+00
  6.850000E+00  9.663066E-01
  6.950000E+00  1.011561E+00
  7.050000E+00  1.234263E+00
  7.150000E+00  1.432471E+00
  7.250000E+00  1.514825E+00
  7.350000E+00  1.572924E+00
  7.450000E+00  1.555829E+00
  7.550000E+00  1.335710E+00
  7.650000E+00  1.013244E+00
  7.750000E+00  7.522233E-01
  7.850000E+00  5.548744E-01
  7.950000E+00  3.807150E-01
  8.050000E+00  2.956015E-01
  8.150000E+00  3.768800E-01
  8.250000E+00  6.004742E-01
  8.350000E+00  8.431451E-01
  8.450000E+00  9.805213E-01
  8.550000E+00  9.979934E-01
  8.650000E+00  9.804915E-01
  8.750000E+00  9.761218E-01
  8.850000E+00  9.529521E-01
  8.950000E+00  9.030925E-01
  9.050000E+00  8.617352E-01
  9.150000E+00  8.431319E-01
  9.250000E+00  8.258065E-01
  9.350000E+00  8.319193E-01
  9.450000E+00  9.085438E-01
  9.550000E+00  1.058723E+00
  9.650000E+00  1.215779E+00
  9.750000E+00  1.285416E+00
  9.850000E+00  1.247792E+00
  9.950000E+00  1.182253E+00
  1.005000E+01  1.165522E+00
  1.015000E+01  1.170773E+00
  1.025000E+01  1.141694E+00
  1.035000E+01  1.090373E+00
  1.045000E+01  1.045187E+00
  1.055000E+01  9.988354E-01
  1.065000E+01  9.900780E-01
  1.075000E+01  1.111352E+00
  1.085000E+01  1.375233E+00
  1.095000E+01  1.634833E+00
  1.105000E+01  1.702086E+00
  1.115000E+01  1.505694E+00
  1.125000E+01  1.136742E+00
  1.135000E+01  7.737205E-01
  1.145000E+01  5.439260E-01
  1.155000E+01  4.438227E-01
  1.165000E+01  4.043949E-01
  1.175000E+01  4.044979E-01
  1.185000E+01  4.745659E-01
  1.195000E+01  6.059012E-01
O       La      
  5.000000E-02  0.000000E+00
  1.500000E-01  0.000000E+00
  2.500000E-01  0.000000E+00
  3.500000E-01  0.000000E+00
  4.500000E-01  0.000000E+00
  5.500000E-01  0.000000E+00
  6.500000E-01  0.000000E+00
  7.500000E-01  0.000000E+00
  8.500000E-01  0.000000E+00
  9.500000E-01  0.000000E+00
  1.050000E+00  0.000000E+00
  1.150000E+00  0.000000E+00
  1.250000E+00  0.000000E+00
  1.350000E+00  0.000000E+00
  1.450000E+00  0.000000E+00
  1.550000E+00  0.000000E+00
  1.650000E+00  0.000000E+00
  1.750000E+00  0.000000E+00
  1.850000E+00  0.000000E+00
  1.950000E+00  0.000000E+00
  2.050000E+00  9.896998E-05
  2.150000E+00  2.852053E-02
  2.250000E+00  6.660478E-01
  2.350000E+00  3.307060E+00
  2.450000E+00  5.918966E+00
  2.550000E+00  5.536941E+00
  2.650000E+00  3.574023E+00
  2.750000E+00  1.910424E+00
  2.850000E+00  9.500521E-01
  2.950000E+00  4.631127E-01
  3.050000E+00  2.241313E-01
  3.150000E+00  1.050754E-01
  3.250000E+00  4.822871E-02
  3.350000E+00  2.034804E-02
  3.450000E+00  8.376163E-03
  3.550000E+00  6.645626E-03
  3.650000E+00  2.223282E-02
  3.750000E+00  9.665747E-02
  3.850000E+00  3.348412E-01
  3.950000E+00  8.544173E-01
  4.050000E+00  1.560431E+00
  4.150000E+00  2.006153E+00
  4.250000E+00  1.811159E+00
  4.350000E+00  1.160782E+00
  4.450000E+00  5.854449E-01
  4.550000E+00  3.995345E-01
  4.650000E+00  5.800037E-01
  4.750000E+00  9.315726E-01
  4.850000E+00  1.219091E+00
  4.950000E+00  1.303056E+00
  5.050000E+00  1.289728E+00
  5.150000E+00  1.450764E+00
  5.250000E+00  1.821872E+00
  5.350000E+00  2.022857E+00
  5.450000E+00  1.836677E+00
  5.550000E+00  1.439766E+00
  5.650000E+00  1.010582E+00
  5.750000E+00  6.235274E-01
  5.850000E+00  3.807147E-01
  5.950000E+00  3.564183E-01
  6.050000E+00  5.138259E-01
  6.150000E+00  7.103496E-01
  6.250000E+00  7.931534E-01
  6.350000E+00  6.946634E-01
  6.450000E+00  5.027963E-01
  6.550000E+00  3.884411E-01
  6.650000E+00  4.490760E-01
  6.750000E+00  6.248328E-01
  6.850000E+00  7.650006E-01
  6.950000E+00  8.144890E-01
  7.050000E+00  9.163944E-01
  7.150000E+00  1.217419E+00
  7.250000E+00  1.617365E+00
  7.350000E+00  1.839387E+00
  7.450000E+00  1.724356E+00
  7.550000E+00  1.414922E+00
  7.650000E+00  1.192875E+00
  7.750000E+00  1.228609E+00
  7.850000E+00  1.446687E+00
  7.950000E+00  1.607511E+00
  8.050000E+00  1.515708E+00
  8.150000E+00  1.186749E+00
  8.250000E+00  8.061155E-01
  8.350000E+00  5.564210E-01
  8.450000E+00  4.700727E-01
  8.550000E+00  4.624624E-01
  8.650000E+00  4.690753E-01
  8.750000E+00  5.167993E-01
  8.850000E+00  6.618113E-01
  8.950000E+00  8.551631E-01
  9.050000E+00  9.617748E-01
  9.150000E+00  9.490080E-01
  9.250000E+00  9.410596E-01
  9.350000E+00  1.034773E+00
  9.450000E+00  1.173529E+00
  9.550000E+00  1.247535E+00
  9.650000E+00  1.231498E+00
  9.750000E+00  1.180675E+00
  9.850000E+00  1.168144E+00
  9.950000E+00  1.191021E+00
  1.005000E+01  1.156144E+00
  1.015000E+01  1.021316E+00
  1.025000E+01  8.935291E-01
  1.035000E+01  8.834517E-01
  1.045000E+01  9.527153E-01
  1.055000E+01  1.005630E+00
  1.065000E+01  1.019956E+00
  1.075000E+01  1.023666E+00
  1.085000E+01  1.025629E+00
  1.095000E+01  1.030823E+00
  1.105000E+01  1.057633E+00
  1.115000E+01  1.093542E+00
  1.125000E+01  1.082267E+00
  1.135000E+01  1.001310E+00
  1.145000E+01  8.954116E-01
  1.155000E+01  8.343153E-01
  1.165000E+01  8.341153E-01
  1.175000E+01  8.378398E-01
  1.185000E+01  7.933914E-01
  1.195000E+01  7.310101E-01
Zr      Zr      
  5.000000E-02  0.000000E+00
  1.500000E-01  0.000000E+00
  2.500000E-01  0.000000E+00
  3.500000E-01  0.000000E+00
  4.500000E-01  0.000000E+00
  5.500000E-01  0.000000E+00
  6.500000E-01  0.000000E+00
  7.500000E-01  0.000000E+00
  8.500000E-01  0.000000E+00
  9.500000E-01  0.000000E+00
  1.050000E+00  0.000000E+00
  1.150000E+00  0.000000E+00
  1.250000E+00  0.000000E+00
  1.350000E+00  0.000000E+00
  1.450000E+00  0.000000E+00
  1.550000E+00  0.000000E+00
  1.650000E+00  0.000000E+00
  1.750000E+00  0.000000E+00
  1.850000E+00  0.000000E+00
  1.950000E+00  0.000000E+00
  2.050000E+00  0.000000E+00
  2.150000E+00  0.000000E+00
  2.250000E+00  0.000000E+00
  2.350000E+00  0.000000E+00
  2.450000E+00  0.000000E+00
  2.550000E+00  0.000000E+00
  2.650000E+00  0.000000E+00
  2.750000E+00  0.000000E+00
  2.850000E+00  0.000000E+00
  2.950000E+00  0.000000E+00
  3.050000E+00  0.000000E+00
  3.150000E+00  0.000000E+00
  3.250000E+00  0.000000E+00
  3.350000E+00  0.000000E+00
  3.450000E+00  0.000000E+00
  3.550000E+00  0.000000E+00
  3.650000E+00  0.000000E+00
  3.750000E+00  0.000000E+00
  3.850000E+00  0.000000E+00
  3.950000E+00  0.000000E+00
  4.050000E+00  0.000000E+00
  4.150000E+00  0.000000E+00
  4.250000E+00  0.000000E+00
  4.350000E+00  0.000000E+00
  4.450000E+00  0.000000E+00
  4.550000E+00  0.000000E+00
  4.650000E+00  0.000000E+00
  4.750000E+00  0.000000E+00
  4.850000E+00  1.667283E-05
  4.950000E+00  7.024859E-05
  5.050000E+00  1.687353E-03
  5.150000E+00  1.680953E-02
  5.250000E+00  1.220870E-01
  5.350000E+00  6.179728E-01
  5.450000E+00  2.290219E+00
  5.550000E+00  5.604662E+00
  5.650000E+00  8.202764E+00
  5.750000E+00  6.747746E+00
  5.850000E+00  3.149243E+00
  5.950000E+00  8.817988E-01
  6.050000E+00  1.637651E-01
  6.150000E+00  1.110181E-01
  6.250000E+00  5.335900E-01
  6.350000E+00  1.819525E+00
  6.450000E+00  3.641398E+00
  6.550000E+00  4.368342E+00
  6.650000E+00  3.209384E+00
  6.750000E+00  1.455456E+00
  6.850000E+00  4.236785E-01
  6.950000E+00  7.936799E-02
  7.050000E+00  1.004590E-02
  7.150000E+00  7.066446E-04
  7.250000E+00  2.362804E-05
  7.350000E+00  0.000000E+00
  7.450000E+00  0.000000E+00
  7.550000E+00  0.000000E+00
  7.650000E+00  0.000000E+00
  7.750000E+00  0.000000E+00
  7.850000E+00  0.000000E+00
  7.950000E+00  0.000000E+00
  8.050000E+00  0.000000E+00
  8.150000E+00  0.000000E+00
  8.250000E+00  0.000000E+00
  8.350000E+00  0.000000E+00
  8.450000E+00  6.408206E-06
  8.550000E+00  4.202596E-05
  8.650000E+00  1.027953E-03
  8.750000E+00  1.323500E-02
  8.850000E+00  1.038123E-01
  8.950000E+00  5.178910E-01
  9.050000E+00  1.660628E+00
  9.150000E+00  3.357741E+00
  9.250000E+00  4.242648E+00
  9.350000E+00  3.380032E+00
  9.450000E+00  1.699474E+00
  9.550000E+00  5.389763E-01
  9.650000E+00  1.087601E-01
  9.750000E+00  1.391545E-02
  9.850000E+00  1.189344E-03
  9.950000E+00  3.213207E-05
  1.005000E+01  2.372972E-06
  1.015000E+01  2.157249E-04
  1.025000E+01  2.779420E-03
  1.035000E+01  2.689257E-02
  1.045000E+01  1.809465E-01
  1.055000E+01  8.348896E-01
  1.065000E+01  2.504641E+00
  1.075000E+01  4.878200E+00
  1.085000E+01  6.073428E+00
  1.095000E+01  4.884203E+00
  1.105000E+01  2.740938E+00
  1.115000E+01  1.667538E+00
  1.125000E+01  1.792458E+00
  1.135000E+01  1.918856E+00
  1.145000E+01  1.356571E+00
  1.155000E+01  6.126295E-01
  1.165000E+01  1.807994E-01
  1.175000E+01  3.646486E-02
  1.185000E+01  4.742182E-03
  1.195000E+01  4.429395E-04
Zr      La      
  5.000000E-02  0.000000E+00
  1.500000E-01  0.000000E+00
  2.500000E-01  0.000000E+00
  3.500000E-01  0.000000E+00
  4.500000E-01  0.000000E+00
  5.500000E-01  0.000000E+00
  6.500000E-01  0.000000E+00
  7.500000E-01  0.000000E+00
  8.500000E-01  0.000000E+00
  9.500000E-01  0.000000E+00
  1.050000E+00  0.000000E+00
  1.150000E+00  0.000000E+00
  1.250000E+00  0.000000E+00
  1.350000E+00  0.000000E+00
  1.450000E+00  0.000000E+00
  1.550000E+00  0.000000E+00
  1.650000E+00  0.000000E+00
  1.750000E+00  0.000000E+00
  1.850000E+00  0.000000E+00
  1.950000E+00  0.000000E+00
  2.050000E+00  0.000000E+00
  2.150000E+00  0.000000E+00
  2.250000E+00  0.000000E+00
  2.350000E+00  0.000000E+00
  2.450000E+00  0.000000E+00
  2.550000E+00  0.000000E+00
  2.650000E+00  0.000000E+00
  2.750000E+00  0.000000E+00
  2.850000E+00  0.000000E+00
  2.950000E+00  0.000000E+00
  3.050000E+00  0.000000E+00
  3.150000E+00  4.240924E-05
  3.250000E+00  7.614210E-03
  3.350000E+00  2.271638E-01
  3.450000E+00  2.241856E+00
  3.550000E+00  8.040131E+00
  3.650000E+00  1.163536E+01
  3.750000E+00  7.749780E+00
  3.850000E+00  2.721474E+00
  3.950000E+00  5.903081E-01
  4.050000E+00  8.830249E-02
  4.150000E+00  9.952366E-03
  4.250000E+00  8.403378E-04
  4.350000E+00  3.987731E-05
  4.450000E+00  0.000000E+00
  4.550000E+00  0.000000E+00
  4.650000E+00  0.000000E+00
  4.750000E+00  0.000000E+00
  4.850000E+00  0.000000E+00
  4.950000E+00  0.000000E+00
  5.050000E+00  8.535214E-06
  5.150000E+00  1.083321E-04
  5.250000E+00  1.227243E-03
  5.350000E+00  1.103719E-02
  5.450000E+00  7.103589E-02
  5.550000E+00  3.169744E-01
  5.650000E+00  9.892062E-01
  5.750000E+00  2.122085E+00
  5.850000E+00  3.103940E+00
  5.950000E+00  3.042452E+00
  6.050000E+00  1.993320E+00
  6.150000E+00  8.646430E-01
  6.250000E+00  2.541212E-01
  6.350000E+00  5.048862E-02
  6.450000E+00  6.818237E-03
  6.550000E+00  5.509982E-04
  6.650000E+00  4.315135E-05
  6.750000E+00  1.227804E-04
  6.850000E+00  1.219588E-03
  6.950000E+00  1.025757E-02
  7.050000E+00  6.767005E-02
  7.150000E+00  3.326533E-01
  7.250000E+00  1.154530E+00
  7.350000E+00  2.680316E+00
  7.450000E+00  4.020897E+00
  7.550000E+00  3.858553E+00
  7.650000E+00  2.397791E+00
  7.750000E+00  9.942786E-01
  7.850000E+00  2.862597E-01
  7.950000E+00  5.939738E-02
  8.050000E+00  9.622840E-03
  8.150000E+00  1.821853E-03
  8.250000E+00  6.089908E-03
  8.350000E+00  5.043095E-02
  8.450000E+00  2.840735E-01
  8.550000E+00  1.070865E+00
  8.650000E+00  2.651416E+00
  8.750000E+00  4.249641E+00
  8.850000E+00  4.374111E+00
  8.950000E+00  2.894700E+00
  9.050000E+00  1.238552E+00
  9.150000E+00  3.464073E-01
  9.250000E+00  6.491089E-02
  9.350000E+00  8.923762E-03
  9.450000E+00  7.548353E-03
  9.550000E+00  4.396553E-02
  9.650000E+00  1.861604E-01
  9.750000E+00  5.198941E-01
  9.850000E+00  9.550575E-01
  9.950000E+00  1.151099E+00
  1.005000E+01  9.164375E-01
  1.015000E+01  4.912719E-01
  1.025000E+01  1.785773E-01
  1.035000E+01  4.664887E-02
  1.045000E+01  2.143589E-02
  1.055000E+01  8.214434E-02
  1.065000E+01  3.514087E-01
  1.075000E+01  1.045420E+00
  1.085000E+01  2.095646E+00
  1.095000E+01  2.794462E+00
  1.105000E+01  2.486534E+00
  1.115000E+01  1.467211E+00
  1.125000E+01  5.832133E-01
  1.135000E+01  1.639050E-01
  1.145000E+01  7.004005E-02
  1.155000E+01  1.910776E-01
  1.165000E+01  6.257507E-01
  1.175000E+01  1.444504E+00
  1.185000E+01  2.250852E+00
  1.195000E+01  2.310932E+00
La      La      
  5.000000E-02  0.000000E+00
  1.500000E-01  0.000000E+00
  2.500000E-01  0.000000E+00
  3.500000E-01  0.000000E+00
  4.500000E-01  0.000000E+00
  5.500000E-01  0.000000E+00
  6.500000E-01  0.000000E+00
  7.500000E-01  0.000000E+00
  8.500000E-01  0.000000E+00
  9.500000E-01  0.000000E+00
  1.050000E+00  0.000000E+00
  1.150000E+00  0.000000E+00
  1.250000E+00  0.000000E+00
  1.350000E+00  0.000000E+00
  1.450000E+00  0.000000E+00
  1.550000E+00  0.000000E+00
  1.650000E+00  0.000000E+00
  1.750000E+00  0.000000E+00
  1.850000E+00  0.000000E+00
  1.950000E+00  0.000000E+00
  2.050000E+00  0.000000E+00
  2.150000E+00  0.000000E+00
  2.250000E+00  0.000000E+00
  2.350000E+00  0.000000E+00
  2.450000E+00  0.000000E+00
  2.550000E+00  0.000000E+00
  2.650000E+00  0.000000E+00
  2.750000E+00  0.000000E+00
  2.850000E+00  0.000000E+00
  2.950000E+00  0.000000E+00
  3.050000E+00  0.000000E+00
  3.150000E+00  0.000000E+00
  3.250000E+00  0.000000E+00
  3.350000E+00  0.000000E+00
  3.450000E+00  1.268726E-04
  3.550000E+00  7.460701E-03
  3.650000E+00  1.164589E-01
  3.750000E+00  8.500070E-01
  3.850000E+00  2.951574E+00
  3.950000E+00  5.266177E+00
  4.050000E+00  5.144636E+00
  4.150000E+00  2.914332E+00
  4.250000E+00  1.013889E+00
  4.350000E+00  2.244048E-01
  4.450000E+00  3.417777E-02
  4.550000E+00  3.571971E-03
  4.650000E+00  2.480269E-04
  4.750000E+00  2.273968E-05
  4.850000E+00  0.000000E+00
  4.950000E+00  0.000000E+00
  5.050000E+00  0.000000E+00
  5.150000E+00  2.773941E-05
  5.250000E+00  5.654651E-05
  5.350000E+00  4.224292E-04
  5.450000E+00  2.887295E-03
  5.550000E+00  1.866906E-02
  5.650000E+00  9.475650E-02
  5.750000E+00  3.689393E-01
  5.850000E+00  1.078906E+00
  5.950000E+00  2.297464E+00
  6.050000E+00  3.490909E+00
  6.150000E+00  3.733234E+00
  6.250000E+00  2.887643E+00
  6.350000E+00  1.840788E+00
  6.450000E+00  1.294961E+00
  6.550000E+00  1.041944E+00
  6.650000E+00  7.153437E-01
  6.750000E+00  3.538273E-01
  6.850000E+00  1.493151E-01
  6.950000E+00  2.030503E-01
  7.050000E+00  6.790358E-01
  7.150000E+00  1.686377E+00
  7.250000E+00  2.714824E+00
  7.350000E+00  2.904516E+00
  7.450000E+00  2.337968E+00
  7.550000E+00  1.841790E+00
  7.650000E+00  1.607579E+00
  7.750000E+00  1.225197E+00
  7.850000E+00  6.659685E-01
  7.950000E+00  2.390119E-01
  8.050000E+00  5.675322E-02
  8.150000E+00  9.346570E-03
  8.250000E+00  1.115386E-03
  8.350000E+00  1.327507E-03
  8.450000E+00  1.112007E-02
  8.550000E+00  6.856495E-02
  8.650000E+00  2.785435E-01
  8.750000E+00  7.934942E-01
  8.850000E+00  1.528402E+00
  8.950000E+00  2.033870E+00
  9.050000E+00  1.976050E+00
  9.150000E+00  1.592464E+00
  9.250000E+00  1.193058E+00
  9.350000E+00  7.925794E-01
  9.450000E+00  4.112941E-01
  9.550000E+00  1.702191E-01
  9.650000E+00  1.188897E-01
  9.750000E+00  3.035686E-01
  9.850000E+00  8.092179E-01
  9.950000E+00  1.548025E+00
  1.005000E+01  2.065551E+00
  1.015000E+01  1.913675E+00
  1.025000E+01  1.242517E+00
  1.035000E+01  5.706572E-01
  1.045000E+01  1.870442E-01
  1.055000E+01  4.649650E-02
  1.065000E+01  2.427779E-02
  1.075000E+01  9.786341E-02
  1.085000E+01  3.641839E-01
  1.095000E+01  8.971200E-01
  1.105000E+01  1.486941E+00
  1.115000E+01  1.788159E+00
  1.125000E+01  1.750250E+00
  1.135000E+01  1.471153E+00
  1.145000E+01  1.078042E+00
  1.155000E+01  8.611679E-01
  1.165000E+01  1.063677E+00
  1.175000E+01  1.601042E+00
  1.185000E+01  2.163919E+00
  1.195000E+01  2.433168E+00
