; material = LLZO                                                       
        10       120
Li      Li      
  5.000000E-02  0.000000E+00
  1.500000E-01  0.000000E+00
  2.500000E-01  0.000000E+00
  3.500000E-01  0.000000E+00
  4.500000E-01  0.000000E+00
  5.500000E-01  0.000000E+00
  6.500000E-01  0.000000E+00
  7.500000E-01  0.000000E+00
  8.500000E-01  0.000000E+00
  9.500000E-01  0.000000E+00
  1.050000E+00  0.000000E+00
  1.150000E+00  0.000000E+00
  1.250000E+00  0.000000E+00
  1.350000E+00  0.000000E+00
  1.450000E+00  0.000000E+00
  1.550000E+00  0.000000E+00
  1.650000E+00  2.348549E-04
  1.750000E+00  4.949512E-03
  1.850000E+00  4.896373E-02
  1.950000E+00  2.640804E-01
  2.050000E+00  8.361438E-01
  2.150000E+00  1.686466E+00
  2.250000E+00  2.368721E+00
  2.350000E+00  2.492383E+00
  2.450000E+00  2.116817E+00
  2.550000E+00  1.564908E+00
  2.650000E+00  1.113569E+00
  2.750000E+00  8.431284E-01
  2.850000E+00  7.113067E-01
  2.950000E+00  6.418923E-01
  3.050000E+00  5.993823E-01
  3.150000E+00  5.681087E-01
  3.250000E+00  5.496529E-01
  3.350000E+00  5.425988E-01
  3.450000E+00  5.480102E-01
  3.550000E+00  5.580255E-01
  3.650000E+00  5.603876E-01
  3.750000E+00  5.520826E-01
  3.850000E+00  5.269841E-01
  3.950000E+00  4.947237E-01
  4.050000E+00  4.596575E-01
  4.150000E+00  4.441419E-01
  4.250000E+00  4.767728E-01
  4.350000E+00  5.780310E-01
  4.450000E+00  7.398475E-01
  4.550000E+00  9.084005E-01
  4.650000E+00  1.008166E+00
  4.750000E+00  1.025808E+00
  4.850000E+00  1.000340E+00
  4.950000E+00  9.587514E-01
  5.050000E+00  9.186867E-01
  5.150000E+00  8.749297E-01
  5.250000E+00  8.364995E-01
  5.350000E+00  8.086124E-01
  5.450000E+00  7.971566E-01
  5.550000E+00  8.116036E-01
  5.650000E+00  8.659813E-01
  5.750000E+00  9.746800E-01
  5.850000E+00  1.132462E+00
  5.950000E+00  1.309789E+00
  6.050000E+00  1.464108E+00
  6.150000E+00  1.550142E+00
  6.250000E+00  1.559776E+00
  6.350000E+00  1.515912E+00
  6.450000E+00  1.445448E+00
  6.550000E+00  1.364248E+00
  6.650000E+00  1.281048E+00
  6.750000E+00  1.208984E+00
  6.850000E+00  1.160318E+00
  6.950000E+00  1.135970E+00
  7.050000E+00  1.135539E+00
  7.150000E+00  1.148286E+00
  7.250000E+00  1.158122E+00
  7.350000E+00  1.151193E+00
  7.450000E+00  1.118672E+00
  7.550000E+00  1.069086E+00
  7.650000E+00  1.019530E+00
  7.750000E+00  9.812724E-01
  7.850000E+00  9.616052E-01
  7.950000E+00  9.499999E-01
  8.050000E+00  9.379494E-01
  8.150000E+00  9.269224E-01
  8.250000E+00  9.152558E-01
  8.350000E+00  9.061077E-01
  8.450000E+00  9.038017E-01
  8.550000E+00  9.053338E-01
  8.650000E+00  9.036932E-01
  8.750000E+00  8.956891E-01
  8.850000E+00  8.811663E-01
  8.950000E+00  8.629481E-01
  9.050000E+00  8.453823E-01
  9.150000E+00  8.254931E-01
  9.250000E+00  8.065706E-01
  9.350000E+00  7.864117E-01
  9.450000E+00  7.686204E-01
  9.550000E+00  7.578459E-01
  9.650000E+00  7.565598E-01
  9.750000E+00  7.660437E-01
  9.850000E+00  7.897523E-01
  9.950000E+00  8.231710E-01
  1.005000E+01  8.665068E-01
  1.015000E+01  9.127252E-01
  1.025000E+01  9.525052E-01
  1.035000E+01  9.818411E-01
  1.045000E+01  9.967081E-01
  1.055000E+01  9.988812E-01
  1.065000E+01  9.948752E-01
  1.075000E+01  9.924963E-01
  1.085000E+01  1.000639E+00
  1.095000E+01  1.028092E+00
  1.105000E+01  1.076794E+00
  1.115000E+01  1.145634E+00
  1.125000E+01  1.226962E+00
  1.135000E+01  1.304583E+00
  1.145000E+01  1.362633E+00
  1.155000E+01  1.387726E+00
  1.165000E+01  1.369599E+00
  1.175000E+01  1.315288E+00
  1.185000E+01  1.239424E+00
  1.195000E+01  1.155010E+00
Li      O       
  5.000000E-02  0.000000E+00
  1.500000E-01  0.000000E+00
  2.500000E-01  0.000000E+00
  3.500000E-01  0.000000E+00
  4.500000E-01  0.000000E+00
  5.500000E-01  0.000000E+00
  6.500000E-01  0.000000E+00
  7.500000E-01  0.000000E+00
  8.500000E-01  0.000000E+00
  9.500000E-01  0.000000E+00
  1.050000E+00  0.000000E+00
  1.150000E+00  0.000000E+00
  1.250000E+00  0.000000E+00
  1.350000E+00  0.000000E+00
  1.450000E+00  1.102862E-05
  1.550000E+00  8.075850E-03
  1.650000E+00  2.799653E-01
  1.750000E+00  1.672133E+00
  1.850000E+00  3.274370E+00
  1.950000E+00  3.413150E+00
  2.050000E+00  2.710762E+00
  2.150000E+00  2.001665E+00
  2.250000E+00  1.504469E+00
  2.350000E+00  1.189275E+00
  2.450000E+00  9.784787E-01
  2.550000E+00  8.090856E-01
  2.650000E+00  6.461646E-01
  2.750000E+00  4.895106E-01
  2.850000E+00  3.618248E-01
  2.950000E+00  2.892760E-01
  3.050000E+00  2.807792E-01
  3.150000E+00  3.429168E-01
  3.250000E+00  4.780222E-01
  3.350000E+00  6.794714E-01
  3.450000E+00  9.088112E-01
  3.550000E+00  1.097833E+00
  3.650000E+00  1.201398E+00
  3.750000E+00  1.239663E+00
  3.850000E+00  1.252979E+00
  3.950000E+00  1.259909E+00
  4.050000E+00  1.255543E+00
  4.150000E+00  1.253008E+00
  4.250000E+00  1.285398E+00
  4.350000E+00  1.347627E+00
  4.450000E+00  1.356967E+00
  4.550000E+00  1.269359E+00
  4.650000E+00  1.143792E+00
  4.750000E+00  1.031750E+00
  4.850000E+00  9.368960E-01
  4.950000E+00  8.612768E-01
  5.050000E+00  8.272743E-01
  5.150000E+00  8.583889E-01
  5.250000E+00  9.499327E-01
  5.350000E+00  1.043916E+00
  5.450000E+00  1.079489E+00
  5.550000E+00  1.046265E+00
  5.650000E+00  9.807483E-01
  5.750000E+00  9.173099E-01
  5.850000E+00  8.656990E-01
  5.950000E+00  8.234117E-01
  6.050000E+00  7.899006E-01
  6.150000E+00  7.781121E-01
  6.250000E+00  7.923092E-01
  6.350000E+00  8.328557E-01
  6.450000E+00  8.893422E-01
  6.550000E+00  9.464142E-01
  6.650000E+00  9.836791E-01
  6.750000E+00  9.908361E-01
  6.850000E+00  9.681419E-01
  6.950000E+00  9.411764E-01
  7.050000E+00  9.399595E-01
  7.150000E+00  9.758592E-01
  7.250000E+00  1.033770E+00
  7.350000E+00  1.083032E+00
  7.450000E+00  1.109600E+00
  7.550000E+00  1.130926E+00
  7.650000E+00  1.180563E+00
  7.750000E+00  1.261366E+00
  7.850000E+00  1.333982E+00
  7.950000E+00  1.348089E+00
  8.050000E+00  1.283169E+00
  8.150000E+00  1.159203E+00
  8.250000E+00  1.016160E+00
  8.350000E+00  8.940452E-01
  8.450000E+00  8.170496E-01
  8.550000E+00  7.868776E-01
  8.650000E+00  7.897535E-01
  8.750000E+00  8.106733E-01
  8.850000E+00  8.363482E-01
  8.950000E+00  8.569487E-01
  9.050000E+00  8.671325E-01
  9.150000E+00  8.743347E-01
  9.250000E+00  8.918230E-01
  9.350000E+00  9.275174E-01
  9.450000E+00  9.832671E-01
  9.550000E+00  1.057215E+00
  9.650000E+00  1.137552E+00
  9.750000E+00  1.196254E+00
  9.850000E+00  1.209275E+00
  9.950000E+00  1.179277E+00
  1.005000E+01  1.140153E+00
  1.015000E+01  1.117192E+00
  1.025000E+01  1.104790E+00
  1.035000E+01  1.074355E+00
  1.045000E+01  1.012804E+00
  1.055000E+01  9.372313E-01
  1.065000E+01  8.763292E-01
  1.075000E+01  8.431921E-01
  1.085000E+01  8.335149E-01
  1.095000E+01  8.359517E-01
  1.105000E+01  8.430784E-01
  1.115000E+01  8.562587E-01
  1.125000E+01  8.807853E-01
  1.135000E+01  9.201618E-01
  1.145000E+01  9.681036E-01
  1.155000E+01  1.011768E+00
  1.165000E+01  1.044885E+00
  1.175000E+01  1.069020E+00
  1.185000E+01  1.086276E+00
  1.195000E+01  1.094887E+00
Li      Zr      
  5.000000E-02  0.000000E+00
  1.500000E-01  0.000000E+00
  2.500000E-01  0.000000E+00
  3.500000E-01  0.000000E+00
  4.500000E-01  0.000000E+00
  5.500000E-01  0.000000E+00
  6.500000E-01  0.000000E+00
  7.500000E-01  0.000000E+00
  8.500000E-01  0.000000E+00
  9.500000E-01  0.000000E+00
  1.050000E+00  0.000000E+00
  1.150000E+00  0.000000E+00
  1.250000E+00  0.000000E+00
  1.350000E+00  0.000000E+00
  1.450000E+00  0.000000E+00
  1.550000E+00  0.000000E+00
  1.650000E+00  0.000000E+00
  1.750000E+00  0.000000E+00
  1.850000E+00  0.000000E+00
  1.950000E+00  0.000000E+00
  2.050000E+00  0.000000E+00
  2.150000E+00  0.000000E+00
  2.250000E+00  0.000000E+00
  2.350000E+00  0.000000E+00
  2.450000E+00  9.887291E-05
  2.550000E+00  4.888989E-03
  2.650000E+00  7.955292E-02
  2.750000E+00  5.289998E-01
  2.850000E+00  1.651652E+00
  2.950000E+00  2.843103E+00
  3.050000E+00  3.249946E+00
  3.150000E+00  2.967258E+00
  3.250000E+00  2.631151E+00
  3.350000E+00  2.466864E+00
  3.450000E+00  2.312139E+00
  3.550000E+00  2.108464E+00
  3.650000E+00  1.901940E+00
  3.750000E+00  1.690938E+00
  3.850000E+00  1.442716E+00
  3.950000E+00  1.186875E+00
  4.050000E+00  9.645733E-01
  4.150000E+00  8.129394E-01
  4.250000E+00  7.576150E-01
  4.350000E+00  7.790881E-01
  4.450000E+00  8.257542E-01
  4.550000E+00  8.274208E-01
  4.650000E+00  7.460627E-01
  4.750000E+00  5.907364E-01
  4.850000E+00  4.269593E-01
  4.950000E+00  3.184471E-01
  5.050000E+00  2.907935E-01
  5.150000E+00  3.386426E-01
  5.250000E+00  4.397198E-01
  5.350000E+00  5.674964E-01
  5.450000E+00  6.939712E-01
  5.550000E+00  8.231650E-01
  5.650000E+00  9.778540E-01
  5.750000E+00  1.178276E+00
  5.850000E+00  1.376580E+00
  5.950000E+00  1.459432E+00
  6.050000E+00  1.376379E+00
  6.150000E+00  1.211376E+00
  6.250000E+00  1.075215E+00
  6.350000E+00  9.713041E-01
  6.450000E+00  8.496066E-01
  6.550000E+00  7.024796E-01
  6.650000E+00  5.719568E-01
  6.750000E+00  5.152444E-01
  6.850000E+00  5.646152E-01
  6.950000E+00  7.134197E-01
  7.050000E+00  9.010761E-01
  7.150000E+00  1.044926E+00
  7.250000E+00  1.099982E+00
  7.350000E+00  1.088242E+00
  7.450000E+00  1.079564E+00
  7.550000E+00  1.120733E+00
  7.650000E+00  1.183656E+00
  7.750000E+00  1.206928E+00
  7.850000E+00  1.135040E+00
  7.950000E+00  9.819515E-01
  8.050000E+00  7.983740E-01
  8.150000E+00  6.850180E-01
  8.250000E+00  7.568672E-01
  8.350000E+00  1.054224E+00
  8.450000E+00  1.491934E+00
  8.550000E+00  1.885362E+00
  8.650000E+00  2.082874E+00
  8.750000E+00  2.031797E+00
  8.850000E+00  1.811333E+00
  8.950000E+00  1.539682E+00
  9.050000E+00  1.273453E+00
  9.150000E+00  1.024776E+00
  9.250000E+00  8.089026E-01
  9.350000E+00  6.492385E-01
  9.450000E+00  5.593872E-01
  9.550000E+00  5.316514E-01
  9.650000E+00  5.455361E-01
  9.750000E+00  5.792430E-01
  9.850000E+00  6.161275E-01
  9.950000E+00  6.426202E-01
  1.005000E+01  6.509920E-01
  1.015000E+01  6.389079E-01
  1.025000E+01  6.239808E-01
  1.035000E+01  6.389459E-01
  1.045000E+01  7.093732E-01
  1.055000E+01  8.343733E-01
  1.065000E+01  9.761044E-01
  1.075000E+01  1.087507E+00
  1.085000E+01  1.139655E+00
  1.095000E+01  1.137990E+00
  1.105000E+01  1.095355E+00
  1.115000E+01  1.011034E+00
  1.125000E+01  9.149033E-01
  1.135000E+01  8.687319E-01
  1.145000E+01  9.224914E-01
  1.155000E+01  1.062459E+00
  1.165000E+01  1.230301E+00
  1.175000E+01  1.352627E+00
  1.185000E+01  1.368810E+00
  1.195000E+01  1.271204E+00
Li      La      
  5.000000E-02  0.000000E+00
  1.500000E-01  0.000000E+00
  2.500000E-01  0.000000E+00
  3.500000E-01  0.000000E+00
  4.500000E-01  0.000000E+00
  5.500000E-01  0.000000E+00
  6.500000E-01  0.000000E+00
  7.500000E-01  0.000000E+00
  8.500000E-01  0.000000E+00
  9.500000E-01  0.000000E+00
  1.050000E+00  0.000000E+00
  1.150000E+00  0.000000E+00
  1.250000E+00  0.000000E+00
  1.350000E+00  0.000000E+00
  1.450000E+00  0.000000E+00
  1.550000E+00  0.000000E+00
  1.650000E+00  0.000000E+00
  1.750000E+00  0.000000E+00
  1.850000E+00  0.000000E+00
  1.950000E+00  0.000000E+00
  2.050000E+00  0.000000E+00
  2.150000E+00  0.000000E+00
  2.250000E+00  0.000000E+00
  2.350000E+00  0.000000E+00
  2.450000E+00  6.818822E-06
  2.550000E+00  2.975231E-04
  2.650000E+00  4.390821E-03
  2.750000E+00  3.969622E-02
  2.850000E+00  2.259857E-01
  2.950000E+00  8.445658E-01
  3.050000E+00  2.128327E+00
  3.150000E+00  3.561382E+00
  3.250000E+00  4.028727E+00
  3.350000E+00  3.320894E+00
  3.450000E+00  2.311509E+00
  3.550000E+00  1.677037E+00
  3.650000E+00  1.419376E+00
  3.750000E+00  1.310465E+00
  3.850000E+00  1.229501E+00
  3.950000E+00  1.171464E+00
  4.050000E+00  1.174937E+00
  4.150000E+00  1.211850E+00
  4.250000E+00  1.222573E+00
  4.350000E+00  1.142088E+00
  4.450000E+00  9.729849E-01
  4.550000E+00  7.748132E-01
  4.650000E+00  6.179264E-01
  4.750000E+00  5.325556E-01
  4.850000E+00  5.028630E-01
  4.950000E+00  4.893649E-01
  5.050000E+00  4.605028E-01
  5.150000E+00  4.099181E-01
  5.250000E+00  3.582629E-01
  5.350000E+00  3.513642E-01
  5.450000E+00  4.553791E-01
  5.550000E+00  7.575615E-01
  5.650000E+00  1.303318E+00
  5.750000E+00  1.978292E+00
  5.850000E+00  2.458054E+00
  5.950000E+00  2.458571E+00
  6.050000E+00  2.070735E+00
  6.150000E+00  1.627409E+00
  6.250000E+00  1.299198E+00
  6.350000E+00  1.069863E+00
  6.450000E+00  8.895570E-01
  6.550000E+00  7.374445E-01
  6.650000E+00  6.139086E-01
  6.750000E+00  5.181969E-01
  6.850000E+00  4.532968E-01
  6.950000E+00  4.153550E-01
  7.050000E+00  4.136412E-01
  7.150000E+00  4.503079E-01
  7.250000E+00  5.217906E-01
  7.350000E+00  6.202973E-01
  7.450000E+00  7.268597E-01
  7.550000E+00  8.238229E-01
  7.650000E+00  8.866709E-01
  7.750000E+00  8.978909E-01
  7.850000E+00  8.482891E-01
  7.950000E+00  7.624618E-01
  8.050000E+00  6.890993E-01
  8.150000E+00  6.545766E-01
  8.250000E+00  6.438306E-01
  8.350000E+00  6.399879E-01
  8.450000E+00  6.598921E-01
  8.550000E+00  7.320352E-01
  8.650000E+00  8.601949E-01
  8.750000E+00  1.027482E+00
  8.850000E+00  1.214449E+00
  8.950000E+00  1.382651E+00
  9.050000E+00  1.493458E+00
  9.150000E+00  1.531149E+00
  9.250000E+00  1.515557E+00
  9.350000E+00  1.484506E+00
  9.450000E+00  1.487867E+00
  9.550000E+00  1.574643E+00
  9.650000E+00  1.719278E+00
  9.750000E+00  1.810765E+00
  9.850000E+00  1.750000E+00
  9.950000E+00  1.554667E+00
  1.005000E+01  1.317594E+00
  1.015000E+01  1.109529E+00
  1.025000E+01  9.543084E-01
  1.035000E+01  8.531378E-01
  1.045000E+01  8.051670E-01
  1.055000E+01  7.967350E-01
  1.065000E+01  8.062623E-01
  1.075000E+01  8.118939E-01
  1.085000E+01  7.958483E-01
  1.095000E+01  7.506957E-01
  1.105000E+01  6.849234E-01
  1.115000E+01  6.176901E-01
  1.125000E+01  5.752034E-01
  1.135000E+01  5.775700E-01
  1.145000E+01  6.388438E-01
  1.155000E+01  7.615309E-01
  1.165000E+01  9.223220E-01
  1.175000E+01  1.068491E+00
  1.185000E+01  1.144666E+00
  1.195000E+01  1.111532E+00
O       O       
  5.000000E-02  0.000000E+00
  1.500000E-01  0.000000E+00
  2.500000E-01  0.000000E+00
  3.500000E-01  0.000000E+00
  4.500000E-01  0.000000E+00
  5.500000E-01  0.000000E+00
  6.500000E-01  0.000000E+00
  7.500000E-01  0.000000E+00
  8.500000E-01  0.000000E+00
  9.500000E-01  0.000000E+00
  1.050000E+00  0.000000E+00
  1.150000E+00  0.000000E+00
  1.250000E+00  0.000000E+00
  1.350000E+00  0.000000E+00
  1.450000E+00  0.000000E+00
  1.550000E+00  0.000000E+00
  1.650000E+00  0.000000E+00
  1.750000E+00  0.000000E+00
  1.850000E+00  0.000000E+00
  1.950000E+00  0.000000E+00
  2.050000E+00  0.000000E+00
  2.150000E+00  1.799271E-06
  2.250000E+00  7.557413E-05
  2.350000E+00  6.027905E-03
  2.450000E+00  1.304295E-01
  2.550000E+00  8.393840E-01
  2.650000E+00  1.908133E+00
  2.750000E+00  1.938932E+00
  2.850000E+00  1.634100E+00
  2.950000E+00  2.081357E+00
  3.050000E+00  2.531826E+00
  3.150000E+00  2.226761E+00
  3.250000E+00  1.617206E+00
  3.350000E+00  1.212004E+00
  3.450000E+00  9.787807E-01
  3.550000E+00  7.710545E-01
  3.650000E+00  6.460099E-01
  3.750000E+00  7.045332E-01
  3.850000E+00  9.261182E-01
  3.950000E+00  1.193251E+00
  4.050000E+00  1.127235E+00
  4.150000E+00  7.858457E-01
  4.250000E+00  6.105698E-01
  4.350000E+00  7.091149E-01
  4.450000E+00  8.973032E-01
  4.550000E+00  9.325336E-01
  4.650000E+00  7.754226E-01
  4.750000E+00  5.950929E-01
  4.850000E+00  4.957927E-01
  4.950000E+00  4.702624E-01
  5.050000E+00  5.214358E-01
  5.150000E+00  6.694058E-01
  5.250000E+00  8.824058E-01
  5.350000E+00  1.105872E+00
  5.450000E+00  1.360688E+00
  5.550000E+00  1.635304E+00
  5.650000E+00  1.778899E+00
  5.750000E+00  1.699964E+00
  5.850000E+00  1.487593E+00
  5.950000E+00  1.227077E+00
  6.050000E+00  9.577041E-01
  6.150000E+00  7.581197E-01
  6.250000E+00  7.291882E-01
  6.350000E+00  8.685040E-01
  6.450000E+00  1.035015E+00
  6.550000E+00  1.085013E+00
  6.650000E+00  1.018206E+00
  6.750000E+00  9.528350E-01
  6.850000E+00  1.000357E+00
  6.950000E+00  1.136803E+00
  7.050000E+00  1.207399E+00
  7.150000E+00  1.120389E+00
  7.250000E+00  9.447822E-01
  7.350000E+00  7.714015E-01
  7.450000E+00  6.118821E-01
  7.550000E+00  4.868066E-01
  7.650000E+00  4.916911E-01
  7.750000E+00  6.901164E-01
  7.850000E+00  9.656992E-01
  7.950000E+00  1.116046E+00
  8.050000E+00  1.120953E+00
  8.150000E+00  1.123520E+00
  8.250000E+00  1.172246E+00
  8.350000E+00  1.202528E+00
  8.450000E+00  1.180403E+00
  8.550000E+00  1.127763E+00
  8.650000E+00  1.076965E+00
  8.750000E+00  1.047017E+00
  8.850000E+00  1.038734E+00
  8.950000E+00  1.043650E+00
  9.050000E+00  1.059409E+00
  9.150000E+00  1.078506E+00
  9.250000E+00  1.089945E+00
  9.350000E+00  1.102316E+00
  9.450000E+00  1.121402E+00
  9.550000E+00  1.115384E+00
  9.650000E+00  1.034177E+00
  9.750000E+00  8.882180E-01
  9.850000E+00  7.640533E-01
  9.950000E+00  7.315888E-01
  1.005000E+01  7.760767E-01
  1.015000E+01  8.329924E-01
  1.025000E+01  8.612636E-01
  1.035000E+01  8.658884E-01
  1.045000E+01  8.803243E-01
  1.055000E+01  9.173927E-01
  1.065000E+01  9.688212E-01
  1.075000E+01  1.040599E+00
  1.085000E+01  1.129567E+00
  1.095000E+01  1.188284E+00
  1.105000E+01  1.188424E+00
  1.115000E+01  1.172414E+00
  1.125000E+01  1.173851E+00
  1.135000E+01  1.168923E+00
  1.145000E+01  1.139197E+00
  1.155000E+01  1.094845E+00
  1.165000E+01  1.040484E+00
  1.175000E+01  9.798944E-01
  1.185000E+01  9.359806E-01
  1.195000E+01  9.338202E-01
O       Zr      
  5.000000E-02  0.000000E+00
  1.500000E-01  0.000000E+00
  2.500000E-01  0.000000E+00
  3.500000E-01  0.000000E+00
  4.500000E-01  0.000000E+00
  5.500000E-01  0.000000E+00
  6.500000E-01  0.000000E+00
  7.500000E-01  0.000000E+00
  8.500000E-01  0.000000E+00
  9.500000E-01  0.000000E+00
  1.050000E+00  0.000000E+00
  1.150000E+00  0.000000E+00
  1.250000E+00  0.000000E+00
  1.350000E+00  0.000000E+00
  1.450000E+00  0.000000E+00
  1.550000E+00  0.000000E+00
  1.650000E+00  0.000000E+00
  1.750000E+00  1.411642E-02
  1.850000E+00  1.618323E+00
  1.950000E+00  1.092688E+01
  2.050000E+00  1.101994E+01
  2.150000E+00  3.024006E+00
  2.250000E+00  3.717617E-01
  2.350000E+00  3.147332E-02
  2.450000E+00  2.240855E-03
  2.550000E+00  1.326428E-04
  2.650000E+00  3.552705E-06
  2.750000E+00  0.000000E+00
  2.850000E+00  0.000000E+00
  2.950000E+00  0.000000E+00
  3.050000E+00  0.000000E+00
  3.150000E+00  0.000000E+00
  3.250000E+00  0.000000E+00
  3.350000E+00  0.000000E+00
  3.450000E+00  1.347561E-06
  3.550000E+00  1.443825E-04
  3.650000E+00  2.580975E-03
  3.750000E+00  2.827263E-02
  3.850000E+00  1.886342E-01
  3.950000E+00  7.186611E-01
  4.050000E+00  1.541540E+00
  4.150000E+00  1.877321E+00
  4.250000E+00  1.348743E+00
  4.350000E+00  8.095177E-01
  4.450000E+00  1.163601E+00
  4.550000E+00  2.239728E+00
  4.650000E+00  2.845982E+00
  4.750000E+00  2.354512E+00
  4.850000E+00  1.466194E+00
  4.950000E+00  1.043627E+00
  5.050000E+00  1.091702E+00
  5.150000E+00  1.099849E+00
  5.250000E+00  9.303655E-01
  5.350000E+00  8.973877E-01
  5.450000E+00  1.025236E+00
  5.550000E+00  9.167947E-01
  5.650000E+00  5.262790E-01
  5.750000E+00  2.107251E-01
  5.850000E+00  1.887535E-01
  5.950000E+00  4.525598E-01
  6.050000E+00  7.687209E-01
  6.150000E+00  9.026550E-01
  6.250000E+00  1.011037E+00
  6.350000E+00  1.278773E+00
  6.450000E+00  1.504517E+00
  6.550000E+00  1.437661E+00
  6.650000E+00  1.196261E+00
  6.750000E+00  9.714818E-01
  6.850000E+00  8.474286E-01
  6.950000E+00  1.007518E+00
  7.050000E+00  1.354884E+00
  7.150000E+00  1.487488E+00
  7.250000E+00  1.514626E+00
  7.350000E+00  1.687341E+00
  7.450000E+00  1.646468E+00
  7.550000E+00  1.235993E+00
  7.650000E+00  8.596327E-01
  7.750000E+00  6.590101E-01
  7.850000E+00  4.484228E-01
  7.950000E+00  2.429352E-01
  8.050000E+00  2.114161E-01
  8.150000E+00  4.041227E-01
  8.250000E+00  7.255739E-01
  8.350000E+00  9.891096E-01
  8.450000E+00  1.065291E+00
  8.550000E+00  1.034093E+00
  8.650000E+00  1.021290E+00
  8.750000E+00  9.957739E-01
  8.850000E+00  9.005292E-01
  8.950000E+00  8.226455E-01
  9.050000E+00  8.371820E-01
  9.150000E+00  8.461611E-01
  9.250000E+00  8.108369E-01
  9.350000E+00  8.238431E-01
  9.450000E+00  9.666190E-01
  9.550000E+00  1.199339E+00
  9.650000E+00  1.354128E+00
  9.750000E+00  1.315295E+00
  9.850000E+00  1.167197E+00
  9.950000E+00  1.099076E+00
  1.005000E+01  1.156414E+00
  1.015000E+01  1.179567E+00
  1.025000E+01  1.117851E+00
  1.035000E+01  1.068949E+00
  1.045000E+01  1.022656E+00
  1.055000E+01  9.272795E-01
  1.065000E+01  9.258321E-01
  1.075000E+01  1.190434E+00
  1.085000E+01  1.608711E+00
  1.095000E+01  1.868173E+00
  1.105000E+01  1.752022E+00
  1.115000E+01  1.316537E+00
  1.125000E+01  8.278055E-01
  1.135000E+01  5.246232E-01
  1.145000E+01  4.285360E-01
  1.155000E+01  3.978449E-01
  1.165000E+01  3.631452E-01
  1.175000E+01  3.972704E-01
  1.185000E+01  5.516087E-01
  1.195000E+01  7.251903E-01
O       La      
  5.000000E-02  0.000000E+00
  1.500000E-01  0.000000E+00
  2.500000E-01  0.000000E+00
  3.500000E-01  0.000000E+00
  4.500000E-01  0.000000E+00
  5.500000E-01  0.000000E+00
  6.500000E-01  0.000000E+00
  7.500000E-01  0.000000E+00
  8.500000E-01  0.000000E+00
  9.500000E-01  0.000000E+00
  1.050000E+00  0.000000E+00
  1.150000E+00  0.000000E+00
  1.250000E+00  0.000000E+00
  1.350000E+00  0.000000E+00
  1.450000E+00  0.000000E+00
  1.550000E+00  0.000000E+00
  1.650000E+00  0.000000E+00
  1.750000E+00  0.000000E+00
  1.850000E+00  0.000000E+00
  1.950000E+00  0.000000E+00
  2.050000E+00  3.674791E-06
  2.150000E+00  4.470461E-03
  2.250000E+00  3.355238E-01
  2.350000E+00  3.004495E+00
  2.450000E+00  6.657049E+00
  2.550000E+00  6.185270E+00
  2.650000E+00  3.570600E+00
  2.750000E+00  1.648107E+00
  2.850000E+00  7.021478E-01
  2.950000E+00  2.908315E-01
  3.050000E+00  1.169184E-01
  3.150000E+00  4.366935E-02
  3.250000E+00  1.443130E-02
  3.350000E+00  4.236274E-03
  3.450000E+00  1.124165E-03
  3.550000E+00  7.767338E-04
  3.650000E+00  5.949860E-03
  3.750000E+00  4.646441E-02
  3.850000E+00  2.530192E-01
  3.950000E+00  8.717082E-01
  4.050000E+00  1.846819E+00
  4.150000E+00  2.378836E+00
  4.250000E+00  1.869187E+00
  4.350000E+00  8.985555E-01
  4.450000E+00  3.162321E-01
  4.550000E+00  2.875753E-01
  4.650000E+00  6.301838E-01
  4.750000E+00  1.093240E+00
  4.850000E+00  1.380538E+00
  4.950000E+00  1.339882E+00
  5.050000E+00  1.174634E+00
  5.150000E+00  1.393559E+00
  5.250000E+00  2.003184E+00
  5.350000E+00  2.222037E+00
  5.450000E+00  1.853299E+00
  5.550000E+00  1.349985E+00
  5.650000E+00  8.473566E-01
  5.750000E+00  4.165813E-01
  5.850000E+00  2.235208E-01
  5.950000E+00  3.235800E-01
  6.050000E+00  5.925620E-01
  6.150000E+00  8.227572E-01
  6.250000E+00  8.528885E-01
  6.350000E+00  6.479467E-01
  6.450000E+00  3.791428E-01
  6.550000E+00  2.969419E-01
  6.650000E+00  4.766735E-01
  6.750000E+00  7.415162E-01
  6.850000E+00  8.272073E-01
  6.950000E+00  7.591424E-01
  7.050000E+00  8.914470E-01
  7.150000E+00  1.389675E+00
  7.250000E+00  1.914120E+00
  7.350000E+00  2.008354E+00
  7.450000E+00  1.639575E+00
  7.550000E+00  1.179980E+00
  7.650000E+00  1.008128E+00
  7.750000E+00  1.235425E+00
  7.850000E+00  1.628441E+00
  7.950000E+00  1.774958E+00
  8.050000E+00  1.489659E+00
  8.150000E+00  9.706517E-01
  8.250000E+00  5.622642E-01
  8.350000E+00  4.228891E-01
  8.450000E+00  4.493991E-01
  8.550000E+00  4.698325E-01
  8.650000E+00  4.496801E-01
  8.750000E+00  5.194639E-01
  8.850000E+00  7.669223E-01
  8.950000E+00  1.010330E+00
  9.050000E+00  1.012497E+00
  9.150000E+00  8.883753E-01
  9.250000E+00  9.205943E-01
  9.350000E+00  1.126207E+00
  9.450000E+00  1.295732E+00
  9.550000E+00  1.308302E+00
  9.650000E+00  1.214966E+00
  9.750000E+00  1.136711E+00
  9.850000E+00  1.170168E+00
  9.950000E+00  1.227201E+00
  1.005000E+01  1.100354E+00
  1.015000E+01  8.546866E-01
  1.025000E+01  7.775706E-01
  1.035000E+01  9.064992E-01
  1.045000E+01  1.029142E+00
  1.055000E+01  1.044340E+00
  1.065000E+01  1.041733E+00
  1.075000E+01  1.053263E+00
  1.085000E+01  1.037084E+00
  1.095000E+01  1.036160E+00
  1.105000E+01  1.103017E+00
  1.115000E+01  1.141143E+00
  1.125000E+01  1.057705E+00
  1.135000E+01  9.043565E-01
  1.145000E+01  8.039732E-01
  1.155000E+01  8.161112E-01
  1.165000E+01  8.653921E-01
  1.175000E+01  8.282076E-01
  1.185000E+01  7.116060E-01
  1.195000E+01  6.605393E-01
Zr      Zr      
  5.000000E-02  0.000000E+00
  1.500000E-01  0.000000E+00
  2.500000E-01  0.000000E+00
  3.500000E-01  0.000000E+00
  4.500000E-01  0.000000E+00
  5.500000E-01  0.000000E+00
  6.500000E-01  0.000000E+00
  7.500000E-01  0.000000E+00
  8.500000E-01  0.000000E+00
  9.500000E-01  0.000000E+00
  1.050000E+00  0.000000E+00
  1.150000E+00  0.000000E+00
  1.250000E+00  0.000000E+00
  1.350000E+00  0.000000E+00
  1.450000E+00  0.000000E+00
  1.550000E+00  0.000000E+00
  1.650000E+00  0.000000E+00
  1.750000E+00  0.000000E+00
  1.850000E+00  0.000000E+00
  1.950000E+00  0.000000E+00
  2.050000E+00  0.000000E+00
  2.150000E+00  0.000000E+00
  2.250000E+00  0.000000E+00
  2.350000E+00  0.000000E+00
  2.450000E+00  0.000000E+00
  2.550000E+00  0.000000E+00
  2.650000E+00  0.000000E+00
  2.750000E+00  0.000000E+00
  2.850000E+00  0.000000E+00
  2.950000E+00  0.000000E+00
  3.050000E+00  0.000000E+00
  3.150000E+00  0.000000E+00
  3.250000E+00  0.000000E+00
  3.350000E+00  0.000000E+00
  3.450000E+00  0.000000E+00
  3.550000E+00  0.000000E+00
  3.650000E+00  0.000000E+00
  3.750000E+00  0.000000E+00
  3.850000E+00  0.000000E+00
  3.950000E+00  0.000000E+00
  4.050000E+00  0.000000E+00
  4.150000E+00  0.000000E+00
  4.250000E+00  0.000000E+00
  4.350000E+00  0.000000E+00
  4.450000E+00  0.000000E+00
  4.550000E+00  0.000000E+00
  4.650000E+00  0.000000E+00
  4.750000E+00  0.000000E+00
  4.850000E+00  0.000000E+00
  4.950000E+00  3.232634E-05
  5.050000E+00  5.405910E-04
  5.150000E+00  7.529053E-03
  5.250000E+00  8.615133E-02
  5.350000E+00  5.944007E-01
  5.450000E+00  2.695789E+00
  5.550000E+00  7.255552E+00
  5.650000E+00  9.526772E+00
  5.750000E+00  5.625173E+00
  5.850000E+00  1.596489E+00
  5.950000E+00  2.361059E-01
  6.050000E+00  2.170745E-02
  6.150000E+00  6.771455E-02
  6.250000E+00  5.777016E-01
  6.350000E+00  2.354498E+00
  6.450000E+00  4.684068E+00
  6.550000E+00  4.690197E+00
  6.650000E+00  2.413242E+00
  6.750000E+00  6.546193E-01
  6.850000E+00  9.580761E-02
  6.950000E+00  7.947075E-03
  7.050000E+00  4.096141E-04
  7.150000E+00  1.381894E-05
  7.250000E+00  1.181123E-05
  7.350000E+00  0.000000E+00
  7.450000E+00  0.000000E+00
  7.550000E+00  0.000000E+00
  7.650000E+00  0.000000E+00
  7.750000E+00  0.000000E+00
  7.850000E+00  0.000000E+00
  7.950000E+00  0.000000E+00
  8.050000E+00  0.000000E+00
  8.150000E+00  0.000000E+00
  8.250000E+00  0.000000E+00
  8.350000E+00  0.000000E+00
  8.450000E+00  0.000000E+00
  8.550000E+00  9.078298E-06
  8.650000E+00  3.313229E-04
  8.750000E+00  8.281052E-03
  8.850000E+00  1.057936E-01
  8.950000E+00  7.014057E-01
  9.050000E+00  2.475351E+00
  9.150000E+00  4.614500E+00
  9.250000E+00  4.528152E+00
  9.350000E+00  2.352845E+00
  9.450000E+00  6.546284E-01
  9.550000E+00  9.755674E-02
  9.650000E+00  7.534668E-03
  9.750000E+00  4.292297E-04
  9.850000E+00  1.654874E-05
  9.950000E+00  0.000000E+00
  1.005000E+01  1.695642E-06
  1.015000E+01  6.337882E-05
  1.025000E+01  1.557984E-03
  1.035000E+01  2.474276E-02
  1.045000E+01  2.340032E-01
  1.055000E+01  1.294210E+00
  1.065000E+01  4.001726E+00
  1.075000E+01  6.790755E+00
  1.085000E+01  6.237373E+00
  1.095000E+01  3.170477E+00
  1.105000E+01  1.327084E+00
  1.115000E+01  1.548034E+00
  1.125000E+01  2.218295E+00
  1.135000E+01  1.753175E+00
  1.145000E+01  7.254030E-01
  1.155000E+01  1.689237E-01
  1.165000E+01  2.433694E-02
  1.175000E+01  2.166352E-03
  1.185000E+01  1.004676E-04
  1.195000E+01  1.499138E-06
Zr      La      
  5.000000E-02  0.000000E+00
  1.500000E-01  0.000000E+00
  2.500000E-01  0.000000E+00
  3.500000E-01  0.000000E+00
  4.500000E-01  0.000000E+00
  5.500000E-01  0.000000E+00
  6.500000E-01  0.000000E+00
  7.500000E-01  0.000000E+00
  8.500000E-01  0.000000E+00
  9.500000E-01  0.000000E+00
  1.050000E+00  0.000000E+00
  1.150000E+00  0.000000E+00
  1.250000E+00  0.000000E+00
  1.350000E+00  0.000000E+00
  1.450000E+00  0.000000E+00
  1.550000E+00  0.000000E+00
  1.650000E+00  0.000000E+00
  1.750000E+00  0.000000E+00
  1.850000E+00  0.000000E+00
  1.950000E+00  0.000000E+00
  2.050000E+00  0.000000E+00
  2.150000E+00  0.000000E+00
  2.250000E+00  0.000000E+00
  2.350000E+00  0.000000E+00
  2.450000E+00  0.000000E+00
  2.550000E+00  0.000000E+00
  2.650000E+00  0.000000E+00
  2.750000E+00  0.000000E+00
  2.850000E+00  0.000000E+00
  2.950000E+00  0.000000E+00
  3.050000E+00  0.000000E+00
  3.150000E+00  6.465756E-06
  3.250000E+00  9.502459E-04
  3.350000E+00  1.055250E-01
  3.450000E+00  2.062467E+00
  3.550000E+00  9.798972E+00
  3.650000E+00  1.335065E+01
  3.750000E+00  6.344432E+00
  3.850000E+00  1.301521E+00
  3.950000E+00  1.442305E-01
  4.050000E+00  9.847885E-03
  4.150000E+00  4.106093E-04
  4.250000E+00  0.000000E+00
  4.350000E+00  0.000000E+00
  4.450000E+00  0.000000E+00
  4.550000E+00  0.000000E+00
  4.650000E+00  0.000000E+00
  4.750000E+00  0.000000E+00
  4.850000E+00  0.000000E+00
  4.950000E+00  0.000000E+00
  5.050000E+00  8.665609E-06
  5.150000E+00  1.558957E-05
  5.250000E+00  2.402804E-04
  5.350000E+00  4.735239E-03
  5.450000E+00  4.884202E-02
  5.550000E+00  3.050619E-01
  5.650000E+00  1.155127E+00
  5.750000E+00  2.657231E+00
  5.850000E+00  3.682073E+00
  5.950000E+00  3.013145E+00
  6.050000E+00  1.426774E+00
  6.150000E+00  3.894414E-01
  6.250000E+00  6.244908E-02
  6.350000E+00  5.827623E-03
  6.450000E+00  3.396330E-04
  6.550000E+00  2.392797E-05
  6.650000E+00  0.000000E+00
  6.750000E+00  4.693968E-06
  6.850000E+00  2.347329E-04
  6.950000E+00  4.024635E-03
  7.050000E+00  4.341743E-02
  7.150000E+00  3.201694E-01
  7.250000E+00  1.434085E+00
  7.350000E+00  3.626582E+00
  7.450000E+00  4.946667E+00
  7.550000E+00  3.589899E+00
  7.650000E+00  1.434180E+00
  7.750000E+00  3.290583E-01
  7.850000E+00  4.678143E-02
  7.950000E+00  4.494476E-03
  8.050000E+00  3.268434E-04
  8.150000E+00  1.053963E-04
  8.250000E+00  2.546803E-03
  8.350000E+00  3.719048E-02
  8.450000E+00  3.094410E-01
  8.550000E+00  1.455781E+00
  8.650000E+00  3.797725E+00
  8.750000E+00  5.358458E+00
  8.850000E+00  4.073162E+00
  8.950000E+00  1.673328E+00
  9.050000E+00  3.784574E-01
  9.150000E+00  4.876236E-02
  9.250000E+00  3.525248E-03
  9.350000E+00  3.564411E-04
  9.450000E+00  4.404067E-03
  9.550000E+00  4.501053E-02
  9.650000E+00  2.525083E-01
  9.750000E+00  7.753718E-01
  9.850000E+00  1.306789E+00
  9.950000E+00  1.225122E+00
  1.005000E+01  6.401348E-01
  1.015000E+01  1.908982E-01
  1.025000E+01  3.337363E-02
  1.035000E+01  4.248307E-03
  1.045000E+01  1.039373E-02
  1.055000E+01  9.222005E-02
  1.065000E+01  5.085432E-01
  1.075000E+01  1.634700E+00
  1.085000E+01  3.025697E+00
  1.095000E+01  3.156616E+00
  1.105000E+01  1.858224E+00
  1.115000E+01  6.214919E-01
  1.125000E+01  1.215599E-01
  1.135000E+01  1.912974E-02
  1.145000E+01  4.704240E-02
  1.155000E+01  2.740099E-01
  1.165000E+01  1.024352E+00
  1.175000E+01  2.265708E+00
  1.185000E+01  2.824591E+00
  1.195000E+01  1.953075E+00
La      La      
  5.000000E-02  0.000000E+00
  1.500000E-01  0.000000E+00
  2.500000E-01  0.000000E+00
  3.500000E-01  0.000000E+00
  4.500000E-01  0.000000E+00
  5.500000E-01  0.000000E+00
  6.500000E-01  0.000000E+00
  7.500000E-01  0.000000E+00
  8.500000E-01  0.000000E+00
  9.500000E-01  0.000000E+00
  1.050000E+00  0.000000E+00
  1.150000E+00  0.000000E+00
  1.250000E+00  0.000000E+00
  1.350000E+00  0.000000E+00
  1.450000E+00  0.000000E+00
  1.550000E+00  0.000000E+00
  1.650000E+00  0.000000E+00
  1.750000E+00  0.000000E+00
  1.850000E+00  0.000000E+00
  1.950000E+00  0.000000E+00
  2.050000E+00  0.000000E+00
  2.150000E+00  0.000000E+00
  2.250000E+00  0.000000E+00
  2.350000E+00  0.000000E+00
  2.450000E+00  0.000000E+00
  2.550000E+00  0.000000E+00
  2.650000E+00  0.000000E+00
  2.750000E+00  0.000000E+00
  2.850000E+00  0.000000E+00
  2.950000E+00  0.000000E+00
  3.050000E+00  0.000000E+00
  3.150000E+00  0.000000E+00
  3.250000E+00  0.000000E+00
  3.350000E+00  0.000000E+00
  3.450000E+00  0.000000E+00
  3.550000E+00  1.229395E-03
  3.650000E+00  5.315483E-02
  3.750000E+00  7.297468E-01
  3.850000E+00  3.394139E+00
  3.950000E+00  6.404688E+00
  4.050000E+00  5.318147E+00
  4.150000E+00  2.077170E+00
  4.250000E+00  3.974900E-01
  4.350000E+00  3.976849E-02
  4.450000E+00  2.443314E-03
  4.550000E+00  7.396760E-05
  4.650000E+00  1.187673E-05
  4.750000E+00  0.000000E+00
  4.850000E+00  0.000000E+00
  4.950000E+00  0.000000E+00
  5.050000E+00  0.000000E+00
  5.150000E+00  0.000000E+00
  5.250000E+00  0.000000E+00
  5.350000E+00  9.304515E-06
  5.450000E+00  3.701763E-04
  5.550000E+00  5.225902E-03
  5.650000E+00  4.748744E-02
  5.750000E+00  2.962408E-01
  5.850000E+00  1.164166E+00
  5.950000E+00  2.879657E+00
  6.050000E+00  4.359077E+00
  6.150000E+00  4.006375E+00
  6.250000E+00  2.330959E+00
  6.350000E+00  1.263948E+00
  6.450000E+00  1.138938E+00
  6.550000E+00  1.006993E+00
  6.650000E+00  5.420790E-01
  6.750000E+00  1.724099E-01
  6.850000E+00  4.819807E-02
  6.950000E+00  1.416794E-01
  7.050000E+00  7.614460E-01
  7.150000E+00  2.250898E+00
  7.250000E+00  3.470180E+00
  7.350000E+00  2.955256E+00
  7.450000E+00  1.864410E+00
  7.550000E+00  1.642297E+00
  7.650000E+00  1.588001E+00
  7.750000E+00  9.832924E-01
  7.850000E+00  3.379028E-01
  7.950000E+00  6.344539E-02
  8.050000E+00  6.402568E-03
  8.150000E+00  3.746045E-04
  8.250000E+00  2.152105E-05
  8.350000E+00  3.714714E-04
  8.450000E+00  6.285789E-03
  8.550000E+00  6.199766E-02
  8.650000E+00  3.464704E-01
  8.750000E+00  1.115325E+00
  8.850000E+00  2.070644E+00
  8.950000E+00  2.279822E+00
  9.050000E+00  1.779377E+00
  9.150000E+00  1.382904E+00
  9.250000E+00  1.034432E+00
  9.350000E+00  5.397344E-01
  9.450000E+00  1.689955E-01
  9.550000E+00  4.037601E-02
  9.650000E+00  7.249310E-02
  9.750000E+00  3.642195E-01
  9.850000E+00  1.157353E+00
  9.950000E+00  2.193995E+00
  1.005000E+01  2.458117E+00
  1.015000E+01  1.635357E+00
  1.025000E+01  6.536143E-01
  1.035000E+01  1.587238E-01
  1.045000E+01  2.434412E-02
  1.055000E+01  3.286421E-03
  1.065000E+01  1.465264E-02
  1.075000E+01  1.255546E-01
  1.085000E+01  5.675921E-01
  1.095000E+01  1.364493E+00
  1.105000E+01  1.888102E+00
  1.115000E+01  1.886313E+00
  1.125000E+01  1.682769E+00
  1.135000E+01  1.209571E+00
  1.145000E+01  7.133948E-01
  1.155000E+01  7.527111E-01
  1.165000E+01  1.337923E+00
  1.175000E+01  2.064046E+00
  1.185000E+01  2.614996E+00
  1.195000E+01  2.618154E+00
