; material = LLZO                                                       
        10       120
Li      Li      
  5.000000E-02  0.000000E+00
  1.500000E-01  0.000000E+00
  2.500000E-01  0.000000E+00
  3.500000E-01  0.000000E+00
  4.500000E-01  0.000000E+00
  5.500000E-01  0.000000E+00
  6.500000E-01  0.000000E+00
  7.500000E-01  0.000000E+00
  8.500000E-01  0.000000E+00
  9.500000E-01  0.000000E+00
  1.050000E+00  0.000000E+00
  1.150000E+00  0.000000E+00
  1.250000E+00  0.000000E+00
  1.350000E+00  0.000000E+00
  1.450000E+00  0.000000E+00
  1.550000E+00  0.000000E+00
  1.650000E+00  0.000000E+00
  1.750000E+00  2.017883E-04
  1.850000E+00  8.298686E-03
  1.950000E+00  1.181145E-01
  2.050000E+00  6.810384E-01
  2.150000E+00  1.930336E+00
  2.250000E+00  3.057726E+00
  2.350000E+00  3.071364E+00
  2.450000E+00  2.168644E+00
  2.550000E+00  1.220127E+00
  2.650000E+00  6.955510E-01
  2.750000E+00  5.343160E-01
  2.850000E+00  5.483721E-01
  2.950000E+00  5.708583E-01
  3.050000E+00  5.582759E-01
  3.150000E+00  5.277035E-01
  3.250000E+00  5.097491E-01
  3.350000E+00  5.231457E-01
  3.450000E+00  5.586064E-01
  3.550000E+00  5.910761E-01
  3.650000E+00  6.022201E-01
  3.750000E+00  5.824283E-01
  3.850000E+00  5.405585E-01
  3.950000E+00  4.853499E-01
  4.050000E+00  4.352619E-01
  4.150000E+00  4.135768E-01
  4.250000E+00  4.535656E-01
  4.350000E+00  6.168506E-01
  4.450000E+00  8.964291E-01
  4.550000E+00  1.115549E+00
  4.650000E+00  1.127759E+00
  4.750000E+00  1.023815E+00
  4.850000E+00  9.291271E-01
  4.950000E+00  8.784993E-01
  5.050000E+00  8.493372E-01
  5.150000E+00  8.224972E-01
  5.250000E+00  7.871196E-01
  5.350000E+00  7.518878E-01
  5.450000E+00  7.358459E-01
  5.550000E+00  7.622031E-01
  5.650000E+00  8.316364E-01
  5.750000E+00  9.580247E-01
  5.850000E+00  1.157121E+00
  5.950000E+00  1.393748E+00
  6.050000E+00  1.581945E+00
  6.150000E+00  1.635519E+00
  6.250000E+00  1.586830E+00
  6.350000E+00  1.517705E+00
  6.450000E+00  1.464094E+00
  6.550000E+00  1.384688E+00
  6.650000E+00  1.275275E+00
  6.750000E+00  1.174988E+00
  6.850000E+00  1.110513E+00
  6.950000E+00  1.093548E+00
  7.050000E+00  1.124180E+00
  7.150000E+00  1.180123E+00
  7.250000E+00  1.226497E+00
  7.350000E+00  1.219137E+00
  7.450000E+00  1.148907E+00
  7.550000E+00  1.049130E+00
  7.650000E+00  9.664376E-01
  7.750000E+00  9.296432E-01
  7.850000E+00  9.252426E-01
  7.950000E+00  9.295440E-01
  8.050000E+00  9.230702E-01
  8.150000E+00  9.031345E-01
  8.250000E+00  8.851069E-01
  8.350000E+00  8.795492E-01
  8.450000E+00  8.946328E-01
  8.550000E+00  9.148918E-01
  8.650000E+00  9.233883E-01
  8.750000E+00  9.100319E-01
  8.850000E+00  8.851793E-01
  8.950000E+00  8.647495E-01
  9.050000E+00  8.494565E-01
  9.150000E+00  8.323446E-01
  9.250000E+00  8.111107E-01
  9.350000E+00  7.834423E-01
  9.450000E+00  7.574191E-01
  9.550000E+00  7.405304E-01
  9.650000E+00  7.368814E-01
  9.750000E+00  7.496629E-01
  9.850000E+00  7.823666E-01
  9.950000E+00  8.321770E-01
  1.005000E+01  8.899510E-01
  1.015000E+01  9.422896E-01
  1.025000E+01  9.824620E-01
  1.035000E+01  1.005198E+00
  1.045000E+01  1.009192E+00
  1.055000E+01  9.928820E-01
  1.065000E+01  9.665767E-01
  1.075000E+01  9.470574E-01
  1.085000E+01  9.536404E-01
  1.095000E+01  1.002041E+00
  1.105000E+01  1.089461E+00
  1.115000E+01  1.197581E+00
  1.125000E+01  1.302749E+00
  1.135000E+01  1.394922E+00
  1.145000E+01  1.455015E+00
  1.155000E+01  1.460003E+00
  1.165000E+01  1.408519E+00
  1.175000E+01  1.321860E+00
  1.185000E+01  1.213556E+00
  1.195000E+01  1.098551E+00
Li      O       
  5.000000E-02  0.000000E+00
  1.500000E-01  0.000000E+00
  2.500000E-01  0.000000E+00
  3.500000E-01  0.000000E+00
  4.500000E-01  0.000000E+00
  5.500000E-01  0.000000E+00
  6.500000E-01  0.000000E+00
  7.500000E-01  0.000000E+00
  8.500000E-01  0.000000E+00
  9.500000E-01  0.000000E+00
  1.050000E+00  0.000000E+00
  1.150000E+00  0.000000E+00
  1.250000E+00  0.000000E+00
  1.350000E+00  0.000000E+00
  1.450000E+00  0.000000E+00
  1.550000E+00  3.209725E-04
  1.650000E+00  8.737896E-02
  1.750000E+00  1.338543E+00
  1.850000E+00  3.544988E+00
  1.950000E+00  3.714165E+00
  2.050000E+00  2.824422E+00
  2.150000E+00  2.027136E+00
  2.250000E+00  1.526857E+00
  2.350000E+00  1.244139E+00
  2.450000E+00  1.049936E+00
  2.550000E+00  8.408166E-01
  2.650000E+00  5.951136E-01
  2.750000E+00  3.657445E-01
  2.850000E+00  2.141628E-01
  2.950000E+00  1.565846E-01
  3.050000E+00  1.808085E-01
  3.150000E+00  2.710067E-01
  3.250000E+00  4.312437E-01
  3.350000E+00  6.742057E-01
  3.450000E+00  9.622328E-01
  3.550000E+00  1.179760E+00
  3.650000E+00  1.275263E+00
  3.750000E+00  1.316612E+00
  3.850000E+00  1.346371E+00
  3.950000E+00  1.360808E+00
  4.050000E+00  1.335833E+00
  4.150000E+00  1.259719E+00
  4.250000E+00  1.221143E+00
  4.350000E+00  1.307740E+00
  4.450000E+00  1.348797E+00
  4.550000E+00  1.239176E+00
  4.650000E+00  1.101282E+00
  4.750000E+00  1.001815E+00
  4.850000E+00  9.077367E-01
  4.950000E+00  8.158517E-01
  5.050000E+00  7.754597E-01
  5.150000E+00  8.309555E-01
  5.250000E+00  9.658067E-01
  5.350000E+00  1.090936E+00
  5.450000E+00  1.118581E+00
  5.550000E+00  1.059165E+00
  5.650000E+00  9.764599E-01
  5.750000E+00  9.126797E-01
  5.850000E+00  8.693691E-01
  5.950000E+00  8.215847E-01
  6.050000E+00  7.674928E-01
  6.150000E+00  7.450939E-01
  6.250000E+00  7.793402E-01
  6.350000E+00  8.505896E-01
  6.450000E+00  9.377380E-01
  6.550000E+00  1.009971E+00
  6.650000E+00  1.034421E+00
  6.750000E+00  9.898790E-01
  6.850000E+00  9.107884E-01
  6.950000E+00  8.682231E-01
  7.050000E+00  8.978296E-01
  7.150000E+00  9.757633E-01
  7.250000E+00  1.057504E+00
  7.350000E+00  1.107496E+00
  7.450000E+00  1.120817E+00
  7.550000E+00  1.133837E+00
  7.650000E+00  1.202692E+00
  7.750000E+00  1.322453E+00
  7.850000E+00  1.407526E+00
  7.950000E+00  1.389816E+00
  8.050000E+00  1.272926E+00
  8.150000E+00  1.108641E+00
  8.250000E+00  9.433172E-01
  8.350000E+00  8.223390E-01
  8.450000E+00  7.652535E-01
  8.550000E+00  7.627034E-01
  8.650000E+00  7.869245E-01
  8.750000E+00  8.209834E-01
  8.850000E+00  8.561974E-01
  8.950000E+00  8.771250E-01
  9.050000E+00  8.770129E-01
  9.150000E+00  8.718360E-01
  9.250000E+00  8.901738E-01
  9.350000E+00  9.359608E-01
  9.450000E+00  1.001130E+00
  9.550000E+00  1.089454E+00
  9.650000E+00  1.184977E+00
  9.750000E+00  1.235814E+00
  9.850000E+00  1.212797E+00
  9.950000E+00  1.148906E+00
  1.005000E+01  1.111928E+00
  1.015000E+01  1.123086E+00
  1.025000E+01  1.132642E+00
  1.035000E+01  1.078352E+00
  1.045000E+01  9.678676E-01
  1.055000E+01  8.670812E-01
  1.065000E+01  8.236988E-01
  1.075000E+01  8.279048E-01
  1.085000E+01  8.392330E-01
  1.095000E+01  8.399420E-01
  1.105000E+01  8.337596E-01
  1.115000E+01  8.381725E-01
  1.125000E+01  8.739840E-01
  1.135000E+01  9.442917E-01
  1.145000E+01  1.016793E+00
  1.155000E+01  1.062070E+00
  1.165000E+01  1.085402E+00
  1.175000E+01  1.102634E+00
  1.185000E+01  1.109332E+00
  1.195000E+01  1.100640E+00
Li      Zr      
  5.000000E-02  0.000000E+00
  1.500000E-01  0.000000E+00
  2.500000E-01  0.000000E+00
  3.500000E-01  0.000000E+00
  4.500000E-01  0.000000E+00
  5.500000E-01  0.000000E+00
  6.500000E-01  0.000000E+00
  7.500000E-01  0.000000E+00
  8.500000E-01  0.000000E+00
  9.500000E-01  0.000000E+00
  1.050000E+00  0.000000E+00
  1.150000E+00  0.000000E+00
  1.250000E+00  0.000000E+00
  1.350000E+00  0.000000E+00
  1.450000E+00  0.000000E+00
  1.550000E+00  0.000000E+00
  1.650000E+00  0.000000E+00
  1.750000E+00  0.000000E+00
  1.850000E+00  0.000000E+00
  1.950000E+00  0.000000E+00
  2.050000E+00  0.000000E+00
  2.150000E+00  0.000000E+00
  2.250000E+00  0.000000E+00
  2.350000E+00  0.000000E+00
  2.450000E+00  0.000000E+00
  2.550000E+00  2.168511E-04
  2.650000E+00  1.661350E-02
  2.750000E+00  3.041386E-01
  2.850000E+00  1.604934E+00
  2.950000E+00  3.260299E+00
  3.050000E+00  3.359316E+00
  3.150000E+00  2.564733E+00
  3.250000E+00  2.392459E+00
  3.350000E+00  2.626485E+00
  3.450000E+00  2.525334E+00
  3.550000E+00  2.214062E+00
  3.650000E+00  1.997194E+00
  3.750000E+00  1.819215E+00
  3.850000E+00  1.531676E+00
  3.950000E+00  1.200502E+00
  4.050000E+00  8.950593E-01
  4.150000E+00  6.874094E-01
  4.250000E+00  6.559573E-01
  4.350000E+00  7.832614E-01
  4.450000E+00  9.358692E-01
  4.550000E+00  9.486677E-01
  4.650000E+00  7.503429E-01
  4.750000E+00  4.604072E-01
  4.850000E+00  2.434433E-01
  4.950000E+00  1.470141E-01
  5.050000E+00  1.536928E-01
  5.150000E+00  2.422557E-01
  5.250000E+00  4.081143E-01
  5.350000E+00  6.197890E-01
  5.450000E+00  8.145314E-01
  5.550000E+00  9.640600E-01
  5.650000E+00  1.119111E+00
  5.750000E+00  1.329861E+00
  5.850000E+00  1.526052E+00
  5.950000E+00  1.530667E+00
  6.050000E+00  1.297342E+00
  6.150000E+00  1.077808E+00
  6.250000E+00  1.008194E+00
  6.350000E+00  9.528553E-01
  6.450000E+00  8.027696E-01
  6.550000E+00  5.857459E-01
  6.650000E+00  4.015708E-01
  6.750000E+00  3.417829E-01
  6.850000E+00  4.681893E-01
  6.950000E+00  7.646330E-01
  7.050000E+00  1.096863E+00
  7.150000E+00  1.271965E+00
  7.250000E+00  1.233008E+00
  7.350000E+00  1.110982E+00
  7.450000E+00  1.052658E+00
  7.550000E+00  1.125203E+00
  7.650000E+00  1.275649E+00
  7.750000E+00  1.329051E+00
  7.850000E+00  1.183496E+00
  7.950000E+00  8.866280E-01
  8.050000E+00  5.717011E-01
  8.150000E+00  4.327956E-01
  8.250000E+00  6.217013E-01
  8.350000E+00  1.133092E+00
  8.450000E+00  1.752255E+00
  8.550000E+00  2.176810E+00
  8.650000E+00  2.249749E+00
  8.750000E+00  2.013665E+00
  8.850000E+00  1.720409E+00
  8.950000E+00  1.508859E+00
  9.050000E+00  1.271800E+00
  9.150000E+00  9.687603E-01
  9.250000E+00  6.836497E-01
  9.350000E+00  5.015959E-01
  9.450000E+00  4.400886E-01
  9.550000E+00  4.645466E-01
  9.650000E+00  5.245659E-01
  9.750000E+00  5.813481E-01
  9.850000E+00  6.284535E-01
  9.950000E+00  6.696960E-01
  1.005000E+01  6.822716E-01
  1.015000E+01  6.395061E-01
  1.025000E+01  5.736209E-01
  1.035000E+01  5.789762E-01
  1.045000E+01  7.134908E-01
  1.055000E+01  9.332562E-01
  1.065000E+01  1.132223E+00
  1.075000E+01  1.221319E+00
  1.085000E+01  1.200100E+00
  1.095000E+01  1.142335E+00
  1.105000E+01  1.066327E+00
  1.115000E+01  9.175374E-01
  1.125000E+01  7.760987E-01
  1.135000E+01  7.830901E-01
  1.145000E+01  9.498599E-01
  1.155000E+01  1.185009E+00
  1.165000E+01  1.383159E+00
  1.175000E+01  1.464805E+00
  1.185000E+01  1.375714E+00
  1.195000E+01  1.180480E+00
Li      La      
  5.000000E-02  0.000000E+00
  1.500000E-01  0.000000E+00
  2.500000E-01  0.000000E+00
  3.500000E-01  0.000000E+00
  4.500000E-01  0.000000E+00
  5.500000E-01  0.000000E+00
  6.500000E-01  0.000000E+00
  7.500000E-01  0.000000E+00
  8.500000E-01  0.000000E+00
  9.500000E-01  0.000000E+00
  1.050000E+00  0.000000E+00
  1.150000E+00  0.000000E+00
  1.250000E+00  0.000000E+00
  1.350000E+00  0.000000E+00
  1.450000E+00  0.000000E+00
  1.550000E+00  0.000000E+00
  1.650000E+00  0.000000E+00
  1.750000E+00  0.000000E+00
  1.850000E+00  0.000000E+00
  1.950000E+00  0.000000E+00
  2.050000E+00  0.000000E+00
  2.150000E+00  0.000000E+00
  2.250000E+00  0.000000E+00
  2.350000E+00  0.000000E+00
  2.450000E+00  0.000000E+00
  2.550000E+00  3.362032E-06
  2.650000E+00  1.883432E-04
  2.750000E+00  6.274576E-03
  2.850000E+00  8.227080E-02
  2.950000E+00  5.421073E-01
  3.050000E+00  1.996989E+00
  3.150000E+00  4.161679E+00
  3.250000E+00  4.834933E+00
  3.350000E+00  3.367019E+00
  3.450000E+00  1.841863E+00
  3.550000E+00  1.322895E+00
  3.650000E+00  1.333219E+00
  3.750000E+00  1.334771E+00
  3.850000E+00  1.220446E+00
  3.950000E+00  1.137608E+00
  4.050000E+00  1.199575E+00
  4.150000E+00  1.346350E+00
  4.250000E+00  1.420286E+00
  4.350000E+00  1.298495E+00
  4.450000E+00  9.944013E-01
  4.550000E+00  6.556747E-01
  4.650000E+00  4.520146E-01
  4.750000E+00  4.154278E-01
  4.850000E+00  4.657680E-01
  4.950000E+00  5.003057E-01
  5.050000E+00  4.588584E-01
  5.150000E+00  3.544310E-01
  5.250000E+00  2.486240E-01
  5.350000E+00  2.143594E-01
  5.450000E+00  3.223119E-01
  5.550000E+00  6.910919E-01
  5.650000E+00  1.408662E+00
  5.750000E+00  2.298774E+00
  5.850000E+00  2.819723E+00
  5.950000E+00  2.561422E+00
  6.050000E+00  1.946751E+00
  6.150000E+00  1.535714E+00
  6.250000E+00  1.311299E+00
  6.350000E+00  1.110072E+00
  6.450000E+00  8.879318E-01
  6.550000E+00  6.906824E-01
  6.650000E+00  5.477146E-01
  6.750000E+00  4.495944E-01
  6.850000E+00  3.752139E-01
  6.950000E+00  3.328455E-01
  7.050000E+00  3.439726E-01
  7.150000E+00  4.162808E-01
  7.250000E+00  5.317113E-01
  7.350000E+00  6.680263E-01
  7.450000E+00  8.084330E-01
  7.550000E+00  9.244672E-01
  7.650000E+00  9.730684E-01
  7.750000E+00  9.380133E-01
  7.850000E+00  8.154695E-01
  7.950000E+00  6.612693E-01
  8.050000E+00  5.892787E-01
  8.150000E+00  6.080681E-01
  8.250000E+00  6.188832E-01
  8.350000E+00  6.011619E-01
  8.450000E+00  6.263755E-01
  8.550000E+00  7.403199E-01
  8.650000E+00  9.116719E-01
  8.750000E+00  1.102798E+00
  8.850000E+00  1.306758E+00
  8.950000E+00  1.476207E+00
  9.050000E+00  1.553146E+00
  9.150000E+00  1.564008E+00
  9.250000E+00  1.532521E+00
  9.350000E+00  1.461860E+00
  9.450000E+00  1.453260E+00
  9.550000E+00  1.621159E+00
  9.650000E+00  1.864582E+00
  9.750000E+00  1.938125E+00
  9.850000E+00  1.752407E+00
  9.950000E+00  1.472360E+00
  1.005000E+01  1.228706E+00
  1.015000E+01  1.022931E+00
  1.025000E+01  8.521581E-01
  1.035000E+01  7.522682E-01
  1.045000E+01  7.319490E-01
  1.055000E+01  7.698420E-01
  1.065000E+01  8.246866E-01
  1.075000E+01  8.533051E-01
  1.085000E+01  8.224613E-01
  1.095000E+01  7.291930E-01
  1.105000E+01  6.165159E-01
  1.115000E+01  5.391413E-01
  1.125000E+01  5.055378E-01
  1.135000E+01  5.278411E-01
  1.145000E+01  6.380502E-01
  1.155000E+01  8.454642E-01
  1.165000E+01  1.074218E+00
  1.175000E+01  1.223571E+00
  1.185000E+01  1.243908E+00
  1.195000E+01  1.107999E+00
O       O       
  5.000000E-02  0.000000E+00
  1.500000E-01  0.000000E+00
  2.500000E-01  0.000000E+00
  3.500000E-01  0.000000E+00
  4.500000E-01  0.000000E+00
  5.500000E-01  0.000000E+00
  6.500000E-01  0.000000E+00
  7.500000E-01  0.000000E+00
  8.500000E-01  0.000000E+00
  9.500000E-01  0.000000E+00
  1.050000E+00  0.000000E+00
  1.150000E+00  0.000000E+00
  1.250000E+00  0.000000E+00
  1.350000E+00  0.000000E+00
  1.450000E+00  0.000000E+00
  1.550000E+00  0.000000E+00
  1.650000E+00  0.000000E+00
  1.750000E+00  0.000000E+00
  1.850000E+00  0.000000E+00
  1.950000E+00  0.000000E+00
  2.050000E+00  0.000000E+00
  2.150000E+00  0.000000E+00
  2.250000E+00  8.106703E-07
  2.350000E+00  5.297635E-04
  2.450000E+00  5.156843E-02
  2.550000E+00  7.414927E-01
  2.650000E+00  2.212802E+00
  2.750000E+00  1.944441E+00
  2.850000E+00  1.433976E+00
  2.950000E+00  2.204476E+00
  3.050000E+00  2.851977E+00
  3.150000E+00  2.236772E+00
  3.250000E+00  1.481089E+00
  3.350000E+00  1.124655E+00
  3.450000E+00  9.343246E-01
  3.550000E+00  6.950055E-01
  3.650000E+00  5.676121E-01
  3.750000E+00  7.009969E-01
  3.850000E+00  9.568170E-01
  3.950000E+00  1.305366E+00
  4.050000E+00  1.173978E+00
  4.150000E+00  6.808844E-01
  4.250000E+00  5.239200E-01
  4.350000E+00  7.149415E-01
  4.450000E+00  1.010717E+00
  4.550000E+00  1.007819E+00
  4.650000E+00  7.010796E-01
  4.750000E+00  5.061739E-01
  4.850000E+00  4.688538E-01
  4.950000E+00  4.488101E-01
  5.050000E+00  5.016141E-01
  5.150000E+00  7.066652E-01
  5.250000E+00  9.585649E-01
  5.350000E+00  1.126879E+00
  5.450000E+00  1.379636E+00
  5.550000E+00  1.756660E+00
  5.650000E+00  1.875830E+00
  5.750000E+00  1.684120E+00
  5.850000E+00  1.447767E+00
  5.950000E+00  1.173216E+00
  6.050000E+00  8.585331E-01
  6.150000E+00  6.385521E-01
  6.250000E+00  6.714556E-01
  6.350000E+00  9.273637E-01
  6.450000E+00  1.137738E+00
  6.550000E+00  1.124223E+00
  6.650000E+00  9.776784E-01
  6.750000E+00  8.971074E-01
  6.850000E+00  1.016819E+00
  6.950000E+00  1.241762E+00
  7.050000E+00  1.276793E+00
  7.150000E+00  1.069649E+00
  7.250000E+00  8.542366E-01
  7.350000E+00  7.165846E-01
  7.450000E+00  5.642104E-01
  7.550000E+00  4.080462E-01
  7.650000E+00  4.329228E-01
  7.750000E+00  7.640312E-01
  7.850000E+00  1.129868E+00
  7.950000E+00  1.182844E+00
  8.050000E+00  1.083628E+00
  8.150000E+00  1.124419E+00
  8.250000E+00  1.217830E+00
  8.350000E+00  1.221750E+00
  8.450000E+00  1.166016E+00
  8.550000E+00  1.100079E+00
  8.650000E+00  1.055195E+00
  8.750000E+00  1.039716E+00
  8.850000E+00  1.034242E+00
  8.950000E+00  1.039382E+00
  9.050000E+00  1.066012E+00
  9.150000E+00  1.091955E+00
  9.250000E+00  1.097771E+00
  9.350000E+00  1.110022E+00
  9.450000E+00  1.143711E+00
  9.550000E+00  1.135114E+00
  9.650000E+00  9.975504E-01
  9.750000E+00  7.920365E-01
  9.850000E+00  6.780658E-01
  9.950000E+00  7.175543E-01
  1.005000E+01  8.164957E-01
  1.015000E+01  8.760703E-01
  1.025000E+01  8.750353E-01
  1.035000E+01  8.588932E-01
  1.045000E+01  8.860480E-01
  1.055000E+01  9.317347E-01
  1.065000E+01  9.758993E-01
  1.075000E+01  1.072058E+00
  1.085000E+01  1.188170E+00
  1.095000E+01  1.210063E+00
  1.105000E+01  1.164659E+00
  1.115000E+01  1.178184E+00
  1.125000E+01  1.211259E+00
  1.135000E+01  1.175319E+00
  1.145000E+01  1.115648E+00
  1.155000E+01  1.062599E+00
  1.165000E+01  9.966193E-01
  1.175000E+01  9.341938E-01
  1.185000E+01  9.086638E-01
  1.195000E+01  9.448125E-01
O       Zr      
  5.000000E-02  0.000000E+00
  1.500000E-01  0.000000E+00
  2.500000E-01  0.000000E+00
  3.500000E-01  0.000000E+00
  4.500000E-01  0.000000E+00
  5.500000E-01  0.000000E+00
  6.500000E-01  0.000000E+00
  7.500000E-01  0.000000E+00
  8.500000E-01  0.000000E+00
  9.500000E-01  0.000000E+00
  1.050000E+00  0.000000E+00
  1.150000E+00  0.000000E+00
  1.250000E+00  0.000000E+00
  1.350000E+00  0.000000E+00
  1.450000E+00  0.000000E+00
  1.550000E+00  0.000000E+00
  1.650000E+00  0.000000E+00
  1.750000E+00  5.224930E-04
  1.850000E+00  7.450078E-01
  1.950000E+00  1.192135E+01
  2.050000E+00  1.214111E+01
  2.150000E+00  1.876082E+00
  2.250000E+00  9.138947E-02
  2.350000E+00  2.318904E-03
  2.450000E+00  5.625253E-05
  2.550000E+00  2.704564E-06
  2.650000E+00  0.000000E+00
  2.750000E+00  0.000000E+00
  2.850000E+00  0.000000E+00
  2.950000E+00  0.000000E+00
  3.050000E+00  0.000000E+00
  3.150000E+00  0.000000E+00
  3.250000E+00  0.000000E+00
  3.350000E+00  0.000000E+00
  3.450000E+00  0.000000E+00
  3.550000E+00  0.000000E+00
  3.650000E+00  2.345891E-04
  3.750000E+00  7.900399E-03
  3.850000E+00  1.219100E-01
  3.950000E+00  7.638480E-01
  4.050000E+00  1.954075E+00
  4.150000E+00  2.141770E+00
  4.250000E+00  1.092256E+00
  4.350000E+00  4.487904E-01
  4.450000E+00  1.132885E+00
  4.550000E+00  2.680606E+00
  4.650000E+00  3.200410E+00
  4.750000E+00  2.178085E+00
  4.850000E+00  1.075057E+00
  4.950000E+00  9.082406E-01
  5.050000E+00  1.193922E+00
  5.150000E+00  1.142619E+00
  5.250000E+00  7.926749E-01
  5.350000E+00  8.505743E-01
  5.450000E+00  1.160379E+00
  5.550000E+00  9.492126E-01
  5.650000E+00  3.808741E-01
  5.750000E+00  8.393914E-02
  5.850000E+00  1.284979E-01
  5.950000E+00  5.237072E-01
  6.050000E+00  9.299904E-01
  6.150000E+00  9.348518E-01
  6.250000E+00  1.011848E+00
  6.350000E+00  1.409019E+00
  6.450000E+00  1.621274E+00
  6.550000E+00  1.374698E+00
  6.650000E+00  1.093108E+00
  6.750000E+00  8.960525E-01
  6.850000E+00  7.247267E-01
  6.950000E+00  1.043701E+00
  7.050000E+00  1.548505E+00
  7.150000E+00  1.448178E+00
  7.250000E+00  1.484752E+00
  7.350000E+00  1.909393E+00
  7.450000E+00  1.689748E+00
  7.550000E+00  1.013531E+00
  7.650000E+00  7.383601E-01
  7.750000E+00  6.376873E-01
  7.850000E+00  3.390617E-01
  7.950000E+00  1.213340E-01
  8.050000E+00  1.804473E-01
  8.150000E+00  4.726300E-01
  8.250000E+00  8.638056E-01
  8.350000E+00  1.107163E+00
  8.450000E+00  1.088841E+00
  8.550000E+00  1.050071E+00
  8.650000E+00  1.061431E+00
  8.750000E+00  9.914963E-01
  8.850000E+00  7.982992E-01
  8.950000E+00  7.738281E-01
  9.050000E+00  8.804158E-01
  9.150000E+00  8.516176E-01
  9.250000E+00  7.743522E-01
  9.350000E+00  7.995314E-01
  9.450000E+00  1.040015E+00
  9.550000E+00  1.357630E+00
  9.650000E+00  1.450312E+00
  9.750000E+00  1.273535E+00
  9.850000E+00  1.051223E+00
  9.950000E+00  1.062474E+00
  1.005000E+01  1.212736E+00
  1.015000E+01  1.168305E+00
  1.025000E+01  1.063255E+00
  1.035000E+01  1.080504E+00
  1.045000E+01  1.008426E+00
  1.055000E+01  8.167825E-01
  1.065000E+01  8.778818E-01
  1.075000E+01  1.355472E+00
  1.085000E+01  1.891154E+00
  1.095000E+01  2.040046E+00
  1.105000E+01  1.665677E+00
  1.115000E+01  1.029069E+00
  1.125000E+01  5.409410E-01
  1.135000E+01  4.045278E-01
  1.145000E+01  4.284408E-01
  1.155000E+01  3.767881E-01
  1.165000E+01  3.091086E-01
  1.175000E+01  4.169520E-01
  1.185000E+01  6.749590E-01
  1.195000E+01  8.212403E-01
O       La      
  5.000000E-02  0.000000E+00
  1.500000E-01  0.000000E+00
  2.500000E-01  0.000000E+00
  3.500000E-01  0.000000E+00
  4.500000E-01  0.000000E+00
  5.500000E-01  0.000000E+00
  6.500000E-01  0.000000E+00
  7.500000E-01  0.000000E+00
  8.500000E-01  0.000000E+00
  9.500000E-01  0.000000E+00
  1.050000E+00  0.000000E+00
  1.150000E+00  0.000000E+00
  1.250000E+00  0.000000E+00
  1.350000E+00  0.000000E+00
  1.450000E+00  0.000000E+00
  1.550000E+00  0.000000E+00
  1.650000E+00  0.000000E+00
  1.750000E+00  0.000000E+00
  1.850000E+00  0.000000E+00
  1.950000E+00  0.000000E+00
  2.050000E+00  0.000000E+00
  2.150000E+00  1.306153E-04
  2.250000E+00  1.058992E-01
  2.350000E+00  2.565300E+00
  2.450000E+00  7.620570E+00
  2.550000E+00  6.828950E+00
  2.650000E+00  3.396352E+00
  2.750000E+00  1.303046E+00
  2.850000E+00  4.549035E-01
  2.950000E+00  1.480164E-01
  3.050000E+00  4.320211E-02
  3.150000E+00  1.116790E-02
  3.250000E+00  2.357960E-03
  3.350000E+00  3.889674E-04
  3.450000E+00  5.220947E-05
  3.550000E+00  1.795618E-05
  3.650000E+00  5.649325E-04
  3.750000E+00  1.142977E-02
  3.850000E+00  1.397503E-01
  3.950000E+00  8.136149E-01
  4.050000E+00  2.202125E+00
  4.150000E+00  2.832618E+00
  4.250000E+00  1.787263E+00
  4.350000E+00  5.485000E-01
  4.450000E+00  1.097171E-01
  4.550000E+00  2.153422E-01
  4.650000E+00  6.803134E-01
  4.750000E+00  1.253861E+00
  4.850000E+00  1.552358E+00
  4.950000E+00  1.371984E+00
  5.050000E+00  9.952970E-01
  5.150000E+00  1.294529E+00
  5.250000E+00  2.275943E+00
  5.350000E+00  2.399629E+00
  5.450000E+00  1.798879E+00
  5.550000E+00  1.276364E+00
  5.650000E+00  6.840498E-01
  5.750000E+00  2.222309E-01
  5.850000E+00  1.179652E-01
  5.950000E+00  3.498204E-01
  6.050000E+00  7.124714E-01
  6.150000E+00  9.264675E-01
  6.250000E+00  8.932796E-01
  6.350000E+00  5.669058E-01
  6.450000E+00  2.355963E-01
  6.550000E+00  2.292476E-01
  6.650000E+00  5.546281E-01
  6.750000E+00  8.894439E-01
  6.850000E+00  8.434489E-01
  6.950000E+00  6.269820E-01
  7.050000E+00  8.632444E-01
  7.150000E+00  1.627134E+00
  7.250000E+00  2.214220E+00
  7.350000E+00  2.076883E+00
  7.450000E+00  1.464415E+00
  7.550000E+00  9.365321E-01
  7.650000E+00  8.720543E-01
  7.750000E+00  1.349911E+00
  7.850000E+00  1.889460E+00
  7.950000E+00  1.916865E+00
  8.050000E+00  1.365857E+00
  8.150000E+00  6.902890E-01
  8.250000E+00  3.637543E-01
  8.350000E+00  3.861151E-01
  8.450000E+00  4.958450E-01
  8.550000E+00  4.830929E-01
  8.650000E+00  3.912496E-01
  8.750000E+00  5.052409E-01
  8.850000E+00  9.206338E-01
  8.950000E+00  1.171822E+00
  9.050000E+00  9.676912E-01
  9.150000E+00  7.702538E-01
  9.250000E+00  9.434779E-01
  9.350000E+00  1.263819E+00
  9.450000E+00  1.395698E+00
  9.550000E+00  1.312023E+00
  9.650000E+00  1.162561E+00
  9.750000E+00  1.079952E+00
  9.850000E+00  1.218504E+00
  9.950000E+00  1.300914E+00
  1.005000E+01  9.723813E-01
  1.015000E+01  6.579801E-01
  1.025000E+01  7.517778E-01
  1.035000E+01  1.020741E+00
  1.045000E+01  1.099426E+00
  1.055000E+01  1.026485E+00
  1.065000E+01  1.056254E+00
  1.075000E+01  1.085067E+00
  1.085000E+01  1.008166E+00
  1.095000E+01  1.043609E+00
  1.105000E+01  1.186478E+00
  1.115000E+01  1.169447E+00
  1.125000E+01  9.804985E-01
  1.135000E+01  7.939527E-01
  1.145000E+01  7.601401E-01
  1.155000E+01  8.618997E-01
  1.165000E+01  9.081887E-01
  1.175000E+01  7.657125E-01
  1.185000E+01  5.994731E-01
  1.195000E+01  6.429879E-01
Zr      Zr      
  5.000000E-02  0.000000E+00
  1.500000E-01  0.000000E+00
  2.500000E-01  0.000000E+00
  3.500000E-01  0.000000E+00
  4.500000E-01  0.000000E+00
  5.500000E-01  0.000000E+00
  6.500000E-01  0.000000E+00
  7.500000E-01  0.000000E+00
  8.500000E-01  0.000000E+00
  9.500000E-01  0.000000E+00
  1.050000E+00  0.000000E+00
  1.150000E+00  0.000000E+00
  1.250000E+00  0.000000E+00
  1.350000E+00  0.000000E+00
  1.450000E+00  0.000000E+00
  1.550000E+00  0.000000E+00
  1.650000E+00  0.000000E+00
  1.750000E+00  0.000000E+00
  1.850000E+00  0.000000E+00
  1.950000E+00  0.000000E+00
  2.050000E+00  0.000000E+00
  2.150000E+00  0.000000E+00
  2.250000E+00  0.000000E+00
  2.350000E+00  0.000000E+00
  2.450000E+00  0.000000E+00
  2.550000E+00  0.000000E+00
  2.650000E+00  0.000000E+00
  2.750000E+00  0.000000E+00
  2.850000E+00  0.000000E+00
  2.950000E+00  0.000000E+00
  3.050000E+00  0.000000E+00
  3.150000E+00  0.000000E+00
  3.250000E+00  0.000000E+00
  3.350000E+00  0.000000E+00
  3.450000E+00  0.000000E+00
  3.550000E+00  0.000000E+00
  3.650000E+00  0.000000E+00
  3.750000E+00  0.000000E+00
  3.850000E+00  0.000000E+00
  3.950000E+00  0.000000E+00
  4.050000E+00  0.000000E+00
  4.150000E+00  0.000000E+00
  4.250000E+00  0.000000E+00
  4.350000E+00  0.000000E+00
  4.450000E+00  0.000000E+00
  4.550000E+00  0.000000E+00
  4.650000E+00  0.000000E+00
  4.750000E+00  0.000000E+00
  4.850000E+00  0.000000E+00
  4.950000E+00  0.000000E+00
  5.050000E+00  5.715984E-05
  5.150000E+00  2.039954E-03
  5.250000E+00  4.225819E-02
  5.350000E+00  4.972531E-01
  5.450000E+00  2.968036E+00
  5.550000E+00  9.230794E+00
  5.650000E+00  1.040572E+01
  5.750000E+00  3.803364E+00
  5.850000E+00  5.401232E-01
  5.950000E+00  2.980782E-02
  6.050000E+00  9.869936E-04
  6.150000E+00  2.824810E-02
  6.250000E+00  5.027836E-01
  6.350000E+00  2.922132E+00
  6.450000E+00  5.924561E+00
  6.550000E+00  4.554569E+00
  6.650000E+00  1.369110E+00
  6.750000E+00  1.685830E-01
  6.850000E+00  8.652380E-03
  6.950000E+00  2.339998E-04
  7.050000E+00  0.000000E+00
  7.150000E+00  0.000000E+00
  7.250000E+00  0.000000E+00
  7.350000E+00  0.000000E+00
  7.450000E+00  0.000000E+00
  7.550000E+00  0.000000E+00
  7.650000E+00  0.000000E+00
  7.750000E+00  0.000000E+00
  7.850000E+00  0.000000E+00
  7.950000E+00  0.000000E+00
  8.050000E+00  0.000000E+00
  8.150000E+00  0.000000E+00
  8.250000E+00  0.000000E+00
  8.350000E+00  0.000000E+00
  8.450000E+00  0.000000E+00
  8.550000E+00  0.000000E+00
  8.650000E+00  4.150679E-05
  8.750000E+00  3.307167E-03
  8.850000E+00  8.271676E-02
  8.950000E+00  8.369564E-01
  9.050000E+00  3.475726E+00
  9.150000E+00  5.864127E+00
  9.250000E+00  3.984583E+00
  9.350000E+00  1.097843E+00
  9.450000E+00  1.266814E-01
  9.550000E+00  5.777991E-03
  9.650000E+00  9.301740E-05
  9.750000E+00  0.000000E+00
  9.850000E+00  0.000000E+00
  9.950000E+00  0.000000E+00
  1.005000E+01  0.000000E+00
  1.015000E+01  0.000000E+00
  1.025000E+01  5.763203E-04
  1.035000E+01  1.628756E-02
  1.045000E+01  2.410811E-01
  1.055000E+01  1.784996E+00
  1.065000E+01  5.915415E+00
  1.075000E+01  8.343366E+00
  1.085000E+01  4.888789E+00
  1.095000E+01  1.314217E+00
  1.105000E+01  8.500788E-01
  1.115000E+01  2.142744E+00
  1.125000E+01  2.520382E+00
  1.135000E+01  1.129093E+00
  1.145000E+01  2.221041E-01
  1.155000E+01  2.154636E-02
  1.165000E+01  9.616837E-04
  1.175000E+01  1.132380E-05
  1.185000E+01  0.000000E+00
  1.195000E+01  0.000000E+00
Zr      La      
  5.000000E-02  0.000000E+00
  1.500000E-01  0.000000E+00
  2.500000E-01  0.000000E+00
  3.500000E-01  0.000000E+00
  4.500000E-01  0.000000E+00
  5.500000E-01  0.000000E+00
  6.500000E-01  0.000000E+00
  7.500000E-01  0.000000E+00
  8.500000E-01  0.000000E+00
  9.500000E-01  0.000000E+00
  1.050000E+00  0.000000E+00
  1.150000E+00  0.000000E+00
  1.250000E+00  0.000000E+00
  1.350000E+00  0.000000E+00
  1.450000E+00  0.000000E+00
  1.550000E+00  0.000000E+00
  1.650000E+00  0.000000E+00
  1.750000E+00  0.000000E+00
  1.850000E+00  0.000000E+00
  1.950000E+00  0.000000E+00
  2.050000E+00  0.000000E+00
  2.150000E+00  0.000000E+00
  2.250000E+00  0.000000E+00
  2.350000E+00  0.000000E+00
  2.450000E+00  0.000000E+00
  2.550000E+00  0.000000E+00
  2.650000E+00  0.000000E+00
  2.750000E+00  0.000000E+00
  2.850000E+00  0.000000E+00
  2.950000E+00  0.000000E+00
  3.050000E+00  0.000000E+00
  3.150000E+00  0.000000E+00
  3.250000E+00  6.660277E-07
  3.350000E+00  1.977998E-02
  3.450000E+00  1.507510E+00
  3.550000E+00  1.189934E+01
  3.650000E+00  1.491941E+01
  3.750000E+00  4.218147E+00
  3.850000E+00  3.906040E-01
  3.950000E+00  1.737932E-02
  4.050000E+00  3.791521E-04
  4.150000E+00  0.000000E+00
  4.250000E+00  0.000000E+00
  4.350000E+00  0.000000E+00
  4.450000E+00  0.000000E+00
  4.550000E+00  0.000000E+00
  4.650000E+00  0.000000E+00
  4.750000E+00  0.000000E+00
  4.850000E+00  0.000000E+00
  4.950000E+00  0.000000E+00
  5.050000E+00  0.000000E+00
  5.150000E+00  0.000000E+00
  5.250000E+00  1.608059E-05
  5.350000E+00  1.147863E-03
  5.450000E+00  2.610412E-02
  5.550000E+00  2.681404E-01
  5.650000E+00  1.292271E+00
  5.750000E+00  3.230167E+00
  5.850000E+00  4.209973E+00
  5.950000E+00  2.716522E+00
  6.050000E+00  8.257044E-01
  6.150000E+00  1.163571E-01
  6.250000E+00  7.538264E-03
  6.350000E+00  2.088483E-04
  6.450000E+00  3.382168E-07
  6.550000E+00  0.000000E+00
  6.650000E+00  0.000000E+00
  6.750000E+00  0.000000E+00
  6.850000E+00  1.979148E-05
  6.950000E+00  7.715182E-04
  7.050000E+00  1.898502E-02
  7.150000E+00  2.481590E-01
  7.250000E+00  1.646111E+00
  7.350000E+00  4.833418E+00
  7.450000E+00  5.686929E+00
  7.550000E+00  2.681556E+00
  7.650000E+00  5.385518E-01
  7.750000E+00  5.160712E-02
  7.850000E+00  2.769054E-03
  7.950000E+00  8.048067E-05
  8.050000E+00  0.000000E+00
  8.150000E+00  0.000000E+00
  8.250000E+00  5.399869E-04
  8.350000E+00  1.877076E-02
  8.450000E+00  2.831512E-01
  8.550000E+00  1.856992E+00
  8.650000E+00  5.196538E+00
  8.750000E+00  6.095204E+00
  8.850000E+00  2.961548E+00
  8.950000E+00  5.961519E-01
  9.050000E+00  5.167787E-02
  9.150000E+00  1.846444E-03
  9.250000E+00  1.874737E-05
  9.350000E+00  1.335900E-05
  9.450000E+00  1.501107E-03
  9.550000E+00  3.432861E-02
  9.650000E+00  3.064179E-01
  9.750000E+00  1.108316E+00
  9.850000E+00  1.656692E+00
  9.950000E+00  1.033759E+00
  1.005000E+01  2.798172E-01
  1.015000E+01  3.468331E-02
  1.025000E+01  2.064437E-03
  1.035000E+01  2.327571E-04
  1.045000E+01  5.906396E-03
  1.055000E+01  8.820765E-02
  1.065000E+01  6.672676E-01
  1.075000E+01  2.410613E+00
  1.085000E+01  3.931163E+00
  1.095000E+01  2.832540E+00
  1.105000E+01  9.145691E-01
  1.115000E+01  1.353700E-01
  1.125000E+01  9.577964E-03
  1.135000E+01  3.105369E-03
  1.145000E+01  4.473223E-02
  1.155000E+01  3.585431E-01
  1.165000E+01  1.553174E+00
  1.175000E+01  3.204033E+00
  1.185000E+01  2.841141E+00
  1.195000E+01  1.100447E+00
La      La      
  5.000000E-02  0.000000E+00
  1.500000E-01  0.000000E+00
  2.500000E-01  0.000000E+00
  3.500000E-01  0.000000E+00
  4.500000E-01  0.000000E+00
  5.500000E-01  0.000000E+00
  6.500000E-01  0.000000E+00
  7.500000E-01  0.000000E+00
  8.500000E-01  0.000000E+00
  9.500000E-01  0.000000E+00
  1.050000E+00  0.000000E+00
  1.150000E+00  0.000000E+00
  1.250000E+00  0.000000E+00
  1.350000E+00  0.000000E+00
  1.450000E+00  0.000000E+00
  1.550000E+00  0.000000E+00
  1.650000E+00  0.000000E+00
  1.750000E+00  0.000000E+00
  1.850000E+00  0.000000E+00
  1.950000E+00  0.000000E+00
  2.050000E+00  0.000000E+00
  2.150000E+00  0.000000E+00
  2.250000E+00  0.000000E+00
  2.350000E+00  0.000000E+00
  2.450000E+00  0.000000E+00
  2.550000E+00  0.000000E+00
  2.650000E+00  0.000000E+00
  2.750000E+00  0.000000E+00
  2.850000E+00  0.000000E+00
  2.950000E+00  0.000000E+00
  3.050000E+00  0.000000E+00
  3.150000E+00  0.000000E+00
  3.250000E+00  0.000000E+00
  3.350000E+00  0.000000E+00
  3.450000E+00  0.000000E+00
  3.550000E+00  6.330651E-05
  3.650000E+00  1.011359E-02
  3.750000E+00  4.651723E-01
  3.850000E+00  3.828514E+00
  3.950000E+00  7.819466E+00
  4.050000E+00  5.030933E+00
  4.150000E+00  1.097152E+00
  4.250000E+00  8.241348E-02
  4.350000E+00  2.203412E-03
  4.450000E+00  0.000000E+00
  4.550000E+00  0.000000E+00
  4.650000E+00  0.000000E+00
  4.750000E+00  0.000000E+00
  4.850000E+00  0.000000E+00
  4.950000E+00  0.000000E+00
  5.050000E+00  0.000000E+00
  5.150000E+00  0.000000E+00
  5.250000E+00  0.000000E+00
  5.350000E+00  0.000000E+00
  5.450000E+00  3.128563E-05
  5.550000E+00  8.413633E-04
  5.650000E+00  1.707932E-02
  5.750000E+00  2.078025E-01
  5.850000E+00  1.203729E+00
  5.950000E+00  3.520471E+00
  6.050000E+00  5.260550E+00
  6.150000E+00  3.885267E+00
  6.250000E+00  1.513234E+00
  6.350000E+00  8.958336E-01
  6.450000E+00  1.302668E+00
  6.550000E+00  9.819631E-01
  6.650000E+00  3.189040E-01
  6.750000E+00  5.030810E-02
  6.850000E+00  8.291433E-03
  6.950000E+00  7.959583E-02
  7.050000E+00  7.806324E-01
  7.150000E+00  2.967857E+00
  7.250000E+00  4.235377E+00
  7.350000E+00  2.497168E+00
  7.450000E+00  1.322522E+00
  7.550000E+00  1.752955E+00
  7.650000E+00  1.601857E+00
  7.750000E+00  6.469246E-01
  7.850000E+00  1.088692E-01
  7.950000E+00  7.312213E-03
  8.050000E+00  1.803378E-04
  8.150000E+00  0.000000E+00
  8.250000E+00  2.758237E-07
  8.350000E+00  3.742670E-05
  8.450000E+00  2.024365E-03
  8.550000E+00  4.460631E-02
  8.650000E+00  3.982299E-01
  8.750000E+00  1.518608E+00
  8.850000E+00  2.617258E+00
  8.950000E+00  2.185635E+00
  9.050000E+00  1.451372E+00
  9.150000E+00  1.382824E+00
  9.250000E+00  8.861439E-01
  9.350000E+00  2.532543E-01
  9.450000E+00  3.199404E-02
  9.550000E+00  4.546743E-03
  9.650000E+00  4.790413E-02
  9.750000E+00  4.081056E-01
  9.850000E+00  1.614296E+00
  9.950000E+00  2.928327E+00
  1.005000E+01  2.483132E+00
  1.015000E+01  9.925095E-01
  1.025000E+01  1.906443E-01
  1.035000E+01  1.801415E-02
  1.045000E+01  8.983319E-04
  1.055000E+01  1.915243E-04
  1.065000E+01  7.645393E-03
  1.075000E+01  1.365097E-01
  1.085000E+01  8.343104E-01
  1.095000E+01  1.914104E+00
  1.105000E+01  2.014804E+00
  1.115000E+01  1.835401E+00
  1.125000E+01  1.629050E+00
  1.135000E+01  8.271633E-01
  1.145000E+01  4.222779E-01
  1.155000E+01  8.908803E-01
  1.165000E+01  1.729720E+00
  1.175000E+01  2.441406E+00
  1.185000E+01  2.995222E+00
  1.195000E+01  2.548480E+00
