; material = LLZO                                                       
        10       120
Li      Li      
  5.000000E-02  0.000000E+00
  1.500000E-01  0.000000E+00
  2.500000E-01  0.000000E+00
  3.500000E-01  0.000000E+00
  4.500000E-01  0.000000E+00
  5.500000E-01  0.000000E+00
  6.500000E-01  0.000000E+00
  7.500000E-01  0.000000E+00
  8.500000E-01  0.000000E+00
  9.500000E-01  0.000000E+00
  1.050000E+00  0.000000E+00
  1.150000E+00  0.000000E+00
  1.250000E+00  0.000000E+00
  1.350000E+00  0.000000E+00
  1.450000E+00  0.000000E+00
  1.550000E+00  1.434710E-05
  1.650000E+00  6.422719E-04
  1.750000E+00  1.082827E-02
  1.850000E+00  7.743866E-02
  1.950000E+00  3.256172E-01
  2.050000E+00  8.789893E-01
  2.150000E+00  1.611747E+00
  2.250000E+00  2.172074E+00
  2.350000E+00  2.309179E+00
  2.450000E+00  2.044674E+00
  2.550000E+00  1.616866E+00
  2.650000E+00  1.227846E+00
  2.750000E+00  9.539258E-01
  2.850000E+00  7.877641E-01
  2.950000E+00  6.894556E-01
  3.050000E+00  6.312486E-01
  3.150000E+00  5.921594E-01
  3.250000E+00  5.624609E-01
  3.350000E+00  5.489527E-01
  3.450000E+00  5.441038E-01
  3.550000E+00  5.446460E-01
  3.650000E+00  5.442446E-01
  3.750000E+00  5.358889E-01
  3.850000E+00  5.191535E-01
  3.950000E+00  4.938336E-01
  4.050000E+00  4.699986E-01
  4.150000E+00  4.613587E-01
  4.250000E+00  4.892225E-01
  4.350000E+00  5.758939E-01
  4.450000E+00  7.109495E-01
  4.550000E+00  8.589852E-01
  4.650000E+00  9.651090E-01
  4.750000E+00  1.009073E+00
  4.850000E+00  1.004282E+00
  4.950000E+00  9.778839E-01
  5.050000E+00  9.390141E-01
  5.150000E+00  8.966657E-01
  5.250000E+00  8.553255E-01
  5.350000E+00  8.263658E-01
  5.450000E+00  8.121044E-01
  5.550000E+00  8.238069E-01
  5.650000E+00  8.761777E-01
  5.750000E+00  9.763922E-01
  5.850000E+00  1.119715E+00
  5.950000E+00  1.281858E+00
  6.050000E+00  1.424285E+00
  6.150000E+00  1.512846E+00
  6.250000E+00  1.539295E+00
  6.350000E+00  1.508204E+00
  6.450000E+00  1.443627E+00
  6.550000E+00  1.363314E+00
  6.650000E+00  1.286112E+00
  6.750000E+00  1.221177E+00
  6.850000E+00  1.173548E+00
  6.950000E+00  1.148634E+00
  7.050000E+00  1.141930E+00
  7.150000E+00  1.144681E+00
  7.250000E+00  1.147282E+00
  7.350000E+00  1.139340E+00
  7.450000E+00  1.111352E+00
  7.550000E+00  1.070694E+00
  7.650000E+00  1.029159E+00
  7.750000E+00  9.943272E-01
  7.850000E+00  9.702379E-01
  7.950000E+00  9.556200E-01
  8.050000E+00  9.449029E-01
  8.150000E+00  9.344190E-01
  8.250000E+00  9.236356E-01
  8.350000E+00  9.149235E-01
  8.450000E+00  9.109510E-01
  8.550000E+00  9.068363E-01
  8.650000E+00  9.028104E-01
  8.750000E+00  8.956406E-01
  8.850000E+00  8.828670E-01
  8.950000E+00  8.677031E-01
  9.050000E+00  8.499147E-01
  9.150000E+00  8.297978E-01
  9.250000E+00  8.084053E-01
  9.350000E+00  7.882986E-01
  9.450000E+00  7.717645E-01
  9.550000E+00  7.603293E-01
  9.650000E+00  7.584656E-01
  9.750000E+00  7.659974E-01
  9.850000E+00  7.869385E-01
  9.950000E+00  8.165715E-01
  1.005000E+01  8.549044E-01
  1.015000E+01  8.975602E-01
  1.025000E+01  9.381223E-01
  1.035000E+01  9.693932E-01
  1.045000E+01  9.895032E-01
  1.055000E+01  9.983963E-01
  1.065000E+01  1.000174E+00
  1.075000E+01  1.003879E+00
  1.085000E+01  1.014747E+00
  1.095000E+01  1.038284E+00
  1.105000E+01  1.078238E+00
  1.115000E+01  1.135283E+00
  1.125000E+01  1.204642E+00
  1.135000E+01  1.273102E+00
  1.145000E+01  1.329138E+00
  1.155000E+01  1.357795E+00
  1.165000E+01  1.350532E+00
  1.175000E+01  1.308909E+00
  1.185000E+01  1.247195E+00
  1.195000E+01  1.175619E+00
Li      O       
  5.000000E-02  0.000000E+00
  1.500000E-01  0.000000E+00
  2.500000E-01  0.000000E+00
  3.500000E-01  0.000000E+00
  4.500000E-01  0.000000E+00
  5.500000E-01  0.000000E+00
  6.500000E-01  0.000000E+00
  7.500000E-01  0.000000E+00
  8.500000E-01  0.000000E+00
  9.500000E-01  0.000000E+00
  1.050000E+00  0.000000E+00
  1.150000E+00  0.000000E+00
  1.250000E+00  0.000000E+00
  1.350000E+00  0.000000E+00
  1.450000E+00  8.756510E-05
  1.550000E+00  1.860683E-02
  1.650000E+00  3.791540E-01
  1.750000E+00  1.765538E+00
  1.850000E+00  3.168052E+00
  1.950000E+00  3.290671E+00
  2.050000E+00  2.657848E+00
  2.150000E+00  1.990314E+00
  2.250000E+00  1.500782E+00
  2.350000E+00  1.177063E+00
  2.450000E+00  9.643363E-01
  2.550000E+00  8.019716E-01
  2.650000E+00  6.593925E-01
  2.750000E+00  5.253437E-01
  2.850000E+00  4.112895E-01
  2.950000E+00  3.397659E-01
  3.050000E+00  3.258472E-01
  3.150000E+00  3.765338E-01
  3.250000E+00  4.972780E-01
  3.350000E+00  6.800397E-01
  3.450000E+00  8.874562E-01
  3.550000E+00  1.063773E+00
  3.650000E+00  1.170098E+00
  3.750000E+00  1.211870E+00
  3.850000E+00  1.225262E+00
  3.950000E+00  1.229087E+00
  4.050000E+00  1.231364E+00
  4.150000E+00  1.247762E+00
  4.250000E+00  1.295431E+00
  4.350000E+00  1.357235E+00
  4.450000E+00  1.361604E+00
  4.550000E+00  1.282118E+00
  4.650000E+00  1.160951E+00
  4.750000E+00  1.044946E+00
  4.850000E+00  9.495244E-01
  4.950000E+00  8.786838E-01
  5.050000E+00  8.463076E-01
  5.150000E+00  8.702665E-01
  5.250000E+00  9.446082E-01
  5.350000E+00  1.026330E+00
  5.450000E+00  1.062835E+00
  5.550000E+00  1.040363E+00
  5.650000E+00  9.833511E-01
  5.750000E+00  9.217787E-01
  5.850000E+00  8.703699E-01
  5.950000E+00  8.292180E-01
  6.050000E+00  7.994264E-01
  6.150000E+00  7.857278E-01
  6.250000E+00  7.952664E-01
  6.350000E+00  8.263724E-01
  6.450000E+00  8.737605E-01
  6.550000E+00  9.243682E-01
  6.650000E+00  9.645215E-01
  6.750000E+00  9.824366E-01
  6.850000E+00  9.767465E-01
  6.950000E+00  9.620357E-01
  7.050000E+00  9.598537E-01
  7.150000E+00  9.834814E-01
  7.250000E+00  1.028636E+00
  7.350000E+00  1.073333E+00
  7.450000E+00  1.102861E+00
  7.550000E+00  1.127831E+00
  7.650000E+00  1.170907E+00
  7.750000E+00  1.238029E+00
  7.850000E+00  1.303866E+00
  7.950000E+00  1.326272E+00
  8.050000E+00  1.281243E+00
  8.150000E+00  1.178496E+00
  8.250000E+00  1.048199E+00
  8.350000E+00  9.282918E-01
  8.450000E+00  8.448615E-01
  8.550000E+00  8.034685E-01
  8.650000E+00  7.956414E-01
  8.750000E+00  8.075548E-01
  8.850000E+00  8.281262E-01
  8.950000E+00  8.481239E-01
  9.050000E+00  8.635597E-01
  9.150000E+00  8.755560E-01
  9.250000E+00  8.923997E-01
  9.350000E+00  9.252210E-01
  9.450000E+00  9.758882E-01
  9.550000E+00  1.042569E+00
  9.650000E+00  1.115815E+00
  9.750000E+00  1.175675E+00
  9.850000E+00  1.199757E+00
  9.950000E+00  1.184092E+00
  1.005000E+01  1.150779E+00
  1.015000E+01  1.121166E+00
  1.025000E+01  1.100202E+00
  1.035000E+01  1.072482E+00
  1.045000E+01  1.024128E+00
  1.055000E+01  9.603994E-01
  1.065000E+01  9.004208E-01
  1.075000E+01  8.592830E-01
  1.085000E+01  8.403348E-01
  1.095000E+01  8.372030E-01
  1.105000E+01  8.441459E-01
  1.115000E+01  8.582879E-01
  1.125000E+01  8.809736E-01
  1.135000E+01  9.136964E-01
  1.145000E+01  9.534678E-01
  1.155000E+01  9.934456E-01
  1.165000E+01  1.027069E+00
  1.175000E+01  1.054335E+00
  1.185000E+01  1.074726E+00
  1.195000E+01  1.087709E+00
Li      Zr      
  5.000000E-02  0.000000E+00
  1.500000E-01  0.000000E+00
  2.500000E-01  0.000000E+00
  3.500000E-01  0.000000E+00
  4.500000E-01  0.000000E+00
  5.500000E-01  0.000000E+00
  6.500000E-01  0.000000E+00
  7.500000E-01  0.000000E+00
  8.500000E-01  0.000000E+00
  9.500000E-01  0.000000E+00
  1.050000E+00  0.000000E+00
  1.150000E+00  0.000000E+00
  1.250000E+00  0.000000E+00
  1.350000E+00  0.000000E+00
  1.450000E+00  0.000000E+00
  1.550000E+00  0.000000E+00
  1.650000E+00  0.000000E+00
  1.750000E+00  0.000000E+00
  1.850000E+00  0.000000E+00
  1.950000E+00  0.000000E+00
  2.050000E+00  0.000000E+00
  2.150000E+00  0.000000E+00
  2.250000E+00  0.000000E+00
  2.350000E+00  1.487534E-06
  2.450000E+00  4.208436E-04
  2.550000E+00  1.159083E-02
  2.650000E+00  1.210031E-01
  2.750000E+00  6.088647E-01
  2.850000E+00  1.637063E+00
  2.950000E+00  2.706134E+00
  3.050000E+00  3.155292E+00
  3.150000E+00  3.016253E+00
  3.250000E+00  2.704543E+00
  3.350000E+00  2.471009E+00
  3.450000E+00  2.276174E+00
  3.550000E+00  2.081180E+00
  3.650000E+00  1.882255E+00
  3.750000E+00  1.666569E+00
  3.850000E+00  1.430074E+00
  3.950000E+00  1.193024E+00
  4.050000E+00  9.924709E-01
  4.150000E+00  8.471267E-01
  4.250000E+00  7.808789E-01
  4.350000E+00  7.732768E-01
  4.450000E+00  7.957053E-01
  4.550000E+00  7.936455E-01
  4.650000E+00  7.369939E-01
  4.750000E+00  6.218918E-01
  4.850000E+00  4.903757E-01
  4.950000E+00  3.869836E-01
  5.050000E+00  3.486413E-01
  5.150000E+00  3.754977E-01
  5.250000E+00  4.494046E-01
  5.350000E+00  5.481767E-01
  5.450000E+00  6.564124E-01
  5.550000E+00  7.745955E-01
  5.650000E+00  9.231920E-01
  5.750000E+00  1.119368E+00
  5.850000E+00  1.314420E+00
  5.950000E+00  1.421054E+00
  6.050000E+00  1.386181E+00
  6.150000E+00  1.253477E+00
  6.250000E+00  1.110659E+00
  6.350000E+00  9.938007E-01
  6.450000E+00  8.732623E-01
  6.550000E+00  7.424416E-01
  6.650000E+00  6.311182E-01
  6.750000E+00  5.729612E-01
  6.850000E+00  5.971507E-01
  6.950000E+00  7.004667E-01
  7.050000E+00  8.446617E-01
  7.150000E+00  9.747857E-01
  7.250000E+00  1.048036E+00
  7.350000E+00  1.070920E+00
  7.450000E+00  1.081095E+00
  7.550000E+00  1.113791E+00
  7.650000E+00  1.158546E+00
  7.750000E+00  1.170995E+00
  7.850000E+00  1.117218E+00
  7.950000E+00  1.002612E+00
  8.050000E+00  8.639082E-01
  8.150000E+00  7.689751E-01
  8.250000E+00  8.104784E-01
  8.350000E+00  1.039254E+00
  8.450000E+00  1.401527E+00
  8.550000E+00  1.767888E+00
  8.650000E+00  1.994908E+00
  8.750000E+00  2.012661E+00
  8.850000E+00  1.842546E+00
  8.950000E+00  1.579842E+00
  9.050000E+00  1.306151E+00
  9.150000E+00  1.058541E+00
  9.250000E+00  8.522619E-01
  9.350000E+00  7.013888E-01
  9.450000E+00  6.065705E-01
  9.550000E+00  5.655960E-01
  9.650000E+00  5.634184E-01
  9.750000E+00  5.840145E-01
  9.850000E+00  6.124048E-01
  9.950000E+00  6.360032E-01
  1.005000E+01  6.444460E-01
  1.015000E+01  6.397252E-01
  1.025000E+01  6.331462E-01
  1.035000E+01  6.481938E-01
  1.045000E+01  7.043034E-01
  1.055000E+01  8.019362E-01
  1.065000E+01  9.212684E-01
  1.075000E+01  1.033923E+00
  1.085000E+01  1.104920E+00
  1.095000E+01  1.126399E+00
  1.105000E+01  1.103395E+00
  1.115000E+01  1.041251E+00
  1.125000E+01  9.582100E-01
  1.135000E+01  9.053261E-01
  1.145000E+01  9.293046E-01
  1.155000E+01  1.028713E+00
  1.165000E+01  1.173158E+00
  1.175000E+01  1.297427E+00
  1.185000E+01  1.344895E+00
  1.195000E+01  1.290106E+00
Li      La      
  5.000000E-02  0.000000E+00
  1.500000E-01  0.000000E+00
  2.500000E-01  0.000000E+00
  3.500000E-01  0.000000E+00
  4.500000E-01  0.000000E+00
  5.500000E-01  0.000000E+00
  6.500000E-01  0.000000E+00
  7.500000E-01  0.000000E+00
  8.500000E-01  0.000000E+00
  9.500000E-01  0.000000E+00
  1.050000E+00  0.000000E+00
  1.150000E+00  0.000000E+00
  1.250000E+00  0.000000E+00
  1.350000E+00  0.000000E+00
  1.450000E+00  0.000000E+00
  1.550000E+00  0.000000E+00
  1.650000E+00  0.000000E+00
  1.750000E+00  0.000000E+00
  1.850000E+00  0.000000E+00
  1.950000E+00  0.000000E+00
  2.050000E+00  0.000000E+00
  2.150000E+00  0.000000E+00
  2.250000E+00  0.000000E+00
  2.350000E+00  0.000000E+00
  2.450000E+00  2.874054E-05
  2.550000E+00  1.027123E-03
  2.650000E+00  9.561456E-03
  2.750000E+00  6.489813E-02
  2.850000E+00  2.952094E-01
  2.950000E+00  9.374149E-01
  3.050000E+00  2.114024E+00
  3.150000E+00  3.337549E+00
  3.250000E+00  3.769181E+00
  3.350000E+00  3.256828E+00
  3.450000E+00  2.426845E+00
  3.550000E+00  1.805121E+00
  3.650000E+00  1.493403E+00
  3.750000E+00  1.336941E+00
  3.850000E+00  1.247704E+00
  3.950000E+00  1.188177E+00
  4.050000E+00  1.171908E+00
  4.150000E+00  1.178362E+00
  4.250000E+00  1.165640E+00
  4.350000E+00  1.094183E+00
  4.450000E+00  9.602227E-01
  4.550000E+00  7.996936E-01
  4.650000E+00  6.635391E-01
  4.750000E+00  5.720815E-01
  4.850000E+00  5.258151E-01
  4.950000E+00  4.974216E-01
  5.050000E+00  4.672111E-01
  5.150000E+00  4.281782E-01
  5.250000E+00  3.944253E-01
  5.350000E+00  3.987708E-01
  5.450000E+00  5.004524E-01
  5.550000E+00  7.741388E-01
  5.650000E+00  1.254703E+00
  5.750000E+00  1.852163E+00
  5.850000E+00  2.308905E+00
  5.950000E+00  2.379274E+00
  6.050000E+00  2.093328E+00
  6.150000E+00  1.686706E+00
  6.250000E+00  1.339699E+00
  6.350000E+00  1.090395E+00
  6.450000E+00  9.054768E-01
  6.550000E+00  7.567650E-01
  6.650000E+00  6.387626E-01
  6.750000E+00  5.460216E-01
  6.850000E+00  4.813417E-01
  6.950000E+00  4.434067E-01
  7.050000E+00  4.372653E-01
  7.150000E+00  4.648504E-01
  7.250000E+00  5.214773E-01
  7.350000E+00  6.032485E-01
  7.450000E+00  6.969768E-01
  7.550000E+00  7.857266E-01
  7.650000E+00  8.526373E-01
  7.750000E+00  8.768446E-01
  7.850000E+00  8.492854E-01
  7.950000E+00  7.876587E-01
  8.050000E+00  7.233015E-01
  8.150000E+00  6.806587E-01
  8.250000E+00  6.605846E-01
  8.350000E+00  6.528984E-01
  8.450000E+00  6.697111E-01
  8.550000E+00  7.298087E-01
  8.650000E+00  8.423093E-01
  8.750000E+00  9.969961E-01
  8.850000E+00  1.173711E+00
  8.950000E+00  1.339627E+00
  9.050000E+00  1.458529E+00
  9.150000E+00  1.511383E+00
  9.250000E+00  1.510667E+00
  9.350000E+00  1.489458E+00
  9.450000E+00  1.491794E+00
  9.550000E+00  1.553735E+00
  9.650000E+00  1.669356E+00
  9.750000E+00  1.758965E+00
  9.850000E+00  1.735750E+00
  9.950000E+00  1.585172E+00
  1.005000E+01  1.370615E+00
  1.015000E+01  1.163979E+00
  1.025000E+01  1.002857E+00
  1.035000E+01  8.940430E-01
  1.045000E+01  8.355097E-01
  1.055000E+01  8.116228E-01
  1.065000E+01  8.064719E-01
  1.075000E+01  8.029798E-01
  1.085000E+01  7.887882E-01
  1.095000E+01  7.559834E-01
  1.105000E+01  7.060729E-01
  1.115000E+01  6.497599E-01
  1.125000E+01  6.063147E-01
  1.135000E+01  5.980909E-01
  1.145000E+01  6.390783E-01
  1.155000E+01  7.345761E-01
  1.165000E+01  8.689510E-01
  1.175000E+01  1.004900E+00
  1.185000E+01  1.094325E+00
  1.195000E+01  1.096806E+00
O       O       
  5.000000E-02  0.000000E+00
  1.500000E-01  0.000000E+00
  2.500000E-01  0.000000E+00
  3.500000E-01  0.000000E+00
  4.500000E-01  0.000000E+00
  5.500000E-01  0.000000E+00
  6.500000E-01  0.000000E+00
  7.500000E-01  0.000000E+00
  8.500000E-01  0.000000E+00
  9.500000E-01  0.000000E+00
  1.050000E+00  0.000000E+00
  1.150000E+00  0.000000E+00
  1.250000E+00  0.000000E+00
  1.350000E+00  0.000000E+00
  1.450000E+00  0.000000E+00
  1.550000E+00  0.000000E+00
  1.650000E+00  0.000000E+00
  1.750000E+00  0.000000E+00
  1.850000E+00  0.000000E+00
  1.950000E+00  0.000000E+00
  2.050000E+00  0.000000E+00
  2.150000E+00  1.941854E-06
  2.250000E+00  2.924447E-04
  2.350000E+00  1.239430E-02
  2.450000E+00  1.715620E-01
  2.550000E+00  8.656010E-01
  2.650000E+00  1.801540E+00
  2.750000E+00  1.913461E+00
  2.850000E+00  1.696927E+00
  2.950000E+00  2.039964E+00
  3.050000E+00  2.412216E+00
  3.150000E+00  2.196852E+00
  3.250000E+00  1.660724E+00
  3.350000E+00  1.256074E+00
  3.450000E+00  1.006676E+00
  3.550000E+00  8.062872E-01
  3.650000E+00  6.832844E-01
  3.750000E+00  7.184066E-01
  3.850000E+00  9.171648E-01
  3.950000E+00  1.151699E+00
  4.050000E+00  1.105350E+00
  4.150000E+00  8.205394E-01
  4.250000E+00  6.487982E-01
  4.350000E+00  7.056953E-01
  4.450000E+00  8.548927E-01
  4.550000E+00  9.034463E-01
  4.650000E+00  7.939776E-01
  4.750000E+00  6.324551E-01
  4.850000E+00  5.199936E-01
  4.950000E+00  4.827378E-01
  5.050000E+00  5.247596E-01
  5.150000E+00  6.548402E-01
  5.250000E+00  8.543774E-01
  5.350000E+00  1.083872E+00
  5.450000E+00  1.337498E+00
  5.550000E+00  1.590990E+00
  5.650000E+00  1.736237E+00
  5.750000E+00  1.693181E+00
  5.850000E+00  1.506887E+00
  5.950000E+00  1.257308E+00
  6.050000E+00  1.002347E+00
  6.150000E+00  8.110100E-01
  6.250000E+00  7.593501E-01
  6.350000E+00  8.556216E-01
  6.450000E+00  9.971377E-01
  6.550000E+00  1.062337E+00
  6.650000E+00  1.025407E+00
  6.750000E+00  9.705460E-01
  6.850000E+00  9.958135E-01
  6.950000E+00  1.100642E+00
  7.050000E+00  1.175114E+00
  7.150000E+00  1.127012E+00
  7.250000E+00  9.820694E-01
  7.350000E+00  8.079801E-01
  7.450000E+00  6.439095E-01
  7.550000E+00  5.226231E-01
  7.650000E+00  5.148052E-01
  7.750000E+00  6.670110E-01
  7.850000E+00  9.033566E-01
  7.950000E+00  1.070651E+00
  8.050000E+00  1.118009E+00
  8.150000E+00  1.126067E+00
  8.250000E+00  1.159374E+00
  8.350000E+00  1.189462E+00
  8.450000E+00  1.180873E+00
  8.550000E+00  1.138419E+00
  8.650000E+00  1.088953E+00
  8.750000E+00  1.054520E+00
  8.850000E+00  1.041949E+00
  8.950000E+00  1.045116E+00
  9.050000E+00  1.057606E+00
  9.150000E+00  1.074075E+00
  9.250000E+00  1.085912E+00
  9.350000E+00  1.096483E+00
  9.450000E+00  1.110191E+00
  9.550000E+00  1.107105E+00
  9.650000E+00  1.046466E+00
  9.750000E+00  9.265719E-01
  9.850000E+00  8.067987E-01
  9.950000E+00  7.512465E-01
  1.005000E+01  7.683753E-01
  1.015000E+01  8.157541E-01
  1.025000E+01  8.491474E-01
  1.035000E+01  8.631586E-01
  1.045000E+01  8.776732E-01
  1.055000E+01  9.112090E-01
  1.065000E+01  9.608464E-01
  1.075000E+01  1.027166E+00
  1.085000E+01  1.107102E+00
  1.095000E+01  1.171044E+00
  1.105000E+01  1.187481E+00
  1.115000E+01  1.174668E+00
  1.125000E+01  1.166197E+00
  1.135000E+01  1.161138E+00
  1.145000E+01  1.141791E+00
  1.155000E+01  1.107699E+00
  1.165000E+01  1.060572E+00
  1.175000E+01  1.004241E+00
  1.185000E+01  9.552557E-01
  1.195000E+01  9.375233E-01
O       Zr      
  5.000000E-02  0.000000E+00
  1.500000E-01  0.000000E+00
  2.500000E-01  0.000000E+00
  3.500000E-01  0.000000E+00
  4.500000E-01  0.000000E+00
  5.500000E-01  0.000000E+00
  6.500000E-01  0.000000E+00
  7.500000E-01  0.000000E+00
  8.500000E-01  0.000000E+00
  9.500000E-01  0.000000E+00
  1.050000E+00  0.000000E+00
  1.150000E+00  0.000000E+00
  1.250000E+00  0.000000E+00
  1.350000E+00  0.000000E+00
  1.450000E+00  0.000000E+00
  1.550000E+00  0.000000E+00
  1.650000E+00  1.582128E-05
  1.750000E+00  3.372677E-02
  1.850000E+00  1.996257E+00
  1.950000E+00  1.048689E+01
  2.050000E+00  1.054056E+01
  2.150000E+00  3.443750E+00
  2.250000E+00  5.644269E-01
  2.350000E+00  6.510903E-02
  2.450000E+00  6.703426E-03
  2.550000E+00  7.447956E-04
  2.650000E+00  1.053138E-04
  2.750000E+00  1.424194E-06
  2.850000E+00  0.000000E+00
  2.950000E+00  0.000000E+00
  3.050000E+00  0.000000E+00
  3.150000E+00  0.000000E+00
  3.250000E+00  0.000000E+00
  3.350000E+00  3.199185E-07
  3.450000E+00  2.669536E-05
  3.550000E+00  3.854549E-04
  3.650000E+00  4.616558E-03
  3.750000E+00  3.820057E-02
  3.850000E+00  2.052936E-01
  3.950000E+00  6.805280E-01
  4.050000E+00  1.390138E+00
  4.150000E+00  1.750200E+00
  4.250000E+00  1.415536E+00
  4.350000E+00  9.614803E-01
  4.450000E+00  1.194300E+00
  4.550000E+00  2.079405E+00
  4.650000E+00  2.692321E+00
  4.750000E+00  2.390731E+00
  4.850000E+00  1.621501E+00
  4.950000E+00  1.134985E+00
  5.050000E+00  1.075796E+00
  5.150000E+00  1.078989E+00
  5.250000E+00  9.675866E-01
  5.350000E+00  9.262266E-01
  5.450000E+00  9.889414E-01
  5.550000E+00  9.006319E-01
  5.650000E+00  5.764682E-01
  5.750000E+00  2.738552E-01
  5.850000E+00  2.192607E-01
  5.950000E+00  4.268496E-01
  6.050000E+00  7.089695E-01
  6.150000E+00  8.709202E-01
  6.250000E+00  9.948516E-01
  6.350000E+00  1.225866E+00
  6.450000E+00  1.443952E+00
  6.550000E+00  1.444418E+00
  6.650000E+00  1.247049E+00
  6.750000E+00  1.020577E+00
  6.850000E+00  8.961489E-01
  6.950000E+00  1.004489E+00
  7.050000E+00  1.294017E+00
  7.150000E+00  1.470990E+00
  7.250000E+00  1.520995E+00
  7.350000E+00  1.626252E+00
  7.450000E+00  1.606069E+00
  7.550000E+00  1.297412E+00
  7.650000E+00  9.329912E-01
  7.750000E+00  6.940665E-01
  7.850000E+00  4.926656E-01
  7.950000E+00  3.020203E-01
  8.050000E+00  2.405303E-01
  8.150000E+00  3.824633E-01
  8.250000E+00  6.649032E-01
  8.350000E+00  9.296198E-01
  8.450000E+00  1.036558E+00
  8.550000E+00  1.025532E+00
  8.650000E+00  1.005450E+00
  8.750000E+00  9.879802E-01
  8.850000E+00  9.287148E-01
  8.950000E+00  8.556222E-01
  9.050000E+00  8.372104E-01
  9.150000E+00  8.400862E-01
  9.250000E+00  8.222771E-01
  9.350000E+00  8.332848E-01
  9.450000E+00  9.419691E-01
  9.550000E+00  1.134802E+00
  9.650000E+00  1.294651E+00
  9.750000E+00  1.311465E+00
  9.850000E+00  1.208876E+00
  9.950000E+00  1.132188E+00
  1.005000E+01  1.149258E+00
  1.015000E+01  1.173907E+00
  1.025000E+01  1.133054E+00
  1.035000E+01  1.079282E+00
  1.045000E+01  1.031515E+00
  1.055000E+01  9.618571E-01
  1.065000E+01  9.537815E-01
  1.075000E+01  1.143599E+00
  1.085000E+01  1.493456E+00
  1.095000E+01  1.765242E+00
  1.105000E+01  1.746240E+00
  1.115000E+01  1.420063E+00
  1.125000E+01  9.711870E-01
  1.135000E+01  6.236855E-01
  1.145000E+01  4.624126E-01
  1.155000E+01  4.093437E-01
  1.165000E+01  3.803751E-01
  1.175000E+01  3.987213E-01
  1.185000E+01  5.118702E-01
  1.195000E+01  6.717697E-01
O       La      
  5.000000E-02  0.000000E+00
  1.500000E-01  0.000000E+00
  2.500000E-01  0.000000E+00
  3.500000E-01  0.000000E+00
  4.500000E-01  0.000000E+00
  5.500000E-01  0.000000E+00
  6.500000E-01  0.000000E+00
  7.500000E-01  0.000000E+00
  8.500000E-01  0.000000E+00
  9.500000E-01  0.000000E+00
  1.050000E+00  0.000000E+00
  1.150000E+00  0.000000E+00
  1.250000E+00  0.000000E+00
  1.350000E+00  0.000000E+00
  1.450000E+00  0.000000E+00
  1.550000E+00  0.000000E+00
  1.650000E+00  0.000000E+00
  1.750000E+00  0.000000E+00
  1.850000E+00  0.000000E+00
  1.950000E+00  0.000000E+00
  2.050000E+00  1.025058E-05
  2.150000E+00  1.098704E-02
  2.250000E+00  4.629138E-01
  2.350000E+00  3.121646E+00
  2.450000E+00  6.279313E+00
  2.550000E+00  5.904660E+00
  2.650000E+00  3.618794E+00
  2.750000E+00  1.790090E+00
  2.850000E+00  8.173162E-01
  2.950000E+00  3.638114E-01
  3.050000E+00  1.596972E-01
  3.150000E+00  6.720724E-02
  3.250000E+00  2.673120E-02
  3.350000E+00  9.561190E-03
  3.450000E+00  3.136982E-03
  3.550000E+00  2.244166E-03
  3.650000E+00  1.152489E-02
  3.750000E+00  6.792177E-02
  3.850000E+00  2.926531E-01
  3.950000E+00  8.684211E-01
  4.050000E+00  1.710396E+00
  4.150000E+00  2.206347E+00
  4.250000E+00  1.856455E+00
  4.350000E+00  1.030389E+00
  4.450000E+00  4.356173E-01
  4.550000E+00  3.331763E-01
  4.650000E+00  6.094422E-01
  4.750000E+00  1.023698E+00
  4.850000E+00  1.309121E+00
  4.950000E+00  1.323352E+00
  5.050000E+00  1.228744E+00
  5.150000E+00  1.421677E+00
  5.250000E+00  1.917921E+00
  5.350000E+00  2.135508E+00
  5.450000E+00  1.856979E+00
  5.550000E+00  1.388041E+00
  5.650000E+00  9.166207E-01
  5.750000E+00  5.059390E-01
  5.850000E+00  2.889455E-01
  5.950000E+00  3.294695E-01
  6.050000E+00  5.473396E-01
  6.150000E+00  7.691868E-01
  6.250000E+00  8.276317E-01
  6.350000E+00  6.749950E-01
  6.450000E+00  4.391654E-01
  6.550000E+00  3.365415E-01
  6.650000E+00  4.568570E-01
  6.750000E+00  6.836485E-01
  6.850000E+00  8.039784E-01
  6.950000E+00  7.949956E-01
  7.050000E+00  9.053934E-01
  7.150000E+00  1.307574E+00
  7.250000E+00  1.781195E+00
  7.350000E+00  1.944151E+00
  7.450000E+00  1.692703E+00
  7.550000E+00  1.288441E+00
  7.650000E+00  1.081856E+00
  7.750000E+00  1.216462E+00
  7.850000E+00  1.528308E+00
  7.950000E+00  1.694982E+00
  8.050000E+00  1.513041E+00
  8.150000E+00  1.080524E+00
  8.250000E+00  6.719885E-01
  8.350000E+00  4.719568E-01
  8.450000E+00  4.466984E-01
  8.550000E+00  4.635775E-01
  8.650000E+00  4.634374E-01
  8.750000E+00  5.236624E-01
  8.850000E+00  7.176657E-01
  8.950000E+00  9.388702E-01
  9.050000E+00  9.995712E-01
  9.150000E+00  9.261895E-01
  9.250000E+00  9.294683E-01
  9.350000E+00  1.079246E+00
  9.450000E+00  1.240482E+00
  9.550000E+00  1.287805E+00
  9.650000E+00  1.228733E+00
  9.750000E+00  1.160037E+00
  9.850000E+00  1.164702E+00
  9.950000E+00  1.202857E+00
  1.005000E+01  1.127316E+00
  1.015000E+01  9.357153E-01
  1.025000E+01  8.227051E-01
  1.035000E+01  8.829513E-01
  1.045000E+01  9.926317E-01
  1.055000E+01  1.034545E+00
  1.065000E+01  1.036639E+00
  1.075000E+01  1.041917E+00
  1.085000E+01  1.035140E+00
  1.095000E+01  1.034529E+00
  1.105000E+01  1.077858E+00
  1.115000E+01  1.118042E+00
  1.125000E+01  1.074982E+00
  1.135000E+01  9.524533E-01
  1.145000E+01  8.422483E-01
  1.155000E+01  8.168171E-01
  1.165000E+01  8.454921E-01
  1.175000E+01  8.350845E-01
  1.185000E+01  7.532642E-01
  1.195000E+01  6.902914E-01
Zr      Zr      
  5.000000E-02  0.000000E+00
  1.500000E-01  0.000000E+00
  2.500000E-01  0.000000E+00
  3.500000E-01  0.000000E+00
  4.500000E-01  0.000000E+00
  5.500000E-01  0.000000E+00
  6.500000E-01  0.000000E+00
  7.500000E-01  0.000000E+00
  8.500000E-01  0.000000E+00
  9.500000E-01  0.000000E+00
  1.050000E+00  0.000000E+00
  1.150000E+00  0.000000E+00
  1.250000E+00  0.000000E+00
  1.350000E+00  0.000000E+00
  1.450000E+00  0.000000E+00
  1.550000E+00  0.000000E+00
  1.650000E+00  0.000000E+00
  1.750000E+00  0.000000E+00
  1.850000E+00  0.000000E+00
  1.950000E+00  0.000000E+00
  2.050000E+00  0.000000E+00
  2.150000E+00  0.000000E+00
  2.250000E+00  0.000000E+00
  2.350000E+00  0.000000E+00
  2.450000E+00  0.000000E+00
  2.550000E+00  0.000000E+00
  2.650000E+00  0.000000E+00
  2.750000E+00  0.000000E+00
  2.850000E+00  0.000000E+00
  2.950000E+00  0.000000E+00
  3.050000E+00  0.000000E+00
  3.150000E+00  0.000000E+00
  3.250000E+00  0.000000E+00
  3.350000E+00  0.000000E+00
  3.450000E+00  0.000000E+00
  3.550000E+00  0.000000E+00
  3.650000E+00  0.000000E+00
  3.750000E+00  0.000000E+00
  3.850000E+00  0.000000E+00
  3.950000E+00  0.000000E+00
  4.050000E+00  0.000000E+00
  4.150000E+00  0.000000E+00
  4.250000E+00  0.000000E+00
  4.350000E+00  0.000000E+00
  4.450000E+00  0.000000E+00
  4.550000E+00  0.000000E+00
  4.650000E+00  0.000000E+00
  4.750000E+00  0.000000E+00
  4.850000E+00  0.000000E+00
  4.950000E+00  3.256217E-05
  5.050000E+00  1.006206E-03
  5.150000E+00  1.189712E-02
  5.250000E+00  1.055971E-01
  5.350000E+00  6.196789E-01
  5.450000E+00  2.525171E+00
  5.550000E+00  6.472814E+00
  5.650000E+00  8.970093E+00
  5.750000E+00  6.240258E+00
  5.850000E+00  2.254796E+00
  5.950000E+00  4.535900E-01
  6.050000E+00  5.904034E-02
  6.150000E+00  8.608510E-02
  6.250000E+00  5.668853E-01
  6.350000E+00  2.114127E+00
  6.450000E+00  4.209349E+00
  6.550000E+00  4.579145E+00
  6.650000E+00  2.804827E+00
  6.750000E+00  9.916475E-01
  6.850000E+00  2.048116E-01
  6.950000E+00  2.625136E-02
  7.050000E+00  1.987954E-03
  7.150000E+00  2.142798E-04
  7.250000E+00  1.189739E-05
  7.350000E+00  0.000000E+00
  7.450000E+00  0.000000E+00
  7.550000E+00  0.000000E+00
  7.650000E+00  0.000000E+00
  7.750000E+00  0.000000E+00
  7.850000E+00  0.000000E+00
  7.950000E+00  0.000000E+00
  8.050000E+00  0.000000E+00
  8.150000E+00  0.000000E+00
  8.250000E+00  0.000000E+00
  8.350000E+00  0.000000E+00
  8.450000E+00  0.000000E+00
  8.550000E+00  1.917401E-05
  8.650000E+00  6.628687E-04
  8.750000E+00  1.147825E-02
  8.850000E+00  1.112167E-01
  8.950000E+00  6.304588E-01
  9.050000E+00  2.093301E+00
  9.150000E+00  4.024871E+00
  9.250000E+00  4.484953E+00
  9.350000E+00  2.884501E+00
  9.450000E+00  1.075782E+00
  9.550000E+00  2.351877E-01
  9.650000E+00  3.016449E-02
  9.750000E+00  2.308799E-03
  9.850000E+00  1.153527E-04
  9.950000E+00  1.742517E-06
  1.005000E+01  0.000000E+00
  1.015000E+01  8.037711E-05
  1.025000E+01  2.392613E-03
  1.035000E+01  2.782546E-02
  1.045000E+01  2.197767E-01
  1.055000E+01  1.089616E+00
  1.065000E+01  3.294080E+00
  1.075000E+01  5.926385E+00
  1.085000E+01  6.316065E+00
  1.095000E+01  4.054125E+00
  1.105000E+01  1.872488E+00
  1.115000E+01  1.481117E+00
  1.125000E+01  1.998545E+00
  1.135000E+01  1.880673E+00
  1.145000E+01  1.023412E+00
  1.155000E+01  3.318977E-01
  1.165000E+01  6.692337E-02
  1.175000E+01  8.442170E-03
  1.185000E+01  6.856760E-04
  1.195000E+01  3.880892E-05
Zr      La      
  5.000000E-02  0.000000E+00
  1.500000E-01  0.000000E+00
  2.500000E-01  0.000000E+00
  3.500000E-01  0.000000E+00
  4.500000E-01  0.000000E+00
  5.500000E-01  0.000000E+00
  6.500000E-01  0.000000E+00
  7.500000E-01  0.000000E+00
  8.500000E-01  0.000000E+00
  9.500000E-01  0.000000E+00
  1.050000E+00  0.000000E+00
  1.150000E+00  0.000000E+00
  1.250000E+00  0.000000E+00
  1.350000E+00  0.000000E+00
  1.450000E+00  0.000000E+00
  1.550000E+00  0.000000E+00
  1.650000E+00  0.000000E+00
  1.750000E+00  0.000000E+00
  1.850000E+00  0.000000E+00
  1.950000E+00  0.000000E+00
  2.050000E+00  0.000000E+00
  2.150000E+00  0.000000E+00
  2.250000E+00  0.000000E+00
  2.350000E+00  0.000000E+00
  2.450000E+00  0.000000E+00
  2.550000E+00  0.000000E+00
  2.650000E+00  0.000000E+00
  2.750000E+00  0.000000E+00
  2.850000E+00  0.000000E+00
  2.950000E+00  0.000000E+00
  3.050000E+00  0.000000E+00
  3.150000E+00  0.000000E+00
  3.250000E+00  2.809672E-03
  3.350000E+00  1.579482E-01
  3.450000E+00  2.181531E+00
  3.550000E+00  8.980672E+00
  3.650000E+00  1.259035E+01
  3.750000E+00  7.072642E+00
  3.850000E+00  1.885926E+00
  3.950000E+00  2.935344E-01
  4.050000E+00  3.116885E-02
  4.150000E+00  2.085536E-03
  4.250000E+00  8.229314E-05
  4.350000E+00  0.000000E+00
  4.450000E+00  0.000000E+00
  4.550000E+00  0.000000E+00
  4.650000E+00  0.000000E+00
  4.750000E+00  0.000000E+00
  4.850000E+00  0.000000E+00
  4.950000E+00  0.000000E+00
  5.050000E+00  0.000000E+00
  5.150000E+00  2.572093E-05
  5.250000E+00  5.351307E-04
  5.350000E+00  6.942430E-03
  5.450000E+00  6.015494E-02
  5.550000E+00  3.151219E-01
  5.650000E+00  1.077866E+00
  5.750000E+00  2.410489E+00
  5.850000E+00  3.430892E+00
  5.950000E+00  3.062395E+00
  6.050000E+00  1.696720E+00
  6.150000E+00  5.797115E-01
  6.250000E+00  1.235669E-01
  6.350000E+00  1.673333E-02
  6.450000E+00  1.473907E-03
  6.550000E+00  1.092983E-04
  6.650000E+00  4.871480E-06
  6.750000E+00  2.553234E-05
  6.850000E+00  6.318983E-04
  6.950000E+00  6.886991E-03
  7.050000E+00  5.693193E-02
  7.150000E+00  3.385703E-01
  7.250000E+00  1.320609E+00
  7.350000E+00  3.175414E+00
  7.450000E+00  4.519130E+00
  7.550000E+00  3.786727E+00
  7.650000E+00  1.889642E+00
  7.750000E+00  5.859217E-01
  7.850000E+00  1.191495E-01
  7.950000E+00  1.749677E-02
  8.050000E+00  1.841282E-03
  8.150000E+00  3.280092E-04
  8.250000E+00  4.052915E-03
  8.350000E+00  4.484174E-02
  8.450000E+00  3.081493E-01
  8.550000E+00  1.285260E+00
  8.650000E+00  3.249901E+00
  8.750000E+00  4.873843E+00
  8.850000E+00  4.314838E+00
  8.950000E+00  2.252751E+00
  9.050000E+00  6.995177E-01
  9.150000E+00  1.309585E-01
  9.250000E+00  1.507478E-02
  9.350000E+00  1.600531E-03
  9.450000E+00  5.910238E-03
  9.550000E+00  4.692656E-02
  9.650000E+00  2.253096E-01
  9.750000E+00  6.536300E-01
  9.850000E+00  1.143311E+00
  9.950000E+00  1.215402E+00
  1.005000E+01  7.865112E-01
  1.015000E+01  3.150085E-01
  1.025000E+01  8.096529E-02
  1.035000E+01  1.487177E-02
  1.045000E+01  1.401542E-02
  1.055000E+01  9.065094E-02
  1.065000E+01  4.412304E-01
  1.075000E+01  1.357908E+00
  1.085000E+01  2.594626E+00
  1.095000E+01  3.049715E+00
  1.105000E+01  2.203190E+00
  1.115000E+01  9.890028E-01
  1.125000E+01  2.768216E-01
  1.135000E+01  5.541944E-02
  1.145000E+01  5.138351E-02
  1.155000E+01  2.385861E-01
  1.165000E+01  8.351370E-01
  1.175000E+01  1.874889E+00
  1.185000E+01  2.603489E+00
  1.195000E+01  2.194677E+00
La      La      
  5.000000E-02  0.000000E+00
  1.500000E-01  0.000000E+00
  2.500000E-01  0.000000E+00
  3.500000E-01  0.000000E+00
  4.500000E-01  0.000000E+00
  5.500000E-01  0.000000E+00
  6.500000E-01  0.000000E+00
  7.500000E-01  0.000000E+00
  8.500000E-01  0.000000E+00
  9.500000E-01  0.000000E+00
  1.050000E+00  0.000000E+00
  1.150000E+00  0.000000E+00
  1.250000E+00  0.000000E+00
  1.350000E+00  0.000000E+00
  1.450000E+00  0.000000E+00
  1.550000E+00  0.000000E+00
  1.650000E+00  0.000000E+00
  1.750000E+00  0.000000E+00
  1.850000E+00  0.000000E+00
  1.950000E+00  0.000000E+00
  2.050000E+00  0.000000E+00
  2.150000E+00  0.000000E+00
  2.250000E+00  0.000000E+00
  2.350000E+00  0.000000E+00
  2.450000E+00  0.000000E+00
  2.550000E+00  0.000000E+00
  2.650000E+00  0.000000E+00
  2.750000E+00  0.000000E+00
  2.850000E+00  0.000000E+00
  2.950000E+00  0.000000E+00
  3.050000E+00  0.000000E+00
  3.150000E+00  0.000000E+00
  3.250000E+00  0.000000E+00
  3.350000E+00  0.000000E+00
  3.450000E+00  7.566099E-05
  3.550000E+00  2.887236E-03
  3.650000E+00  8.256979E-02
  3.750000E+00  7.967473E-01
  3.850000E+00  3.205701E+00
  3.950000E+00  5.865100E+00
  4.050000E+00  5.275611E+00
  4.150000E+00  2.480506E+00
  4.250000E+00  6.464663E-01
  4.350000E+00  9.787396E-02
  4.450000E+00  9.174481E-03
  4.550000E+00  5.261783E-04
  4.650000E+00  1.107720E-05
  4.750000E+00  0.000000E+00
  4.850000E+00  0.000000E+00
  4.950000E+00  0.000000E+00
  5.050000E+00  0.000000E+00
  5.150000E+00  0.000000E+00
  5.250000E+00  1.181843E-05
  5.350000E+00  8.167373E-05
  5.450000E+00  1.198302E-03
  5.550000E+00  1.006865E-02
  5.650000E+00  6.729169E-02
  5.750000E+00  3.373195E-01
  5.850000E+00  1.138823E+00
  5.950000E+00  2.607765E+00
  6.050000E+00  3.954292E+00
  6.150000E+00  3.913078E+00
  6.250000E+00  2.624853E+00
  6.350000E+00  1.515273E+00
  6.450000E+00  1.171672E+00
  6.550000E+00  1.012572E+00
  6.650000E+00  6.250173E-01
  6.750000E+00  2.482044E-01
  6.850000E+00  8.416874E-02
  6.950000E+00  1.720396E-01
  7.050000E+00  7.383809E-01
  7.150000E+00  1.983904E+00
  7.250000E+00  3.109122E+00
  7.350000E+00  2.974528E+00
  7.450000E+00  2.108619E+00
  7.550000E+00  1.709391E+00
  7.650000E+00  1.582395E+00
  7.750000E+00  1.100510E+00
  7.850000E+00  4.792106E-01
  7.950000E+00  1.245303E-01
  8.050000E+00  1.989901E-02
  8.150000E+00  1.871397E-03
  8.250000E+00  1.449896E-04
  8.350000E+00  6.857016E-04
  8.450000E+00  8.367589E-03
  8.550000E+00  6.620106E-02
  8.650000E+00  3.208437E-01
  8.750000E+00  9.636141E-01
  8.850000E+00  1.819148E+00
  8.950000E+00  2.203023E+00
  9.050000E+00  1.902925E+00
  9.150000E+00  1.458664E+00
  9.250000E+00  1.087757E+00
  9.350000E+00  6.561818E-01
  9.450000E+00  2.730682E-01
  9.550000E+00  8.540115E-02
  9.650000E+00  9.018852E-02
  9.750000E+00  3.436610E-01
  9.850000E+00  9.948708E-01
  9.950000E+00  1.880781E+00
  1.005000E+01  2.297324E+00
  1.015000E+01  1.815991E+00
  1.025000E+01  9.303191E-01
  1.035000E+01  3.141759E-01
  1.045000E+01  7.002028E-02
  1.055000E+01  1.230064E-02
  1.065000E+01  1.828580E-02
  1.075000E+01  1.171565E-01
  1.085000E+01  4.721027E-01
  1.095000E+01  1.138349E+00
  1.105000E+01  1.728814E+00
  1.115000E+01  1.878223E+00
  1.125000E+01  1.711800E+00
  1.135000E+01  1.334283E+00
  1.145000E+01  8.799974E-01
  1.155000E+01  7.797653E-01
  1.165000E+01  1.192433E+00
  1.175000E+01  1.856228E+00
  1.185000E+01  2.419371E+00
  1.195000E+01  2.556430E+00
