; material = LLZO                                                       
Li            2000  1.00823187E+02          580.000000
  0.000000E+00  1.000000E+00
  1.000000E-03  9.953691E-01
  2.000000E-03  9.815511E-01
  3.000000E-03  9.587709E-01
  4.000000E-03  9.273977E-01
  5.000000E-03  8.879368E-01
  6.000000E-03  8.410185E-01
  7.000000E-03  7.873842E-01
  8.000000E-03  7.278700E-01
  9.000000E-03  6.633894E-01
  1.000000E-02  5.949138E-01
  1.100000E-02  5.234525E-01
  1.200000E-02  4.500321E-01
  1.300000E-02  3.756768E-01
  1.400000E-02  3.013887E-01
  1.500000E-02  2.281293E-01
  1.600000E-02  1.568024E-01
  1.700000E-02  8.823946E-02
  1.800000E-02  2.318624E-02
  1.900000E-02 -3.770781E-02
  2.000000E-02 -9.389769E-02
  2.100000E-02 -1.449485E-01
  2.200000E-02 -1.905386E-01
  2.300000E-02 -2.304597E-01
  2.400000E-02 -2.646154E-01
  2.500000E-02 -2.930163E-01
  2.600000E-02 -3.157740E-01
  2.700000E-02 -3.330926E-01
  2.800000E-02 -3.452588E-01
  2.900000E-02 -3.526304E-01
  3.000000E-02 -3.556243E-01
  3.100000E-02 -3.547037E-01
  3.200000E-02 -3.503645E-01
  3.300000E-02 -3.431221E-01
  3.400000E-02 -3.334987E-01
  3.500000E-02 -3.220107E-01
  3.600000E-02 -3.091575E-01
  3.700000E-02 -2.954109E-01
  3.800000E-02 -2.812061E-01
  3.900000E-02 -2.669346E-01
  4.000000E-02 -2.529376E-01
  4.100000E-02 -2.395023E-01
  4.200000E-02 -2.268590E-01
  4.300000E-02 -2.151806E-01
  4.400000E-02 -2.045826E-01
  4.500000E-02 -1.951261E-01
  4.600000E-02 -1.868209E-01
  4.700000E-02 -1.796301E-01
  4.800000E-02 -1.734761E-01
  4.900000E-02 -1.682469E-01
  5.000000E-02 -1.638032E-01
  5.100000E-02 -1.599855E-01
  5.200000E-02 -1.566213E-01
  5.300000E-02 -1.535328E-01
  5.400000E-02 -1.505432E-01
  5.500000E-02 -1.474833E-01
  5.600000E-02 -1.441970E-01
  5.700000E-02 -1.405459E-01
  5.800000E-02 -1.364136E-01
  5.900000E-02 -1.317084E-01
  6.000000E-02 -1.263650E-01
  6.100000E-02 -1.203455E-01
  6.200000E-02 -1.136397E-01
  6.300000E-02 -1.062636E-01
  6.400000E-02 -9.825809E-02
  6.500000E-02 -8.968606E-02
  6.600000E-02 -8.062965E-02
  6.700000E-02 -7.118663E-02
  6.800000E-02 -6.146654E-02
  6.900000E-02 -5.158679E-02
  7.000000E-02 -4.166861E-02
  7.100000E-02 -3.183320E-02
  7.200000E-02 -2.219806E-02
  7.300000E-02 -1.287370E-02
  7.400000E-02 -3.960764E-03
  7.500000E-02  4.452324E-03
  7.600000E-02  1.229116E-02
  7.700000E-02  1.949658E-02
  7.800000E-02  2.602530E-02
  7.900000E-02  3.184993E-02
  8.000000E-02  3.695852E-02
  8.100000E-02  4.135353E-02
  8.200000E-02  4.505042E-02
  8.300000E-02  4.807590E-02
  8.400000E-02  5.046588E-02
  8.500000E-02  5.226325E-02
  8.600000E-02  5.351560E-02
  8.700000E-02  5.427298E-02
  8.800000E-02  5.458565E-02
  8.900000E-02  5.450214E-02
  9.000000E-02  5.406746E-02
  9.100000E-02  5.332166E-02
  9.200000E-02  5.229873E-02
  9.300000E-02  5.102583E-02
  9.400000E-02  4.952296E-02
  9.500000E-02  4.780297E-02
  9.600000E-02  4.587195E-02
  9.700000E-02  4.372997E-02
  9.800000E-02  4.137203E-02
  9.900000E-02  3.878935E-02
  1.000000E-01  3.597075E-02
  1.010000E-01  3.290417E-02
  1.020000E-01  2.957824E-02
  1.030000E-01  2.598378E-02
  1.040000E-01  2.211528E-02
  1.050000E-01  1.797209E-02
  1.060000E-01  1.355957E-02
  1.070000E-01  8.889855E-03
  1.080000E-01  3.982380E-03
  1.090000E-01 -1.135893E-03
  1.100000E-01 -6.430584E-03
  1.110000E-01 -1.186032E-02
  1.120000E-01 -1.737743E-02
  1.130000E-01 -2.292898E-02
  1.140000E-01 -2.845795E-02
  1.150000E-01 -3.390471E-02
  1.160000E-01 -3.920849E-02
  1.170000E-01 -4.430910E-02
  1.180000E-01 -4.914854E-02
  1.190000E-01 -5.367261E-02
  1.200000E-01 -5.783240E-02
  1.210000E-01 -6.158568E-02
  1.220000E-01 -6.489801E-02
  1.230000E-01 -6.774365E-02
  1.240000E-01 -7.010617E-02
  1.250000E-01 -7.197877E-02
  1.260000E-01 -7.336427E-02
  1.270000E-01 -7.427481E-02
  1.280000E-01 -7.473126E-02
  1.290000E-01 -7.476228E-02
  1.300000E-01 -7.440324E-02
  1.310000E-01 -7.369488E-02
  1.320000E-01 -7.268180E-02
  1.330000E-01 -7.141086E-02
  1.340000E-01 -6.992959E-02
  1.350000E-01 -6.828449E-02
  1.360000E-01 -6.651954E-02
  1.370000E-01 -6.467474E-02
  1.380000E-01 -6.278481E-02
  1.390000E-01 -6.087821E-02
  1.400000E-01 -5.897631E-02
  1.410000E-01 -5.709287E-02
  1.420000E-01 -5.523384E-02
  1.430000E-01 -5.339741E-02
  1.440000E-01 -5.157442E-02
  1.450000E-01 -4.974901E-02
  1.460000E-01 -4.789952E-02
  1.470000E-01 -4.599964E-02
  1.480000E-01 -4.401974E-02
  1.490000E-01 -4.192831E-02
  1.500000E-01 -3.969352E-02
  1.510000E-01 -3.728477E-02
  1.520000E-01 -3.467425E-02
  1.530000E-01 -3.183839E-02
  1.540000E-01 -2.875921E-02
  1.550000E-01 -2.542541E-02
  1.560000E-01 -2.183338E-02
  1.570000E-01 -1.798781E-02
  1.580000E-01 -1.390211E-02
  1.590000E-01 -9.598514E-03
  1.600000E-01 -5.107877E-03
  1.610000E-01 -4.691863E-04
  1.620000E-01  4.271206E-03
  1.630000E-01  9.060608E-03
  1.640000E-01  1.384123E-02
  1.650000E-01  1.855162E-02
  1.660000E-01  2.312822E-02
  1.670000E-01  2.750704E-02
  1.680000E-01  3.162529E-02
  1.690000E-01  3.542315E-02
  1.700000E-01  3.884525E-02
  1.710000E-01  4.184223E-02
  1.720000E-01  4.437205E-02
  1.730000E-01  4.640102E-02
  1.740000E-01  4.790477E-02
  1.750000E-01  4.886877E-02
  1.760000E-01  4.928869E-02
  1.770000E-01  4.917043E-02
  1.780000E-01  4.852990E-02
  1.790000E-01  4.739244E-02
  1.800000E-01  4.579211E-02
  1.810000E-01  4.377063E-02
  1.820000E-01  4.137625E-02
  1.830000E-01  3.866237E-02
  1.840000E-01  3.568610E-02
  1.850000E-01  3.250676E-02
  1.860000E-01  2.918433E-02
  1.870000E-01  2.577799E-02
  1.880000E-01  2.234468E-02
  1.890000E-01  1.893782E-02
  1.900000E-01  1.560617E-02
  1.910000E-01  1.239284E-02
  1.920000E-01  9.334597E-03
  1.930000E-01  6.461284E-03
  1.940000E-01  3.795566E-03
  1.950000E-01  1.352855E-03
  1.960000E-01 -8.585257E-04
  1.970000E-01 -2.836962E-03
  1.980000E-01 -4.586987E-03
  1.990000E-01 -6.118553E-03
  2.000000E-01 -7.446172E-03
  2.010000E-01 -8.587967E-03
  2.020000E-01 -9.564653E-03
  2.030000E-01 -1.039851E-02
  2.040000E-01 -1.111236E-02
  2.050000E-01 -1.172860E-02
  2.060000E-01 -1.226834E-02
  2.070000E-01 -1.275059E-02
  2.080000E-01 -1.319169E-02
  2.090000E-01 -1.360477E-02
  2.100000E-01 -1.399945E-02
  2.110000E-01 -1.438172E-02
  2.120000E-01 -1.475391E-02
  2.130000E-01 -1.511491E-02
  2.140000E-01 -1.546048E-02
  2.150000E-01 -1.578369E-02
  2.160000E-01 -1.607549E-02
  2.170000E-01 -1.632533E-02
  2.180000E-01 -1.652184E-02
  2.190000E-01 -1.665355E-02
  2.200000E-01 -1.670956E-02
  2.210000E-01 -1.668019E-02
  2.220000E-01 -1.655756E-02
  2.230000E-01 -1.633610E-02
  2.240000E-01 -1.601291E-02
  2.250000E-01 -1.558805E-02
  2.260000E-01 -1.506463E-02
  2.270000E-01 -1.444886E-02
  2.280000E-01 -1.374984E-02
  2.290000E-01 -1.297934E-02
  2.300000E-01 -1.215140E-02
  2.310000E-01 -1.128182E-02
  2.320000E-01 -1.038763E-02
  2.330000E-01 -9.486481E-03
  2.340000E-01 -8.595946E-03
  2.350000E-01 -7.732917E-03
  2.360000E-01 -6.912962E-03
  2.370000E-01 -6.149753E-03
  2.380000E-01 -5.454559E-03
  2.390000E-01 -4.835846E-03
  2.400000E-01 -4.298972E-03
  2.410000E-01 -3.846022E-03
  2.420000E-01 -3.475762E-03
  2.430000E-01 -3.183729E-03
  2.440000E-01 -2.962463E-03
  2.450000E-01 -2.801844E-03
  2.460000E-01 -2.689555E-03
  2.470000E-01 -2.611629E-03
  2.480000E-01 -2.553069E-03
  2.490000E-01 -2.498520E-03
  2.500000E-01 -2.432955E-03
  2.510000E-01 -2.342360E-03
  2.520000E-01 -2.214382E-03
  2.530000E-01 -2.038921E-03
  2.540000E-01 -1.808630E-03
  2.550000E-01 -1.519319E-03
  2.560000E-01 -1.170224E-03
  2.570000E-01 -7.641446E-04
  2.580000E-01 -3.074393E-04
  2.590000E-01  1.901360E-04
  2.600000E-01  7.157276E-04
  2.610000E-01  1.253823E-03
  2.620000E-01  1.786810E-03
  2.630000E-01  2.295647E-03
  2.640000E-01  2.760601E-03
  2.650000E-01  3.162054E-03
  2.660000E-01  3.481324E-03
  2.670000E-01  3.701486E-03
  2.680000E-01  3.808151E-03
  2.690000E-01  3.790182E-03
  2.700000E-01  3.640312E-03
  2.710000E-01  3.355640E-03
  2.720000E-01  2.937981E-03
  2.730000E-01  2.394059E-03
  2.740000E-01  1.735524E-03
  2.750000E-01  9.787911E-04
  2.760000E-01  1.447001E-04
  2.770000E-01 -7.419964E-04
  2.780000E-01 -1.653304E-03
  2.790000E-01 -2.558796E-03
  2.800000E-01 -3.426544E-03
  2.810000E-01 -4.224131E-03
  2.820000E-01 -4.919723E-03
  2.830000E-01 -5.483161E-03
  2.840000E-01 -5.887035E-03
  2.850000E-01 -6.107708E-03
  2.860000E-01 -6.126250E-03
  2.870000E-01 -5.929250E-03
  2.880000E-01 -5.509476E-03
  2.890000E-01 -4.866354E-03
  2.900000E-01 -4.006254E-03
  2.910000E-01 -2.942555E-03
  2.920000E-01 -1.695495E-03
  2.930000E-01 -2.917936E-04
  2.940000E-01  1.235938E-03
  2.950000E-01  2.849991E-03
  2.960000E-01  4.508534E-03
  2.970000E-01  6.166741E-03
  2.980000E-01  7.778051E-03
  2.990000E-01  9.295507E-03
  3.000000E-01  1.067314E-02
  3.010000E-01  1.186737E-02
  3.020000E-01  1.283836E-02
  3.030000E-01  1.355128E-02
  3.040000E-01  1.397749E-02
  3.050000E-01  1.409548E-02
  3.060000E-01  1.389174E-02
  3.070000E-01  1.336133E-02
  3.080000E-01  1.250819E-02
  3.090000E-01  1.134526E-02
  3.100000E-01  9.894347E-03
  3.110000E-01  8.185632E-03
  3.120000E-01  6.257053E-03
  3.130000E-01  4.153378E-03
  3.140000E-01  1.925094E-03
  3.150000E-01 -3.728778E-04
  3.160000E-01 -2.682620E-03
  3.170000E-01 -4.944744E-03
  3.180000E-01 -7.099983E-03
  3.190000E-01 -9.090791E-03
  3.200000E-01 -1.086291E-02
  3.210000E-01 -1.236685E-02
  3.220000E-01 -1.355925E-02
  3.230000E-01 -1.440410E-02
  3.240000E-01 -1.487372E-02
  3.250000E-01 -1.494955E-02
  3.260000E-01 -1.462267E-02
  3.270000E-01 -1.389406E-02
  3.280000E-01 -1.277463E-02
  3.290000E-01 -1.128489E-02
  3.300000E-01 -9.454468E-03
  3.310000E-01 -7.321278E-03
  3.320000E-01 -4.930537E-03
  3.330000E-01 -2.333562E-03
  3.340000E-01  4.135933E-04
  3.350000E-01  3.251615E-03
  3.360000E-01  6.119480E-03
  3.370000E-01  8.956047E-03
  3.380000E-01  1.170162E-02
  3.390000E-01  1.429947E-02
  3.400000E-01  1.669726E-02
  3.410000E-01  1.884826E-02
  3.420000E-01  2.071254E-02
  3.430000E-01  2.225779E-02
  3.440000E-01  2.346003E-02
  3.450000E-01  2.430401E-02
  3.460000E-01  2.478344E-02
  3.470000E-01  2.490086E-02
  3.480000E-01  2.466738E-02
  3.490000E-01  2.410210E-02
  3.500000E-01  2.323137E-02
  3.510000E-01  2.208785E-02
  3.520000E-01  2.070945E-02
  3.530000E-01  1.913806E-02
  3.540000E-01  1.741831E-02
  3.550000E-01  1.559625E-02
  3.560000E-01  1.371798E-02
  3.570000E-01  1.182841E-02
  3.580000E-01  9.970037E-03
  3.590000E-01  8.181816E-03
  3.600000E-01  6.498239E-03
  3.610000E-01  4.948528E-03
  3.620000E-01  3.556021E-03
  3.630000E-01  2.337771E-03
  3.640000E-01  1.304337E-03
  3.650000E-01  4.597871E-04
  3.660000E-01 -1.981027E-04
  3.670000E-01 -6.774572E-04
  3.680000E-01 -9.917432E-04
  3.690000E-01 -1.159062E-03
  3.700000E-01 -1.201317E-03
  3.710000E-01 -1.143297E-03
  3.720000E-01 -1.011687E-03
  3.730000E-01 -8.340615E-04
  3.740000E-01 -6.378777E-04
  3.750000E-01 -4.495071E-04
  3.760000E-01 -2.933345E-04
  3.770000E-01 -1.909504E-04
  3.780000E-01 -1.604622E-04
  3.790000E-01 -2.159419E-04
  3.800000E-01 -3.670249E-04
  3.810000E-01 -6.186697E-04
  3.820000E-01 -9.710820E-04
  3.830000E-01 -1.419801E-03
  3.840000E-01 -1.955943E-03
  3.850000E-01 -2.566586E-03
  3.860000E-01 -3.235288E-03
  3.870000E-01 -3.942708E-03
  3.880000E-01 -4.667318E-03
  3.890000E-01 -5.386170E-03
  3.900000E-01 -6.075705E-03
  3.910000E-01 -6.712557E-03
  3.920000E-01 -7.274350E-03
  3.930000E-01 -7.740444E-03
  3.940000E-01 -8.092612E-03
  3.950000E-01 -8.315629E-03
  3.960000E-01 -8.397757E-03
  3.970000E-01 -8.331109E-03
  3.980000E-01 -8.111881E-03
  3.990000E-01 -7.740454E-03
  4.000000E-01 -7.221364E-03
  4.010000E-01 -6.563135E-03
  4.020000E-01 -5.777994E-03
  4.030000E-01 -4.881476E-03
  4.040000E-01 -3.891935E-03
  4.050000E-01 -2.829971E-03
  4.060000E-01 -1.717807E-03
  4.070000E-01 -5.786280E-04
  4.080000E-01  5.640967E-04
  4.090000E-01  1.687282E-03
  4.100000E-01  2.768866E-03
  4.110000E-01  3.788401E-03
  4.120000E-01  4.727582E-03
  4.130000E-01  5.570687E-03
  4.140000E-01  6.304937E-03
  4.150000E-01  6.920741E-03
  4.160000E-01  7.411845E-03
  4.170000E-01  7.775375E-03
  4.180000E-01  8.011764E-03
  4.190000E-01  8.124594E-03
  4.200000E-01  8.120335E-03
  4.210000E-01  8.008014E-03
  4.220000E-01  7.798814E-03
  4.230000E-01  7.505620E-03
  4.240000E-01  7.142541E-03
  4.250000E-01  6.724404E-03
  4.260000E-01  6.266261E-03
  4.270000E-01  5.782900E-03
  4.280000E-01  5.288404E-03
  4.290000E-01  4.795742E-03
  4.300000E-01  4.316430E-03
  4.310000E-01  3.860256E-03
  4.320000E-01  3.435076E-03
  4.330000E-01  3.046695E-03
  4.340000E-01  2.698823E-03
  4.350000E-01  2.393114E-03
  4.360000E-01  2.129269E-03
  4.370000E-01  1.905216E-03
  4.380000E-01  1.717345E-03
  4.390000E-01  1.560782E-03
  4.400000E-01  1.429707E-03
  4.410000E-01  1.317693E-03
  4.420000E-01  1.218040E-03
  4.430000E-01  1.124125E-03
  4.440000E-01  1.029713E-03
  4.450000E-01  9.292533E-04
  4.460000E-01  8.181247E-04
  4.470000E-01  6.928404E-04
  4.480000E-01  5.511921E-04
  4.490000E-01  3.923357E-04
  4.500000E-01  2.168156E-04
  4.510000E-01  2.652700E-05
  4.520000E-01 -1.753802E-04
  4.530000E-01 -3.846525E-04
  4.540000E-01 -5.961298E-04
  4.550000E-01 -8.039830E-04
  4.560000E-01 -1.001979E-03
  4.570000E-01 -1.183767E-03
  4.580000E-01 -1.343165E-03
  4.590000E-01 -1.474452E-03
  4.600000E-01 -1.572638E-03
  4.610000E-01 -1.633707E-03
  4.620000E-01 -1.654826E-03
  4.630000E-01 -1.634515E-03
  4.640000E-01 -1.572758E-03
  4.650000E-01 -1.471067E-03
  4.660000E-01 -1.332483E-03
  4.670000E-01 -1.161523E-03
  4.680000E-01 -9.640667E-04
  4.690000E-01 -7.471965E-04
  4.700000E-01 -5.189835E-04
  4.710000E-01 -2.882375E-04
  4.720000E-01 -6.422489E-05
  4.730000E-01  1.436367E-04
  4.740000E-01  3.260940E-04
  4.750000E-01  4.743747E-04
  4.760000E-01  5.804943E-04
  4.770000E-01  6.375419E-04
  4.780000E-01  6.399355E-04
  4.790000E-01  5.836381E-04
  4.800000E-01  4.663271E-04
  4.810000E-01  2.875104E-04
  4.820000E-01  4.858596E-05
  4.830000E-01 -2.471581E-04
  4.840000E-01 -5.946033E-04
  4.850000E-01 -9.869194E-04
  4.860000E-01 -1.415737E-03
  4.870000E-01 -1.871369E-03
  4.880000E-01 -2.343080E-03
  4.890000E-01 -2.819382E-03
  4.900000E-01 -3.288364E-03
  4.910000E-01 -3.738033E-03
  4.920000E-01 -4.156659E-03
  4.930000E-01 -4.533121E-03
  4.940000E-01 -4.857226E-03
  4.950000E-01 -5.120013E-03
  4.960000E-01 -5.314019E-03
  4.970000E-01 -5.433498E-03
  4.980000E-01 -5.474597E-03
  4.990000E-01 -5.435471E-03
  5.000000E-01 -5.316348E-03
  5.010000E-01 -5.119532E-03
  5.020000E-01 -4.849342E-03
  5.030000E-01 -4.511999E-03
  5.040000E-01 -4.115464E-03
  5.050000E-01 -3.669218E-03
  5.060000E-01 -3.184007E-03
  5.070000E-01 -2.671555E-03
  5.080000E-01 -2.144246E-03
  5.090000E-01 -1.614798E-03
  5.100000E-01 -1.095920E-03
  5.110000E-01 -5.999879E-04
  5.120000E-01 -1.387163E-04
  5.130000E-01  2.771340E-04
  5.140000E-01  6.380272E-04
  5.150000E-01  9.358840E-04
  5.160000E-01  1.164271E-03
  5.170000E-01  1.318542E-03
  5.180000E-01  1.395933E-03
  5.190000E-01  1.395600E-03
  5.200000E-01  1.318610E-03
  5.210000E-01  1.167880E-03
  5.220000E-01  9.480666E-04
  5.230000E-01  6.654165E-04
  5.240000E-01  3.275747E-04
  5.250000E-01 -5.663697E-05
  5.260000E-01 -4.774676E-04
  5.270000E-01 -9.245023E-04
  5.280000E-01 -1.386938E-03
  5.290000E-01 -1.853863E-03
  5.300000E-01 -2.314527E-03
  5.310000E-01 -2.758605E-03
  5.320000E-01 -3.176442E-03
  5.330000E-01 -3.559265E-03
  5.340000E-01 -3.899378E-03
  5.350000E-01 -4.190311E-03
  5.360000E-01 -4.426946E-03
  5.370000E-01 -4.605589E-03
  5.380000E-01 -4.724016E-03
  5.390000E-01 -4.781478E-03
  5.400000E-01 -4.778657E-03
  5.410000E-01 -4.717608E-03
  5.420000E-01 -4.601646E-03
  5.430000E-01 -4.435227E-03
  5.440000E-01 -4.223786E-03
  5.450000E-01 -3.973572E-03
  5.460000E-01 -3.691457E-03
  5.470000E-01 -3.384748E-03
  5.480000E-01 -3.060990E-03
  5.490000E-01 -2.727769E-03
  5.500000E-01 -2.392527E-03
  5.510000E-01 -2.062386E-03
  5.520000E-01 -1.743991E-03
  5.530000E-01 -1.443360E-03
  5.540000E-01 -1.165775E-03
  5.550000E-01 -9.156732E-04
  5.560000E-01 -6.965842E-04
  5.570000E-01 -5.110772E-04
  5.580000E-01 -3.607413E-04
  5.590000E-01 -2.461885E-04
  5.600000E-01 -1.670799E-04
  5.610000E-01 -1.221748E-04
  5.620000E-01 -1.093989E-04
  5.630000E-01 -1.259305E-04
  5.640000E-01 -1.683009E-04
  5.650000E-01 -2.325075E-04
  5.660000E-01 -3.141348E-04
  5.670000E-01 -4.084821E-04
  5.680000E-01 -5.106932E-04
  5.690000E-01 -6.158860E-04
  5.700000E-01 -7.192789E-04
  5.710000E-01 -8.163113E-04
  5.720000E-01 -9.027557E-04
  5.730000E-01 -9.748192E-04
  5.740000E-01 -1.029231E-03
  5.750000E-01 -1.063320E-03
  5.760000E-01 -1.075066E-03
  5.770000E-01 -1.063152E-03
  5.780000E-01 -1.026977E-03
  5.790000E-01 -9.666701E-04
  5.800000E-01 -8.830756E-04
  5.810000E-01 -7.777232E-04
  5.820000E-01 -6.527828E-04
  5.830000E-01 -5.110019E-04
  5.840000E-01 -3.556292E-04
  5.850000E-01 -1.903252E-04
  5.860000E-01 -1.906250E-05
  5.870000E-01  1.539827E-04
  5.880000E-01  3.245448E-04
  5.890000E-01  4.883865E-04
  5.900000E-01  6.414168E-04
  5.910000E-01  7.798066E-04
  5.920000E-01  9.000994E-04
  5.930000E-01  9.993132E-04
  5.940000E-01  1.075032E-03
  5.950000E-01  1.125486E-03
  5.960000E-01  1.149610E-03
  5.970000E-01  1.147094E-03
  5.980000E-01  1.118403E-03
  5.990000E-01  1.064787E-03
  6.000000E-01  9.882646E-04
  6.010000E-01  8.915845E-04
  6.020000E-01  7.781687E-04
  6.030000E-01  6.520345E-04
  6.040000E-01  5.176982E-04
  6.050000E-01  3.800623E-04
  6.060000E-01  2.442882E-04
  6.070000E-01  1.156586E-04
  6.080000E-01 -5.680460E-07
  6.090000E-01 -9.930705E-05
  6.100000E-01 -1.757967E-04
  6.110000E-01 -2.257433E-04
  6.120000E-01 -2.454580E-04
  6.130000E-01 -2.319812E-04
  6.140000E-01 -1.831905E-04
  6.150000E-01 -9.788896E-05
  6.160000E-01  2.412947E-05
  6.170000E-01  1.820403E-04
  6.180000E-01  3.739760E-04
  6.190000E-01  5.970428E-04
  6.200000E-01  8.473661E-04
  6.210000E-01  1.120165E-03
  6.220000E-01  1.409855E-03
  6.230000E-01  1.710175E-03
  6.240000E-01  2.014341E-03
  6.250000E-01  2.315210E-03
  6.260000E-01  2.605475E-03
  6.270000E-01  2.877850E-03
  6.280000E-01  3.125279E-03
  6.290000E-01  3.341131E-03
  6.300000E-01  3.519396E-03
  6.310000E-01  3.654863E-03
  6.320000E-01  3.743289E-03
  6.330000E-01  3.781536E-03
  6.340000E-01  3.767685E-03
  6.350000E-01  3.701118E-03
  6.360000E-01  3.582567E-03
  6.370000E-01  3.414119E-03
  6.380000E-01  3.199192E-03
  6.390000E-01  2.942466E-03
  6.400000E-01  2.649778E-03
  6.410000E-01  2.327984E-03
  6.420000E-01  1.984783E-03
  6.430000E-01  1.628523E-03
  6.440000E-01  1.267971E-03
  6.450000E-01  9.120785E-04
  6.460000E-01  5.697302E-04
  6.470000E-01  2.494908E-04
  6.480000E-01 -4.064365E-05
  6.490000E-01 -2.934824E-04
  6.500000E-01 -5.028591E-04
  6.510000E-01 -6.638242E-04
  6.520000E-01 -7.728072E-04
  6.530000E-01 -8.277411E-04
  6.540000E-01 -8.281458E-04
  6.550000E-01 -7.751675E-04
  6.560000E-01 -6.715715E-04
  6.570000E-01 -5.216876E-04
  6.580000E-01 -3.313104E-04
  6.590000E-01 -1.075536E-04
  6.600000E-01  1.413347E-04
  6.610000E-01  4.061941E-04
  6.620000E-01  6.772039E-04
  6.630000E-01  9.441587E-04
  6.640000E-01  1.196760E-03
  6.650000E-01  1.424915E-03
  6.660000E-01  1.619039E-03
  6.670000E-01  1.770339E-03
  6.680000E-01  1.871091E-03
  6.690000E-01  1.914885E-03
  6.700000E-01  1.896837E-03
  6.710000E-01  1.813761E-03
  6.720000E-01  1.664299E-03
  6.730000E-01  1.448999E-03
  6.740000E-01  1.170335E-03
  6.750000E-01  8.326843E-04
  6.760000E-01  4.422410E-04
  6.770000E-01  6.879337E-06
  6.780000E-01 -4.640301E-04
  6.790000E-01 -9.598505E-04
  6.800000E-01 -1.468948E-03
  6.810000E-01 -1.978991E-03
  6.820000E-01 -2.477274E-03
  6.830000E-01 -2.951058E-03
  6.840000E-01 -3.387909E-03
  6.850000E-01 -3.776045E-03
  6.860000E-01 -4.104654E-03
  6.870000E-01 -4.364201E-03
  6.880000E-01 -4.546698E-03
  6.890000E-01 -4.645937E-03
  6.900000E-01 -4.657672E-03
  6.910000E-01 -4.579760E-03
  6.920000E-01 -4.412235E-03
  6.930000E-01 -4.157331E-03
  6.940000E-01 -3.819446E-03
  6.950000E-01 -3.405049E-03
  6.960000E-01 -2.922527E-03
  6.970000E-01 -2.381987E-03
  6.980000E-01 -1.795012E-03
  6.990000E-01 -1.174368E-03
  7.000000E-01 -5.336971E-04
  7.010000E-01  1.128283E-04
  7.020000E-01  7.508546E-04
  7.030000E-01  1.366205E-03
  7.040000E-01  1.945228E-03
  7.050000E-01  2.475135E-03
  7.060000E-01  2.944314E-03
  7.070000E-01  3.342603E-03
  7.080000E-01  3.661535E-03
  7.090000E-01  3.894534E-03
  7.100000E-01  4.037056E-03
  7.110000E-01  4.086685E-03
  7.120000E-01  4.043169E-03
  7.130000E-01  3.908398E-03
  7.140000E-01  3.686336E-03
  7.150000E-01  3.382897E-03
  7.160000E-01  3.005770E-03
  7.170000E-01  2.564212E-03
  7.180000E-01  2.068794E-03
  7.190000E-01  1.531130E-03
  7.200000E-01  9.635762E-04
  7.210000E-01  3.789236E-04
  7.220000E-01 -2.099158E-04
  7.230000E-01 -7.902176E-04
  7.240000E-01 -1.349741E-03
  7.250000E-01 -1.877006E-03
  7.260000E-01 -2.361544E-03
  7.270000E-01 -2.794116E-03
  7.280000E-01 -3.166890E-03
  7.290000E-01 -3.473591E-03
  7.300000E-01 -3.709588E-03
  7.310000E-01 -3.871956E-03
  7.320000E-01 -3.959483E-03
  7.330000E-01 -3.972635E-03
  7.340000E-01 -3.913491E-03
  7.350000E-01 -3.785623E-03
  7.360000E-01 -3.593963E-03
  7.370000E-01 -3.344629E-03
  7.380000E-01 -3.044735E-03
  7.390000E-01 -2.702185E-03
  7.400000E-01 -2.325455E-03
  7.410000E-01 -1.923373E-03
  7.420000E-01 -1.504900E-03
  7.430000E-01 -1.078921E-03
  7.440000E-01 -6.540467E-04
  7.450000E-01 -2.384344E-04
  7.460000E-01  1.603720E-04
  7.470000E-01  5.355766E-04
  7.480000E-01  8.812399E-04
  7.490000E-01  1.192361E-03
  7.500000E-01  1.464932E-03
  7.510000E-01  1.695964E-03
  7.520000E-01  1.883488E-03
  7.530000E-01  2.026536E-03
  7.540000E-01  2.125092E-03
  7.550000E-01  2.180033E-03
  7.560000E-01  2.193049E-03
  7.570000E-01  2.166555E-03
  7.580000E-01  2.103593E-03
  7.590000E-01  2.007729E-03
  7.600000E-01  1.882946E-03
  7.610000E-01  1.733542E-03
  7.620000E-01  1.564032E-03
  7.630000E-01  1.379046E-03
  7.640000E-01  1.183247E-03
  7.650000E-01  9.812517E-04
  7.660000E-01  7.775566E-04
  7.670000E-01  5.764796E-04
  7.680000E-01  3.821072E-04
  7.690000E-01  1.982506E-04
  7.700000E-01  2.841053E-05
  7.710000E-01 -1.242520E-04
  7.720000E-01 -2.569392E-04
  7.730000E-01 -3.672350E-04
  7.740000E-01 -4.531206E-04
  7.750000E-01 -5.129874E-04
  7.760000E-01 -5.456479E-04
  7.770000E-01 -5.503462E-04
  7.780000E-01 -5.267668E-04
  7.790000E-01 -4.750434E-04
  7.800000E-01 -3.957653E-04
  7.810000E-01 -2.899837E-04
  7.820000E-01 -1.592140E-04
  7.830000E-01 -5.435604E-06
  7.840000E-01  1.689140E-04
  7.850000E-01  3.609503E-04
  7.860000E-01  5.673604E-04
  7.870000E-01  7.844304E-04
  7.880000E-01  1.008082E-03
  7.890000E-01  1.233918E-03
  7.900000E-01  1.457283E-03
  7.910000E-01  1.673327E-03
  7.920000E-01  1.877090E-03
  7.930000E-01  2.063587E-03
  7.940000E-01  2.227904E-03
  7.950000E-01  2.365307E-03
  7.960000E-01  2.471349E-03
  7.970000E-01  2.541977E-03
  7.980000E-01  2.573649E-03
  7.990000E-01  2.563439E-03
  8.000000E-01  2.509136E-03
  8.010000E-01  2.409333E-03
  8.020000E-01  2.263506E-03
  8.030000E-01  2.072073E-03
  8.040000E-01  1.836432E-03
  8.050000E-01  1.558982E-03
  8.060000E-01  1.243117E-03
  8.070000E-01  8.931937E-04
  8.080000E-01  5.144778E-04
  8.090000E-01  1.130595E-04
  8.100000E-01 -3.042520E-04
  8.110000E-01 -7.300591E-04
  8.120000E-01 -1.156527E-03
  8.130000E-01 -1.575551E-03
  8.140000E-01 -1.978940E-03
  8.150000E-01 -2.358609E-03
  8.160000E-01 -2.706773E-03
  8.170000E-01 -3.016146E-03
  8.180000E-01 -3.280126E-03
  8.190000E-01 -3.492979E-03
  8.200000E-01 -3.649996E-03
  8.210000E-01 -3.747636E-03
  8.220000E-01 -3.783638E-03
  8.230000E-01 -3.757108E-03
  8.240000E-01 -3.668567E-03
  8.250000E-01 -3.519967E-03
  8.260000E-01 -3.314673E-03
  8.270000E-01 -3.057400E-03
  8.280000E-01 -2.754124E-03
  8.290000E-01 -2.411950E-03
  8.300000E-01 -2.038954E-03
  8.310000E-01 -1.643989E-03
  8.320000E-01 -1.236482E-03
  8.330000E-01 -8.261967E-04
  8.340000E-01 -4.229938E-04
  8.350000E-01 -3.658415E-05
  8.360000E-01  3.237199E-04
  8.370000E-01  6.492436E-04
  8.380000E-01  9.321758E-04
  8.390000E-01  1.165774E-03
  8.400000E-01  1.344544E-03
  8.410000E-01  1.464388E-03
  8.420000E-01  1.522719E-03
  8.430000E-01  1.518530E-03
  8.440000E-01  1.452435E-03
  8.450000E-01  1.326650E-03
  8.460000E-01  1.144950E-03
  8.470000E-01  9.125695E-04
  8.480000E-01  6.360757E-04
  8.490000E-01  3.231969E-04
  8.500000E-01 -1.737391E-05
  8.510000E-01 -3.762047E-04
  8.520000E-01 -7.433691E-04
  8.530000E-01 -1.108704E-03
  8.540000E-01 -1.462077E-03
  8.550000E-01 -1.793646E-03
  8.560000E-01 -2.094121E-03
  8.570000E-01 -2.355003E-03
  8.580000E-01 -2.568805E-03
  8.590000E-01 -2.729248E-03
  8.600000E-01 -2.831420E-03
  8.610000E-01 -2.871905E-03
  8.620000E-01 -2.848865E-03
  8.630000E-01 -2.762083E-03
  8.640000E-01 -2.612968E-03
  8.650000E-01 -2.404510E-03
  8.660000E-01 -2.141198E-03
  8.670000E-01 -1.828897E-03
  8.680000E-01 -1.474692E-03
  8.690000E-01 -1.086700E-03
  8.700000E-01 -6.738558E-04
  8.710000E-01 -2.456792E-04
  8.720000E-01  1.879699E-04
  8.730000E-01  6.171440E-04
  8.740000E-01  1.032060E-03
  8.750000E-01  1.423343E-03
  8.760000E-01  1.782258E-03
  8.770000E-01  2.100921E-03
  8.780000E-01  2.372485E-03
  8.790000E-01  2.591297E-03
  8.800000E-01  2.753023E-03
  8.810000E-01  2.854736E-03
  8.820000E-01  2.894963E-03
  8.830000E-01  2.873703E-03
  8.840000E-01  2.792397E-03
  8.850000E-01  2.653868E-03
  8.860000E-01  2.462223E-03
  8.870000E-01  2.222727E-03
  8.880000E-01  1.941651E-03
  8.890000E-01  1.626094E-03
  8.900000E-01  1.283790E-03
  8.910000E-01  9.229027E-04
  8.920000E-01  5.518194E-04
  8.930000E-01  1.789359E-04
  8.940000E-01 -1.875467E-04
  8.950000E-01 -5.398169E-04
  8.960000E-01 -8.706318E-04
  8.970000E-01 -1.173477E-03
  8.980000E-01 -1.442703E-03
  8.990000E-01 -1.673636E-03
  9.000000E-01 -1.862656E-03
  9.010000E-01 -2.007256E-03
  9.020000E-01 -2.106059E-03
  9.030000E-01 -2.158814E-03
  9.040000E-01 -2.166357E-03
  9.050000E-01 -2.130555E-03
  9.060000E-01 -2.054216E-03
  9.070000E-01 -1.940986E-03
  9.080000E-01 -1.795221E-03
  9.090000E-01 -1.621856E-03
  9.100000E-01 -1.426254E-03
  9.110000E-01 -1.214059E-03
  9.120000E-01 -9.910421E-04
  9.130000E-01 -7.629514E-04
  9.140000E-01 -5.353728E-04
  9.150000E-01 -3.135962E-04
  9.160000E-01 -1.024979E-04
  9.170000E-01  9.356289E-05
  9.180000E-01  2.708290E-04
  9.190000E-01  4.262117E-04
  9.200000E-01  5.573363E-04
  9.210000E-01  6.625690E-04
  9.220000E-01  7.410221E-04
  9.230000E-01  7.925418E-04
  9.240000E-01  8.176763E-04
  9.250000E-01  8.176295E-04
  9.260000E-01  7.941992E-04
  9.270000E-01  7.497044E-04
  9.280000E-01  6.869022E-04
  9.290000E-01  6.088996E-04
  9.300000E-01  5.190594E-04
  9.310000E-01  4.209057E-04
  9.320000E-01  3.180302E-04
  9.330000E-01  2.140019E-04
  9.340000E-01  1.122818E-04
  9.350000E-01  1.614491E-05
  9.360000E-01 -7.138846E-05
  9.370000E-01 -1.476124E-04
  9.380000E-01 -2.101838E-04
  9.390000E-01 -2.571598E-04
  9.400000E-01 -2.870237E-04
  9.410000E-01 -2.986995E-04
  9.420000E-01 -2.915560E-04
  9.430000E-01 -2.654003E-04
  9.440000E-01 -2.204621E-04
  9.450000E-01 -1.573697E-04
  9.460000E-01 -7.711934E-05
  9.470000E-01  1.896219E-05
  9.480000E-01  1.292584E-04
  9.490000E-01  2.519082E-04
  9.500000E-01  3.848520E-04
  9.510000E-01  5.258797E-04
  9.520000E-01  6.726778E-04
  9.530000E-01  8.228754E-04
  9.540000E-01  9.740886E-04
  9.550000E-01  1.123962E-03
  9.560000E-01  1.270207E-03
  9.570000E-01  1.410639E-03
  9.580000E-01  1.543204E-03
  9.590000E-01  1.666012E-03
  9.600000E-01  1.777358E-03
  9.610000E-01  1.875743E-03
  9.620000E-01  1.959890E-03
  9.630000E-01  2.028758E-03
  9.640000E-01  2.081550E-03
  9.650000E-01  2.117722E-03
  9.660000E-01  2.136985E-03
  9.670000E-01  2.139307E-03
  9.680000E-01  2.124906E-03
  9.690000E-01  2.094251E-03
  9.700000E-01  2.048046E-03
  9.710000E-01  1.987225E-03
  9.720000E-01  1.912933E-03
  9.730000E-01  1.826510E-03
  9.740000E-01  1.729471E-03
  9.750000E-01  1.623482E-03
  9.760000E-01  1.510330E-03
  9.770000E-01  1.391901E-03
  9.780000E-01  1.270143E-03
  9.790000E-01  1.147036E-03
  9.800000E-01  1.024553E-03
  9.810000E-01  9.046313E-04
  9.820000E-01  7.891294E-04
  9.830000E-01  6.797959E-04
  9.840000E-01  5.782335E-04
  9.850000E-01  4.858662E-04
  9.860000E-01  4.039098E-04
  9.870000E-01  3.333449E-04
  9.880000E-01  2.748946E-04
  9.890000E-01  2.290067E-04
  9.900000E-01  1.958417E-04
  9.910000E-01  1.752663E-04
  9.920000E-01  1.668538E-04
  9.930000E-01  1.698906E-04
  9.940000E-01  1.833899E-04
  9.950000E-01  2.061118E-04
  9.960000E-01  2.365900E-04
  9.970000E-01  2.731641E-04
  9.980000E-01  3.140181E-04
  9.990000E-01  3.572230E-04
  1.000000E+00  4.007827E-04
  1.001000E+00  4.426838E-04
  1.002000E+00  4.809455E-04
  1.003000E+00  5.136706E-04
  1.004000E+00  5.390953E-04
  1.005000E+00  5.556363E-04
  1.006000E+00  5.619348E-04
  1.007000E+00  5.568951E-04
  1.008000E+00  5.397177E-04
  1.009000E+00  5.099255E-04
  1.010000E+00  4.673819E-04
  1.011000E+00  4.123011E-04
  1.012000E+00  3.452488E-04
  1.013000E+00  2.671352E-04
  1.014000E+00  1.791977E-04
  1.015000E+00  8.297592E-05
  1.016000E+00 -1.972170E-05
  1.017000E+00 -1.268589E-04
  1.018000E+00 -2.362191E-04
  1.019000E+00 -3.454577E-04
  1.020000E+00 -4.521597E-04
  1.021000E+00 -5.538990E-04
  1.022000E+00 -6.482995E-04
  1.023000E+00 -7.330962E-04
  1.024000E+00 -8.061939E-04
  1.025000E+00 -8.657236E-04
  1.026000E+00 -9.100933E-04
  1.027000E+00 -9.380332E-04
  1.028000E+00 -9.486339E-04
  1.029000E+00 -9.413757E-04
  1.030000E+00 -9.161493E-04
  1.031000E+00 -8.732665E-04
  1.032000E+00 -8.134610E-04
  1.033000E+00 -7.378789E-04
  1.034000E+00 -6.480594E-04
  1.035000E+00 -5.459055E-04
  1.036000E+00 -4.336459E-04
  1.037000E+00 -3.137891E-04
  1.038000E+00 -1.890700E-04
  1.039000E+00 -6.239069E-05
  1.040000E+00  6.324284E-05
  1.041000E+00  1.847873E-04
  1.042000E+00  2.992300E-04
  1.043000E+00  4.036566E-04
  1.044000E+00  4.953172E-04
  1.045000E+00  5.716894E-04
  1.046000E+00  6.305360E-04
  1.047000E+00  6.699581E-04
  1.048000E+00  6.884398E-04
  1.049000E+00  6.848853E-04
  1.050000E+00  6.586474E-04
  1.051000E+00  6.095464E-04
  1.052000E+00  5.378788E-04
  1.053000E+00  4.444164E-04
  1.054000E+00  3.303951E-04
  1.055000E+00  1.974942E-04
  1.056000E+00  4.780635E-05
  1.057000E+00 -1.162019E-04
  1.058000E+00 -2.917367E-04
  1.059000E+00 -4.757308E-04
  1.060000E+00 -6.649042E-04
  1.061000E+00 -8.558288E-04
  1.062000E+00 -1.044997E-03
  1.063000E+00 -1.228892E-03
  1.064000E+00 -1.404062E-03
  1.065000E+00 -1.567188E-03
  1.066000E+00 -1.715156E-03
  1.067000E+00 -1.845121E-03
  1.068000E+00 -1.954572E-03
  1.069000E+00 -2.041381E-03
  1.070000E+00 -2.103860E-03
  1.071000E+00 -2.140792E-03
  1.072000E+00 -2.151468E-03
  1.073000E+00 -2.135706E-03
  1.074000E+00 -2.093862E-03
  1.075000E+00 -2.026828E-03
  1.076000E+00 -1.936018E-03
  1.077000E+00 -1.823350E-03
  1.078000E+00 -1.691210E-03
  1.079000E+00 -1.542404E-03
  1.080000E+00 -1.380108E-03
  1.081000E+00 -1.207804E-03
  1.082000E+00 -1.029210E-03
  1.083000E+00 -8.482018E-04
  1.084000E+00 -6.687349E-04
  1.085000E+00 -4.947578E-04
  1.086000E+00 -3.301282E-04
  1.087000E+00 -1.785282E-04
  1.088000E+00 -4.338193E-05
  1.089000E+00  7.222215E-05
  1.090000E+00  1.656028E-04
  1.091000E+00  2.345502E-04
  1.092000E+00  2.773800E-04
  1.093000E+00  2.929776E-04
  1.094000E+00  2.808298E-04
  1.095000E+00  2.410439E-04
  1.096000E+00  1.743529E-04
  1.097000E+00  8.210769E-05
  1.098000E+00 -3.374571E-05
  1.099000E+00 -1.707022E-04
  1.100000E+00 -3.257468E-04
  1.101000E+00 -4.954162E-04
  1.102000E+00 -6.758715E-04
  1.103000E+00 -8.629805E-04
  1.104000E+00 -1.052408E-03
  1.105000E+00 -1.239712E-03
  1.106000E+00 -1.420442E-03
  1.107000E+00 -1.590245E-03
  1.108000E+00 -1.744961E-03
  1.109000E+00 -1.880722E-03
  1.110000E+00 -1.994046E-03
  1.111000E+00 -2.081918E-03
  1.112000E+00 -2.141864E-03
  1.113000E+00 -2.172017E-03
  1.114000E+00 -2.171158E-03
  1.115000E+00 -2.138756E-03
  1.116000E+00 -2.074983E-03
  1.117000E+00 -1.980712E-03
  1.118000E+00 -1.857506E-03
  1.119000E+00 -1.707583E-03
  1.120000E+00 -1.533767E-03
  1.121000E+00 -1.339425E-03
  1.122000E+00 -1.128391E-03
  1.123000E+00 -9.048746E-04
  1.124000E+00 -6.733651E-04
  1.125000E+00 -4.385234E-04
  1.126000E+00 -2.050723E-04
  1.127000E+00  2.231757E-05
  1.128000E+00  2.391396E-04
  1.129000E+00  4.411605E-04
  1.130000E+00  6.245229E-04
  1.131000E+00  7.858393E-04
  1.132000E+00  9.222743E-04
  1.133000E+00  1.031614E-03
  1.134000E+00  1.112319E-03
  1.135000E+00  1.163561E-03
  1.136000E+00  1.185242E-03
  1.137000E+00  1.177993E-03
  1.138000E+00  1.143157E-03
  1.139000E+00  1.082751E-03
  1.140000E+00  9.994104E-04
  1.141000E+00  8.963219E-04
  1.142000E+00  7.771351E-04
  1.143000E+00  6.458676E-04
  1.144000E+00  5.067985E-04
  1.145000E+00  3.643554E-04
  1.146000E+00  2.229980E-04
  1.147000E+00  8.710037E-05
  1.148000E+00 -3.916253E-05
  1.149000E+00 -1.519244E-04
  1.150000E+00 -2.477274E-04
  1.151000E+00 -3.236110E-04
  1.152000E+00 -3.771871E-04
  1.153000E+00 -4.066993E-04
  1.154000E+00 -4.110651E-04
  1.155000E+00 -3.898995E-04
  1.156000E+00 -3.435196E-04
  1.157000E+00 -2.729308E-04
  1.158000E+00 -1.797935E-04
  1.159000E+00 -6.637295E-05
  1.160000E+00  6.452696E-05
  1.161000E+00  2.096442E-04
  1.162000E+00  3.653512E-04
  1.163000E+00  5.277557E-04
  1.164000E+00  6.928091E-04
  1.165000E+00  8.564177E-04
  1.166000E+00  1.014553E-03
  1.167000E+00  1.163363E-03
  1.168000E+00  1.299269E-03
  1.169000E+00  1.419067E-03
  1.170000E+00  1.520004E-03
  1.171000E+00  1.599851E-03
  1.172000E+00  1.656958E-03
  1.173000E+00  1.690285E-03
  1.174000E+00  1.699431E-03
  1.175000E+00  1.684630E-03
  1.176000E+00  1.646737E-03
  1.177000E+00  1.587196E-03
  1.178000E+00  1.507992E-03
  1.179000E+00  1.411584E-03
  1.180000E+00  1.300836E-03
  1.181000E+00  1.178926E-03
  1.182000E+00  1.049253E-03
  1.183000E+00  9.153455E-04
  1.184000E+00  7.807519E-04
  1.185000E+00  6.489487E-04
  1.186000E+00  5.232421E-04
  1.187000E+00  4.066797E-04
  1.188000E+00  3.019701E-04
  1.189000E+00  2.114137E-04
  1.190000E+00  1.368463E-04
  1.191000E+00  7.959672E-05
  1.192000E+00  4.045981E-05
  1.193000E+00  1.968494E-05
  1.194000E+00  1.698048E-05
  1.195000E+00  3.153366E-05
  1.196000E+00  6.204498E-05
  1.197000E+00  1.067761E-04
  1.198000E+00  1.636093E-04
  1.199000E+00  2.301172E-04
  1.200000E+00  3.036399E-04
  1.201000E+00  3.813671E-04
  1.202000E+00  4.604238E-04
  1.203000E+00  5.379559E-04
  1.204000E+00  6.112132E-04
  1.205000E+00  6.776286E-04
  1.206000E+00  7.348896E-04
  1.207000E+00  7.810020E-04
  1.208000E+00  8.143420E-04
  1.209000E+00  8.336974E-04
  1.210000E+00  8.382956E-04
  1.211000E+00  8.278181E-04
  1.212000E+00  8.024025E-04
  1.213000E+00  7.626298E-04
  1.214000E+00  7.095004E-04
  1.215000E+00  6.443980E-04
  1.216000E+00  5.690431E-04
  1.217000E+00  4.854381E-04
  1.218000E+00  3.958055E-04
  1.219000E+00  3.025206E-04
  1.220000E+00  2.080420E-04
  1.221000E+00  1.148410E-04
  1.222000E+00  2.533181E-05
  1.223000E+00 -5.819456E-05
  1.224000E+00 -1.336319E-04
  1.225000E+00 -1.991139E-04
  1.226000E+00 -2.530610E-04
  1.227000E+00 -2.942189E-04
  1.228000E+00 -3.216872E-04
  1.229000E+00 -3.349375E-04
  1.230000E+00 -3.338220E-04
  1.231000E+00 -3.185706E-04
  1.232000E+00 -2.897798E-04
  1.233000E+00 -2.483907E-04
  1.234000E+00 -1.956603E-04
  1.235000E+00 -1.331244E-04
  1.236000E+00 -6.255538E-05
  1.237000E+00  1.408531E-05
  1.238000E+00  9.469742E-05
  1.239000E+00  1.770942E-04
  1.240000E+00  2.590548E-04
  1.241000E+00  3.383765E-04
  1.242000E+00  4.129234E-04
  1.243000E+00  4.806728E-04
  1.244000E+00  5.397572E-04
  1.245000E+00  5.885005E-04
  1.246000E+00  6.254491E-04
  1.247000E+00  6.493963E-04
  1.248000E+00  6.594007E-04
  1.249000E+00  6.547983E-04
  1.250000E+00  6.352075E-04
  1.251000E+00  6.005291E-04
  1.252000E+00  5.509400E-04
  1.253000E+00  4.868825E-04
  1.254000E+00  4.090491E-04
  1.255000E+00  3.183633E-04
  1.256000E+00  2.159580E-04
  1.257000E+00  1.031516E-04
  1.258000E+00 -1.857762E-05
  1.259000E+00 -1.476181E-04
  1.260000E+00 -2.822514E-04
  1.261000E+00 -4.206796E-04
  1.262000E+00 -5.610508E-04
  1.263000E+00 -7.014854E-04
  1.264000E+00 -8.401006E-04
  1.265000E+00 -9.750337E-04
  1.266000E+00 -1.104465E-03
  1.267000E+00 -1.226640E-03
  1.268000E+00 -1.339888E-03
  1.269000E+00 -1.442644E-03
  1.270000E+00 -1.533467E-03
  1.271000E+00 -1.611054E-03
  1.272000E+00 -1.674264E-03
  1.273000E+00 -1.722125E-03
  1.274000E+00 -1.753858E-03
  1.275000E+00 -1.768884E-03
  1.276000E+00 -1.766836E-03
  1.277000E+00 -1.747575E-03
  1.278000E+00 -1.711192E-03
  1.279000E+00 -1.658016E-03
  1.280000E+00 -1.588617E-03
  1.281000E+00 -1.503806E-03
  1.282000E+00 -1.404631E-03
  1.283000E+00 -1.292366E-03
  1.284000E+00 -1.168505E-03
  1.285000E+00 -1.034739E-03
  1.286000E+00 -8.929393E-04
  1.287000E+00 -7.451307E-04
  1.288000E+00 -5.934615E-04
  1.289000E+00 -4.401698E-04
  1.290000E+00 -2.875462E-04
  1.291000E+00 -1.378928E-04
  1.292000E+00  6.519793E-06
  1.293000E+00  1.434965E-04
  1.294000E+00  2.709633E-04
  1.295000E+00  3.870117E-04
  1.296000E+00  4.899418E-04
  1.297000E+00  5.783021E-04
  1.298000E+00  6.509265E-04
  1.299000E+00  7.069647E-04
  1.300000E+00  7.459077E-04
  1.301000E+00  7.676059E-04
  1.302000E+00  7.722785E-04
  1.303000E+00  7.605156E-04
  1.304000E+00  7.332706E-04
  1.305000E+00  6.918432E-04
  1.306000E+00  6.378541E-04
  1.307000E+00  5.732102E-04
  1.308000E+00  5.000622E-04
  1.309000E+00  4.207538E-04
  1.310000E+00  3.377663E-04
  1.311000E+00  2.536564E-04
  1.312000E+00  1.709920E-04
  1.313000E+00  9.228556E-05
  1.314000E+00  1.992759E-05
  1.315000E+00 -4.387793E-05
  1.316000E+00 -9.717458E-05
  1.317000E+00 -1.383088E-04
  1.318000E+00 -1.659786E-04
  1.319000E+00 -1.792724E-04
  1.320000E+00 -1.776997E-04
  1.321000E+00 -1.612090E-04
  1.322000E+00 -1.301946E-04
  1.323000E+00 -8.549147E-05
  1.324000E+00 -2.835690E-05
  1.325000E+00  3.955927E-05
  1.326000E+00  1.162565E-04
  1.327000E+00  1.994359E-04
  1.328000E+00  2.865619E-04
  1.329000E+00  3.749316E-04
  1.330000E+00  4.617509E-04
  1.331000E+00  5.442134E-04
  1.332000E+00  6.195817E-04
  1.333000E+00  6.852687E-04
  1.334000E+00  7.389144E-04
  1.335000E+00  7.784594E-04
  1.336000E+00  8.022098E-04
  1.337000E+00  8.088933E-04
  1.338000E+00  7.977038E-04
  1.339000E+00  7.683338E-04
  1.340000E+00  7.209929E-04
  1.341000E+00  6.564121E-04
  1.342000E+00  5.758325E-04
  1.343000E+00  4.809804E-04
  1.344000E+00  3.740274E-04
  1.345000E+00  2.575378E-04
  1.346000E+00  1.344031E-04
  1.347000E+00  7.767721E-06
  1.348000E+00 -1.190546E-04
  1.349000E+00 -2.426699E-04
  1.350000E+00 -3.596968E-04
  1.351000E+00 -4.668595E-04
  1.352000E+00 -5.610793E-04
  1.353000E+00 -6.395623E-04
  1.354000E+00 -6.998786E-04
  1.355000E+00 -7.400335E-04
  1.356000E+00 -7.585264E-04
  1.357000E+00 -7.543973E-04
  1.358000E+00 -7.272575E-04
  1.359000E+00 -6.773061E-04
  1.360000E+00 -6.053292E-04
  1.361000E+00 -5.126836E-04
  1.362000E+00 -4.012643E-04
  1.363000E+00 -2.734577E-04
  1.364000E+00 -1.320802E-04
  1.365000E+00  1.969444E-05
  1.366000E+00  1.784177E-04
  1.367000E+00  3.404570E-04
  1.368000E+00  5.020911E-04
  1.369000E+00  6.596079E-04
  1.370000E+00  8.094021E-04
  1.371000E+00  9.480696E-04
  1.372000E+00  1.072496E-03
  1.373000E+00  1.179939E-03
  1.374000E+00  1.268095E-03
  1.375000E+00  1.335160E-03
  1.376000E+00  1.379873E-03
  1.377000E+00  1.401544E-03
  1.378000E+00  1.400070E-03
  1.379000E+00  1.375928E-03
  1.380000E+00  1.330161E-03
  1.381000E+00  1.264340E-03
  1.382000E+00  1.180521E-03
  1.383000E+00  1.081180E-03
  1.384000E+00  9.691446E-04
  1.385000E+00  8.475139E-04
  1.386000E+00  7.195708E-04
  1.387000E+00  5.886923E-04
  1.388000E+00  4.582579E-04
  1.389000E+00  3.315590E-04
  1.390000E+00  2.117119E-04
  1.391000E+00  1.015774E-04
  1.392000E+00  3.688453E-06
  1.393000E+00 -7.981241E-05
  1.394000E+00 -1.472232E-04
  1.395000E+00 -1.973199E-04
  1.396000E+00 -2.293805E-04
  1.397000E+00 -2.431937E-04
  1.398000E+00 -2.390548E-04
  1.399000E+00 -2.177465E-04
  1.400000E+00 -1.805074E-04
  1.401000E+00 -1.289886E-04
  1.402000E+00 -6.519922E-05
  1.403000E+00  8.555475E-06
  1.404000E+00  8.974394E-05
  1.405000E+00  1.756820E-04
  1.406000E+00  2.636090E-04
  1.407000E+00  3.507647E-04
  1.408000E+00  4.344632E-04
  1.409000E+00  5.121638E-04
  1.410000E+00  5.815357E-04
  1.411000E+00  6.405148E-04
  1.412000E+00  6.873523E-04
  1.413000E+00  7.206523E-04
  1.414000E+00  7.394003E-04
  1.415000E+00  7.429784E-04
  1.416000E+00  7.311710E-04
  1.417000E+00  7.041586E-04
  1.418000E+00  6.625013E-04
  1.419000E+00  6.071124E-04
  1.420000E+00  5.392239E-04
  1.421000E+00  4.603441E-04
  1.422000E+00  3.722096E-04
  1.423000E+00  2.767332E-04
  1.424000E+00  1.759490E-04
  1.425000E+00  7.195618E-05
  1.426000E+00 -3.313623E-05
  1.427000E+00 -1.372625E-04
  1.428000E+00 -2.384498E-04
  1.429000E+00 -3.348634E-04
  1.430000E+00 -4.248453E-04
  1.431000E+00 -5.069470E-04
  1.432000E+00 -5.799543E-04
  1.433000E+00 -6.429053E-04
  1.434000E+00 -6.951000E-04
  1.435000E+00 -7.361031E-04
  1.436000E+00 -7.657392E-04
  1.437000E+00 -7.840818E-04
  1.438000E+00 -7.914364E-04
  1.439000E+00 -7.883188E-04
  1.440000E+00 -7.754292E-04
  1.441000E+00 -7.536243E-04
  1.442000E+00 -7.238863E-04
  1.443000E+00 -6.872922E-04
  1.444000E+00 -6.449830E-04
  1.445000E+00 -5.981338E-04
  1.446000E+00 -5.479262E-04
  1.447000E+00 -4.955227E-04
  1.448000E+00 -4.420455E-04
  1.449000E+00 -3.885571E-04
  1.450000E+00 -3.360458E-04
  1.451000E+00 -2.854147E-04
  1.452000E+00 -2.374739E-04
  1.453000E+00 -1.929367E-04
  1.454000E+00 -1.524183E-04
  1.455000E+00 -1.164376E-04
  1.456000E+00 -8.542057E-05
  1.457000E+00 -5.970562E-05
  1.458000E+00 -3.954960E-05
  1.459000E+00 -2.513442E-05
  1.460000E+00 -1.657355E-05
  1.461000E+00 -1.391794E-05
  1.462000E+00 -1.716119E-05
  1.463000E+00 -2.624351E-05
  1.464000E+00 -4.105437E-05
  1.465000E+00 -6.143391E-05
  1.466000E+00 -8.717292E-05
  1.467000E+00 -1.180118E-04
  1.468000E+00 -1.536384E-04
  1.469000E+00 -1.936858E-04
  1.470000E+00 -2.377293E-04
  1.471000E+00 -2.852838E-04
  1.472000E+00 -3.358022E-04
  1.473000E+00 -3.886750E-04
  1.474000E+00 -4.432306E-04
  1.475000E+00 -4.987390E-04
  1.476000E+00 -5.544165E-04
  1.477000E+00 -6.094341E-04
  1.478000E+00 -6.629277E-04
  1.479000E+00 -7.140116E-04
  1.480000E+00 -7.617940E-04
  1.481000E+00 -8.053958E-04
  1.482000E+00 -8.439705E-04
  1.483000E+00 -8.767258E-04
  1.484000E+00 -9.029463E-04
  1.485000E+00 -9.220157E-04
  1.486000E+00 -9.334394E-04
  1.487000E+00 -9.368646E-04
  1.488000E+00 -9.320981E-04
  1.489000E+00 -9.191222E-04
  1.490000E+00 -8.981048E-04
  1.491000E+00 -8.694068E-04
  1.492000E+00 -8.335830E-04
  1.493000E+00 -7.913783E-04
  1.494000E+00 -7.437180E-04
  1.495000E+00 -6.916917E-04
  1.496000E+00 -6.365327E-04
  1.497000E+00 -5.795907E-04
  1.498000E+00 -5.223008E-04
  1.499000E+00 -4.661482E-04
  1.500000E+00 -4.126287E-04
  1.501000E+00 -3.632087E-04
  1.502000E+00 -3.192831E-04
  1.503000E+00 -2.821334E-04
  1.504000E+00 -2.528881E-04
  1.505000E+00 -2.324853E-04
  1.506000E+00 -2.216394E-04
  1.507000E+00 -2.208134E-04
  1.508000E+00 -2.301972E-04
  1.509000E+00 -2.496931E-04
  1.510000E+00 -2.789090E-04
  1.511000E+00 -3.171603E-04
  1.512000E+00 -3.634799E-04
  1.513000E+00 -4.166368E-04
  1.514000E+00 -4.751633E-04
  1.515000E+00 -5.373889E-04
  1.516000E+00 -6.014819E-04
  1.517000E+00 -6.654962E-04
  1.518000E+00 -7.274228E-04
  1.519000E+00 -7.852449E-04
  1.520000E+00 -8.369934E-04
  1.521000E+00 -8.808036E-04
  1.522000E+00 -9.149698E-04
  1.523000E+00 -9.379965E-04
  1.524000E+00 -9.486449E-04
  1.525000E+00 -9.459733E-04
  1.526000E+00 -9.293701E-04
  1.527000E+00 -8.985778E-04
  1.528000E+00 -8.537083E-04
  1.529000E+00 -7.952475E-04
  1.530000E+00 -7.240506E-04
  1.531000E+00 -6.413259E-04
  1.532000E+00 -5.486103E-04
  1.533000E+00 -4.477338E-04
  1.534000E+00 -3.407767E-04
  1.535000E+00 -2.300184E-04
  1.536000E+00 -1.178813E-04
  1.537000E+00 -6.868524E-06
  1.538000E+00  1.004998E-04
  1.539000E+00  2.017522E-04
  1.540000E+00  2.945310E-04
  1.541000E+00  3.766547E-04
  1.542000E+00  4.461760E-04
  1.543000E+00  5.014344E-04
  1.544000E+00  5.411012E-04
  1.545000E+00  5.642158E-04
  1.546000E+00  5.702123E-04
  1.547000E+00  5.589355E-04
  1.548000E+00  5.306460E-04
  1.549000E+00  4.860140E-04
  1.550000E+00  4.261020E-04
  1.551000E+00  3.523373E-04
  1.552000E+00  2.664738E-04
  1.553000E+00  1.705463E-04
  1.554000E+00  6.681599E-05
  1.555000E+00 -4.228882E-05
  1.556000E+00 -1.542369E-04
  1.557000E+00 -2.664606E-04
  1.558000E+00 -3.764223E-04
  1.559000E+00 -4.816808E-04
  1.560000E+00 -5.799529E-04
  1.561000E+00 -6.691714E-04
  1.562000E+00 -7.475356E-04
  1.563000E+00 -8.135550E-04
  1.564000E+00 -8.660826E-04
  1.565000E+00 -9.043398E-04
  1.566000E+00 -9.279293E-04
  1.567000E+00 -9.368387E-04
  1.568000E+00 -9.314322E-04
  1.569000E+00 -9.124327E-04
  1.570000E+00 -8.808935E-04
  1.571000E+00 -8.381623E-04
  1.572000E+00 -7.858360E-04
  1.573000E+00 -7.257109E-04
  1.574000E+00 -6.597268E-04
  1.575000E+00 -5.899086E-04
  1.576000E+00 -5.183071E-04
  1.577000E+00 -4.469388E-04
  1.578000E+00 -3.777292E-04
  1.579000E+00 -3.124590E-04
  1.580000E+00 -2.527154E-04
  1.581000E+00 -1.998508E-04
  1.582000E+00 -1.549481E-04
  1.583000E+00 -1.187958E-04
  1.584000E+00 -9.187086E-05
  1.585000E+00 -7.433269E-05
  1.586000E+00 -6.602562E-05
  1.587000E+00 -6.649150E-05
  1.588000E+00 -7.499095E-05
  1.589000E+00 -9.053296E-05
  1.590000E+00 -1.119117E-04
  1.591000E+00 -1.377491E-04
  1.592000E+00 -1.665429E-04
  1.593000E+00 -1.967166E-04
  1.594000E+00 -2.266723E-04
  1.595000E+00 -2.548427E-04
  1.596000E+00 -2.797420E-04
  1.597000E+00 -3.000133E-04
  1.598000E+00 -3.144715E-04
  1.599000E+00 -3.221410E-04
  1.600000E+00 -3.222855E-04
  1.601000E+00 -3.144308E-04
  1.602000E+00 -2.983790E-04
  1.603000E+00 -2.742138E-04
  1.604000E+00 -2.422970E-04
  1.605000E+00 -2.032569E-04
  1.606000E+00 -1.579672E-04
  1.607000E+00 -1.075201E-04
  1.608000E+00 -5.319146E-05
  1.609000E+00  3.599120E-06
  1.610000E+00  6.133231E-05
  1.611000E+00  1.184362E-04
  1.612000E+00  1.733347E-04
  1.613000E+00  2.244965E-04
  1.614000E+00  2.704816E-04
  1.615000E+00  3.099862E-04
  1.616000E+00  3.418825E-04
  1.617000E+00  3.652539E-04
  1.618000E+00  3.794231E-04
  1.619000E+00  3.839744E-04
  1.620000E+00  3.787668E-04
  1.621000E+00  3.639401E-04
  1.622000E+00  3.399123E-04
  1.623000E+00  3.073696E-04
  1.624000E+00  2.672476E-04
  1.625000E+00  2.207068E-04
  1.626000E+00  1.691001E-04
  1.627000E+00  1.139366E-04
  1.628000E+00  5.683968E-05
  1.629000E+00 -4.971828E-07
  1.630000E+00 -5.635695E-05
  1.631000E+00 -1.090459E-04
  1.632000E+00 -1.569396E-04
  1.633000E+00 -1.985273E-04
  1.634000E+00 -2.324526E-04
  1.635000E+00 -2.575503E-04
  1.636000E+00 -2.728772E-04
  1.637000E+00 -2.777378E-04
  1.638000E+00 -2.717024E-04
  1.639000E+00 -2.546190E-04
  1.640000E+00 -2.266167E-04
  1.641000E+00 -1.881028E-04
  1.642000E+00 -1.397523E-04
  1.643000E+00 -8.249003E-05
  1.644000E+00 -1.746766E-05
  1.645000E+00  5.396601E-05
  1.646000E+00  1.302988E-04
  1.647000E+00  2.098931E-04
  1.648000E+00  2.910258E-04
  1.649000E+00  3.719312E-04
  1.650000E+00  4.508428E-04
  1.651000E+00  5.260358E-04
  1.652000E+00  5.958673E-04
  1.653000E+00  6.588138E-04
  1.654000E+00  7.135054E-04
  1.655000E+00  7.587555E-04
  1.656000E+00  7.935854E-04
  1.657000E+00  8.172436E-04
  1.658000E+00  8.292191E-04
  1.659000E+00  8.292492E-04
  1.660000E+00  8.173202E-04
  1.661000E+00  7.936636E-04
  1.662000E+00  7.587458E-04
  1.663000E+00  7.132532E-04
  1.664000E+00  6.580725E-04
  1.665000E+00  5.942670E-04
  1.666000E+00  5.230498E-04
  1.667000E+00  4.457543E-04
  1.668000E+00  3.638036E-04
  1.669000E+00  2.786782E-04
  1.670000E+00  1.918839E-04
  1.671000E+00  1.049207E-04
  1.672000E+00  1.925261E-05
  1.673000E+00 -6.372063E-05
  1.674000E+00 -1.426888E-04
  1.675000E+00 -2.164541E-04
  1.676000E+00 -2.839500E-04
  1.677000E+00 -3.442572E-04
  1.678000E+00 -3.966155E-04
  1.679000E+00 -4.404314E-04
  1.680000E+00 -4.752830E-04
  1.681000E+00 -5.009202E-04
  1.682000E+00 -5.172620E-04
  1.683000E+00 -5.243909E-04
  1.684000E+00 -5.225442E-04
  1.685000E+00 -5.121028E-04
  1.686000E+00 -4.935787E-04
  1.687000E+00 -4.675997E-04
  1.688000E+00 -4.348949E-04
  1.689000E+00 -3.962773E-04
  1.690000E+00 -3.526277E-04
  1.691000E+00 -3.048776E-04
  1.692000E+00 -2.539930E-04
  1.693000E+00 -2.009586E-04
  1.694000E+00 -1.467620E-04
  1.695000E+00 -9.238014E-05
  1.696000E+00 -3.876570E-05
  1.697000E+00  1.316503E-05
  1.698000E+00  6.254309E-05
  1.699000E+00  1.085567E-04
  1.700000E+00  1.504601E-04
  1.701000E+00  1.875810E-04
  1.702000E+00  2.193272E-04
  1.703000E+00  2.451923E-04
  1.704000E+00  2.647601E-04
  1.705000E+00  2.777085E-04
  1.706000E+00  2.838122E-04
  1.707000E+00  2.829448E-04
  1.708000E+00  2.750803E-04
  1.709000E+00  2.602930E-04
  1.710000E+00  2.387576E-04
  1.711000E+00  2.107479E-04
  1.712000E+00  1.766346E-04
  1.713000E+00  1.368824E-04
  1.714000E+00  9.204584E-05
  1.715000E+00  4.276422E-05
  1.716000E+00 -1.024451E-05
  1.717000E+00 -6.619134E-05
  1.718000E+00 -1.242248E-04
  1.719000E+00 -1.834408E-04
  1.720000E+00 -2.428940E-04
  1.721000E+00 -3.016100E-04
  1.722000E+00 -3.585990E-04
  1.723000E+00 -4.128699E-04
  1.724000E+00 -4.634461E-04
  1.725000E+00 -5.093809E-04
  1.726000E+00 -5.497743E-04
  1.727000E+00 -5.837888E-04
  1.728000E+00 -6.106655E-04
  1.729000E+00 -6.297400E-04
  1.730000E+00 -6.404561E-04
  1.731000E+00 -6.423796E-04
  1.732000E+00 -6.352091E-04
  1.733000E+00 -6.187853E-04
  1.734000E+00 -5.930984E-04
  1.735000E+00 -5.582919E-04
  1.736000E+00 -5.146641E-04
  1.737000E+00 -4.626667E-04
  1.738000E+00 -4.028997E-04
  1.739000E+00 -3.361039E-04
  1.740000E+00 -2.631498E-04
  1.741000E+00 -1.850235E-04
  1.742000E+00 -1.028101E-04
  1.743000E+00 -1.767437E-05
  1.744000E+00  6.916069E-05
  1.745000E+00  1.564371E-04
  1.746000E+00  2.428862E-04
  1.747000E+00  3.272544E-04
  1.748000E+00  4.083280E-04
  1.749000E+00  4.849589E-04
  1.750000E+00  5.560882E-04
  1.751000E+00  6.207692E-04
  1.752000E+00  6.781878E-04
  1.753000E+00  7.276800E-04
  1.754000E+00  7.687469E-04
  1.755000E+00  8.010658E-04
  1.756000E+00  8.244976E-04
  1.757000E+00  8.390898E-04
  1.758000E+00  8.450758E-04
  1.759000E+00  8.428691E-04
  1.760000E+00  8.330540E-04
  1.761000E+00  8.163719E-04
  1.762000E+00  7.937035E-04
  1.763000E+00  7.660476E-04
  1.764000E+00  7.344975E-04
  1.765000E+00  7.002141E-04
  1.766000E+00  6.643978E-04
  1.767000E+00  6.282589E-04
  1.768000E+00  5.929878E-04
  1.769000E+00  5.597259E-04
  1.770000E+00  5.295369E-04
  1.771000E+00  5.033808E-04
  1.772000E+00  4.820895E-04
  1.773000E+00  4.663467E-04
  1.774000E+00  4.566705E-04
  1.775000E+00  4.534008E-04
  1.776000E+00  4.566915E-04
  1.777000E+00  4.665065E-04
  1.778000E+00  4.826215E-04
  1.779000E+00  5.046306E-04
  1.780000E+00  5.319568E-04
  1.781000E+00  5.638680E-04
  1.782000E+00  5.994961E-04
  1.783000E+00  6.378603E-04
  1.784000E+00  6.778932E-04
  1.785000E+00  7.184684E-04
  1.786000E+00  7.584308E-04
  1.787000E+00  7.966267E-04
  1.788000E+00  8.319342E-04
  1.789000E+00  8.632925E-04
  1.790000E+00  8.897301E-04
  1.791000E+00  9.103899E-04
  1.792000E+00  9.245521E-04
  1.793000E+00  9.316529E-04
  1.794000E+00  9.312996E-04
  1.795000E+00  9.232810E-04
  1.796000E+00  9.075735E-04
  1.797000E+00  8.843419E-04
  1.798000E+00  8.539361E-04
  1.799000E+00  8.168824E-04
  1.800000E+00  7.738712E-04
  1.801000E+00  7.257399E-04
  1.802000E+00  6.734524E-04
  1.803000E+00  6.180758E-04
  1.804000E+00  5.607543E-04
  1.805000E+00  5.026812E-04
  1.806000E+00  4.450700E-04
  1.807000E+00  3.891249E-04
  1.808000E+00  3.360119E-04
  1.809000E+00  2.868306E-04
  1.810000E+00  2.425878E-04
  1.811000E+00  2.041738E-04
  1.812000E+00  1.723414E-04
  1.813000E+00  1.476878E-04
  1.814000E+00  1.306418E-04
  1.815000E+00  1.214532E-04
  1.816000E+00  1.201885E-04
  1.817000E+00  1.267297E-04
  1.818000E+00  1.407781E-04
  1.819000E+00  1.618624E-04
  1.820000E+00  1.893509E-04
  1.821000E+00  2.224673E-04
  1.822000E+00  2.603097E-04
  1.823000E+00  3.018736E-04
  1.824000E+00  3.460752E-04
  1.825000E+00  3.917783E-04
  1.826000E+00  4.378212E-04
  1.827000E+00  4.830441E-04
  1.828000E+00  5.263165E-04
  1.829000E+00  5.665634E-04
  1.830000E+00  6.027900E-04
  1.831000E+00  6.341041E-04
  1.832000E+00  6.597358E-04
  1.833000E+00  6.790540E-04
  1.834000E+00  6.915795E-04
  1.835000E+00  6.969936E-04
  1.836000E+00  6.951438E-04
  1.837000E+00  6.860446E-04
  1.838000E+00  6.698742E-04
  1.839000E+00  6.469686E-04
  1.840000E+00  6.178105E-04
  1.841000E+00  5.830165E-04
  1.842000E+00  5.433202E-04
  1.843000E+00  4.995542E-04
  1.844000E+00  4.526289E-04
  1.845000E+00  4.035112E-04
  1.846000E+00  3.532017E-04
  1.847000E+00  3.027116E-04
  1.848000E+00  2.530403E-04
  1.849000E+00  2.051533E-04
  1.850000E+00  1.599617E-04
  1.851000E+00  1.183028E-04
  1.852000E+00  8.092333E-05
  1.853000E+00  4.846456E-05
  1.854000E+00  2.144988E-05
  1.855000E+00  2.752855E-07
  1.856000E+00 -1.479742E-05
  1.857000E+00 -2.364460E-05
  1.858000E+00 -2.628184E-05
  1.859000E+00 -2.286237E-05
  1.860000E+00 -1.367268E-05
  1.861000E+00  8.742064E-07
  1.862000E+00  2.024782E-05
  1.863000E+00  4.381128E-05
  1.864000E+00  7.083420E-05
  1.865000E+00  1.005070E-04
  1.866000E+00  1.319563E-04
  1.867000E+00  1.642618E-04
  1.868000E+00  1.964731E-04
  1.869000E+00  2.276270E-04
  1.870000E+00  2.567657E-04
  1.871000E+00  2.829537E-04
  1.872000E+00  3.052953E-04
  1.873000E+00  3.229505E-04
  1.874000E+00  3.351508E-04
  1.875000E+00  3.412136E-04
  1.876000E+00  3.405553E-04
  1.877000E+00  3.327027E-04
  1.878000E+00  3.173031E-04
  1.879000E+00  2.941327E-04
  1.880000E+00  2.631022E-04
  1.881000E+00  2.242613E-04
  1.882000E+00  1.778007E-04
  1.883000E+00  1.240518E-04
  1.884000E+00  6.348418E-05
  1.885000E+00 -3.298857E-06
  1.886000E+00 -7.556740E-05
  1.887000E+00 -1.524738E-04
  1.888000E+00 -2.330639E-04
  1.889000E+00 -3.162900E-04
  1.890000E+00 -4.010260E-04
  1.891000E+00 -4.860842E-04
  1.892000E+00 -5.702335E-04
  1.893000E+00 -6.522190E-04
  1.894000E+00 -7.307830E-04
  1.895000E+00 -8.046864E-04
  1.896000E+00 -8.727310E-04
  1.897000E+00 -9.337818E-04
  1.898000E+00 -9.867893E-04
  1.899000E+00 -1.030811E-03
  1.900000E+00 -1.065030E-03
  1.901000E+00 -1.088779E-03
  1.902000E+00 -1.101551E-03
  1.903000E+00 -1.103016E-03
  1.904000E+00 -1.093036E-03
  1.905000E+00 -1.071668E-03
  1.906000E+00 -1.039169E-03
  1.907000E+00 -9.960019E-04
  1.908000E+00 -9.428239E-04
  1.909000E+00 -8.804833E-04
  1.910000E+00 -8.100052E-04
  1.911000E+00 -7.325747E-04
  1.912000E+00 -6.495160E-04
  1.913000E+00 -5.622675E-04
  1.914000E+00 -4.723542E-04
  1.915000E+00 -3.813570E-04
  1.916000E+00 -2.908801E-04
  1.917000E+00 -2.025172E-04
  1.918000E+00 -1.178174E-04
  1.919000E+00 -3.825119E-05
  1.920000E+00  3.482215E-05
  1.921000E+00  1.001850E-04
  1.922000E+00  1.567892E-04
  1.923000E+00  2.037799E-04
  1.924000E+00  2.405152E-04
  1.925000E+00  2.665809E-04
  1.926000E+00  2.817999E-04
  1.927000E+00  2.862353E-04
  1.928000E+00  2.801888E-04
  1.929000E+00  2.641916E-04
  1.930000E+00  2.389908E-04
  1.931000E+00  2.055293E-04
  1.932000E+00  1.649214E-04
  1.933000E+00  1.184232E-04
  1.934000E+00  6.739931E-05
  1.935000E+00  1.328709E-05
  1.936000E+00 -4.244201E-05
  1.937000E+00 -9.832168E-05
  1.938000E+00 -1.529302E-04
  1.939000E+00 -2.049290E-04
  1.940000E+00 -2.530987E-04
  1.941000E+00 -2.963729E-04
  1.942000E+00 -3.338673E-04
  1.943000E+00 -3.649035E-04
  1.944000E+00 -3.890283E-04
  1.945000E+00 -4.060259E-04
  1.946000E+00 -4.159233E-04
  1.947000E+00 -4.189892E-04
  1.948000E+00 -4.157256E-04
  1.949000E+00 -4.068523E-04
  1.950000E+00 -3.932854E-04
  1.951000E+00 -3.761094E-04
  1.952000E+00 -3.565437E-04
  1.953000E+00 -3.359055E-04
  1.954000E+00 -3.155683E-04
  1.955000E+00 -2.969191E-04
  1.956000E+00 -2.813137E-04
  1.957000E+00 -2.700330E-04
  1.958000E+00 -2.642400E-04
  1.959000E+00 -2.649407E-04
  1.960000E+00 -2.729480E-04
  1.961000E+00 -2.888512E-04
  1.962000E+00 -3.129916E-04
  1.963000E+00 -3.454449E-04
  1.964000E+00 -3.860113E-04
  1.965000E+00 -4.342133E-04
  1.966000E+00 -4.893017E-04
  1.967000E+00 -5.502702E-04
  1.968000E+00 -6.158769E-04
  1.969000E+00 -6.846737E-04
  1.970000E+00 -7.550423E-04
  1.971000E+00 -8.252351E-04
  1.972000E+00 -8.934215E-04
  1.973000E+00 -9.577364E-04
  1.974000E+00 -1.016331E-03
  1.975000E+00 -1.067426E-03
  1.976000E+00 -1.109358E-03
  1.977000E+00 -1.140630E-03
  1.978000E+00 -1.159955E-03
  1.979000E+00 -1.166294E-03
  1.980000E+00 -1.158891E-03
  1.981000E+00 -1.137294E-03
  1.982000E+00 -1.101377E-03
  1.983000E+00 -1.051346E-03
  1.984000E+00 -9.877399E-04
  1.985000E+00 -9.114240E-04
  1.986000E+00 -8.235694E-04
  1.987000E+00 -7.256292E-04
  1.988000E+00 -6.193045E-04
  1.989000E+00 -5.065042E-04
  1.990000E+00 -3.892994E-04
  1.991000E+00 -2.698728E-04
  1.992000E+00 -1.504646E-04
  1.993000E+00 -3.331767E-05
  1.994000E+00  7.937854E-05
  1.995000E+00  1.855423E-04
  1.996000E+00  2.832512E-04
  1.997000E+00  3.707901E-04
  1.998000E+00  4.466930E-04
  1.999000E+00  5.097787E-04
  2.000000E+00  3.622469E-02
