; material = LLZO                                                       
O             2000  1.12889687E+02          580.000000
  0.000000E+00  1.000000E+00
  1.000000E-03  9.947019E-01
  2.000000E-03  9.788983E-01
  3.000000E-03  9.528593E-01
  4.000000E-03  9.170280E-01
  5.000000E-03  8.720105E-01
  6.000000E-03  8.185625E-01
  7.000000E-03  7.575722E-01
  8.000000E-03  6.900407E-01
  9.000000E-03  6.170603E-01
  1.000000E-02  5.397912E-01
  1.100000E-02  4.594369E-01
  1.200000E-02  3.772196E-01
  1.300000E-02  2.943558E-01
  1.400000E-02  2.120324E-01
  1.500000E-02  1.313846E-01
  1.600000E-02  5.347478E-02
  1.700000E-02 -2.072506E-02
  1.800000E-02 -9.034967E-02
  1.900000E-02 -1.546531E-01
  2.000000E-02 -2.130189E-01
  2.100000E-02 -2.649663E-01
  2.200000E-02 -3.101543E-01
  2.300000E-02 -3.483816E-01
  2.400000E-02 -3.795839E-01
  2.500000E-02 -4.038285E-01
  2.600000E-02 -4.213059E-01
  2.700000E-02 -4.323192E-01
  2.800000E-02 -4.372714E-01
  2.900000E-02 -4.366514E-01
  3.000000E-02 -4.310181E-01
  3.100000E-02 -4.209841E-01
  3.200000E-02 -4.071991E-01
  3.300000E-02 -3.903329E-01
  3.400000E-02 -3.710591E-01
  3.500000E-02 -3.500394E-01
  3.600000E-02 -3.279090E-01
  3.700000E-02 -3.052637E-01
  3.800000E-02 -2.826484E-01
  3.900000E-02 -2.605475E-01
  4.000000E-02 -2.393775E-01
  4.100000E-02 -2.194819E-01
  4.200000E-02 -2.011276E-01
  4.300000E-02 -1.845046E-01
  4.400000E-02 -1.697264E-01
  4.500000E-02 -1.568336E-01
  4.600000E-02 -1.457988E-01
  4.700000E-02 -1.365327E-01
  4.800000E-02 -1.288920E-01
  4.900000E-02 -1.226886E-01
  5.000000E-02 -1.176985E-01
  5.100000E-02 -1.136726E-01
  5.200000E-02 -1.103461E-01
  5.300000E-02 -1.074493E-01
  5.400000E-02 -1.047168E-01
  5.500000E-02 -1.018965E-01
  5.600000E-02 -9.875761E-02
  5.700000E-02 -9.509807E-02
  5.800000E-02 -9.074980E-02
  5.900000E-02 -8.558333E-02
  6.000000E-02 -7.951080E-02
  6.100000E-02 -7.248746E-02
  6.200000E-02 -6.451182E-02
  6.300000E-02 -5.562445E-02
  6.400000E-02 -4.590546E-02
  6.500000E-02 -3.547083E-02
  6.600000E-02 -2.446786E-02
  6.700000E-02 -1.306966E-02
  6.800000E-02 -1.469152E-03
  6.900000E-02  1.012741E-02
  7.000000E-02  2.150709E-02
  7.100000E-02  3.245693E-02
  7.200000E-02  4.277041E-02
  7.300000E-02  5.225353E-02
  7.400000E-02  6.073028E-02
  7.500000E-02  6.804753E-02
  7.600000E-02  7.407899E-02
  7.700000E-02  7.872835E-02
  7.800000E-02  8.193144E-02
  7.900000E-02  8.365740E-02
  8.000000E-02  8.390884E-02
  8.100000E-02  8.272110E-02
  8.200000E-02  8.016058E-02
  8.300000E-02  7.632225E-02
  8.400000E-02  7.132649E-02
  8.500000E-02  6.531527E-02
  8.600000E-02  5.844794E-02
  8.700000E-02  5.089666E-02
  8.800000E-02  4.284162E-02
  8.900000E-02  3.446632E-02
  9.000000E-02  2.595285E-02
  9.100000E-02  1.747747E-02
  9.200000E-02  9.206477E-03
  9.300000E-02  1.292603E-03
  9.400000E-02 -6.128149E-03
  9.500000E-02 -1.293900E-02
  9.600000E-02 -1.904430E-02
  9.700000E-02 -2.437070E-02
  9.800000E-02 -2.886776E-02
  9.900000E-02 -3.250780E-02
  1.000000E-01 -3.528521E-02
  1.010000E-01 -3.721514E-02
  1.020000E-01 -3.833173E-02
  1.030000E-01 -3.868593E-02
  1.040000E-01 -3.834289E-02
  1.050000E-01 -3.737926E-02
  1.060000E-01 -3.588017E-02
  1.070000E-01 -3.393629E-02
  1.080000E-01 -3.164086E-02
  1.090000E-01 -2.908683E-02
  1.100000E-01 -2.636425E-02
  1.110000E-01 -2.355788E-02
  1.120000E-01 -2.074514E-02
  1.130000E-01 -1.799446E-02
  1.140000E-01 -1.536394E-02
  1.150000E-01 -1.290052E-02
  1.160000E-01 -1.063949E-02
  1.170000E-01 -8.604461E-03
  1.180000E-01 -6.807687E-03
  1.190000E-01 -5.250734E-03
  1.200000E-01 -3.925468E-03
  1.210000E-01 -2.815294E-03
  1.220000E-01 -1.896592E-03
  1.230000E-01 -1.140302E-03
  1.240000E-01 -5.135769E-04
  1.250000E-01  1.853188E-05
  1.260000E-01  4.914350E-04
  1.270000E-01  9.394506E-04
  1.280000E-01  1.394389E-03
  1.290000E-01  1.884316E-03
  1.300000E-01  2.432523E-03
  1.310000E-01  3.056735E-03
  1.320000E-01  3.768565E-03
  1.330000E-01  4.573218E-03
  1.340000E-01  5.469456E-03
  1.350000E-01  6.449792E-03
  1.360000E-01  7.500910E-03
  1.370000E-01  8.604279E-03
  1.380000E-01  9.736937E-03
  1.390000E-01  1.087240E-02
  1.400000E-01  1.198166E-02
  1.410000E-01  1.303427E-02
  1.420000E-01  1.399941E-02
  1.430000E-01  1.484693E-02
  1.440000E-01  1.554839E-02
  1.450000E-01  1.607800E-02
  1.460000E-01  1.641336E-02
  1.470000E-01  1.653625E-02
  1.480000E-01  1.643307E-02
  1.490000E-01  1.609527E-02
  1.500000E-01  1.551957E-02
  1.510000E-01  1.470796E-02
  1.520000E-01  1.366765E-02
  1.530000E-01  1.241077E-02
  1.540000E-01  1.095401E-02
  1.550000E-01  9.318111E-03
  1.560000E-01  7.527261E-03
  1.570000E-01  5.608432E-03
  1.580000E-01  3.590658E-03
  1.590000E-01  1.504300E-03
  1.600000E-01 -6.197074E-04
  1.610000E-01 -2.750573E-03
  1.620000E-01 -4.858341E-03
  1.630000E-01 -6.914515E-03
  1.640000E-01 -8.892620E-03
  1.650000E-01 -1.076868E-02
  1.660000E-01 -1.252159E-02
  1.670000E-01 -1.413344E-02
  1.680000E-01 -1.558965E-02
  1.690000E-01 -1.687915E-02
  1.700000E-01 -1.799431E-02
  1.710000E-01 -1.893092E-02
  1.720000E-01 -1.968803E-02
  1.730000E-01 -2.026769E-02
  1.740000E-01 -2.067477E-02
  1.750000E-01 -2.091656E-02
  1.760000E-01 -2.100247E-02
  1.770000E-01 -2.094369E-02
  1.780000E-01 -2.075279E-02
  1.790000E-01 -2.044335E-02
  1.800000E-01 -2.002962E-02
  1.810000E-01 -1.952619E-02
  1.820000E-01 -1.894765E-02
  1.830000E-01 -1.830831E-02
  1.840000E-01 -1.762195E-02
  1.850000E-01 -1.690159E-02
  1.860000E-01 -1.615929E-02
  1.870000E-01 -1.540600E-02
  1.880000E-01 -1.465143E-02
  1.890000E-01 -1.390393E-02
  1.900000E-01 -1.317046E-02
  1.910000E-01 -1.245651E-02
  1.920000E-01 -1.176611E-02
  1.930000E-01 -1.110182E-02
  1.940000E-01 -1.046476E-02
  1.950000E-01 -9.854634E-03
  1.960000E-01 -9.269856E-03
  1.970000E-01 -8.707591E-03
  1.980000E-01 -8.163883E-03
  1.990000E-01 -7.633786E-03
  2.000000E-01 -7.111513E-03
  2.010000E-01 -6.590612E-03
  2.020000E-01 -6.064153E-03
  2.030000E-01 -5.524946E-03
  2.040000E-01 -4.965766E-03
  2.050000E-01 -4.379595E-03
  2.060000E-01 -3.759880E-03
  2.070000E-01 -3.100791E-03
  2.080000E-01 -2.397486E-03
  2.090000E-01 -1.646364E-03
  2.100000E-01 -8.453106E-04
  2.110000E-01  6.074582E-06
  2.120000E-01  9.062855E-04
  2.130000E-01  1.851748E-03
  2.140000E-01  2.836706E-03
  2.150000E-01  3.853156E-03
  2.160000E-01  4.890847E-03
  2.170000E-01  5.937337E-03
  2.180000E-01  6.978126E-03
  2.190000E-01  7.996852E-03
  2.200000E-01  8.975568E-03
  2.210000E-01  9.895076E-03
  2.220000E-01  1.073534E-02
  2.230000E-01  1.147593E-02
  2.240000E-01  1.209658E-02
  2.250000E-01  1.257767E-02
  2.260000E-01  1.290086E-02
  2.270000E-01  1.304962E-02
  2.280000E-01  1.300986E-02
  2.290000E-01  1.277040E-02
  2.300000E-01  1.232357E-02
  2.310000E-01  1.166555E-02
  2.320000E-01  1.079679E-02
  2.330000E-01  9.722290E-03
  2.340000E-01  8.451716E-03
  2.350000E-01  6.999470E-03
  2.360000E-01  5.384603E-03
  2.370000E-01  3.630596E-03
  2.380000E-01  1.765014E-03
  2.390000E-01 -1.809732E-04
  2.400000E-01 -2.173183E-03
  2.410000E-01 -4.175136E-03
  2.420000E-01 -6.148855E-03
  2.430000E-01 -8.055749E-03
  2.440000E-01 -9.857550E-03
  2.450000E-01 -1.151728E-02
  2.460000E-01 -1.300023E-02
  2.470000E-01 -1.427491E-02
  2.480000E-01 -1.531394E-02
  2.490000E-01 -1.609488E-02
  2.500000E-01 -1.660097E-02
  2.510000E-01 -1.682168E-02
  2.520000E-01 -1.675322E-02
  2.530000E-01 -1.639874E-02
  2.540000E-01 -1.576850E-02
  2.550000E-01 -1.487973E-02
  2.560000E-01 -1.375639E-02
  2.570000E-01 -1.242866E-02
  2.580000E-01 -1.093233E-02
  2.590000E-01 -9.307953E-03
  2.600000E-01 -7.599885E-03
  2.610000E-01 -5.855182E-03
  2.620000E-01 -4.122410E-03
  2.630000E-01 -2.450370E-03
  2.640000E-01 -8.868011E-04
  2.650000E-01  5.229229E-04
  2.660000E-01  1.737062E-03
  2.670000E-01  2.718703E-03
  2.680000E-01  3.436848E-03
  2.690000E-01  3.867359E-03
  2.700000E-01  3.993743E-03
  2.710000E-01  3.807729E-03
  2.720000E-01  3.309650E-03
  2.730000E-01  2.508579E-03
  2.740000E-01  1.422241E-03
  2.750000E-01  7.668407E-05
  2.760000E-01 -1.494281E-03
  2.770000E-01 -3.249865E-03
  2.780000E-01 -5.143281E-03
  2.790000E-01 -7.122905E-03
  2.800000E-01 -9.133590E-03
  2.810000E-01 -1.111808E-02
  2.820000E-01 -1.301854E-02
  2.830000E-01 -1.477803E-02
  2.840000E-01 -1.634211E-02
  2.850000E-01 -1.766029E-02
  2.860000E-01 -1.868742E-02
  2.870000E-01 -1.938496E-02
  2.880000E-01 -1.972210E-02
  2.890000E-01 -1.967667E-02
  2.900000E-01 -1.923581E-02
  2.910000E-01 -1.839643E-02
  2.920000E-01 -1.716540E-02
  2.930000E-01 -1.555949E-02
  2.940000E-01 -1.360502E-02
  2.950000E-01 -1.133729E-02
  2.960000E-01 -8.799736E-03
  2.970000E-01 -6.042912E-03
  2.980000E-01 -3.123228E-03
  2.990000E-01 -1.015704E-04
  3.000000E-01  2.958211E-03
  3.010000E-01  5.990901E-03
  3.020000E-01  8.931548E-03
  3.030000E-01  1.171709E-02
  3.040000E-01  1.428792E-02
  3.050000E-01  1.658939E-02
  3.060000E-01  1.857314E-02
  3.070000E-01  2.019828E-02
  3.080000E-01  2.143239E-02
  3.090000E-01  2.225227E-02
  3.100000E-01  2.264445E-02
  3.110000E-01  2.260547E-02
  3.120000E-01  2.214186E-02
  3.130000E-01  2.126989E-02
  3.140000E-01  2.001507E-02
  3.150000E-01  1.841140E-02
  3.160000E-01  1.650040E-02
  3.170000E-01  1.433003E-02
  3.180000E-01  1.195334E-02
  3.190000E-01  9.427102E-03
  3.200000E-01  6.810356E-03
  3.210000E-01  4.162862E-03
  3.220000E-01  1.543629E-03
  3.230000E-01 -9.905459E-04
  3.240000E-01 -3.386437E-03
  3.250000E-01 -5.595634E-03
  3.260000E-01 -7.575626E-03
  3.270000E-01 -9.290707E-03
  3.280000E-01 -1.071268E-02
  3.290000E-01 -1.182135E-02
  3.300000E-01 -1.260477E-02
  3.310000E-01 -1.305927E-02
  3.320000E-01 -1.318929E-02
  3.330000E-01 -1.300695E-02
  3.340000E-01 -1.253144E-02
  3.350000E-01 -1.178827E-02
  3.360000E-01 -1.080831E-02
  3.370000E-01 -9.626755E-03
  3.380000E-01 -8.282006E-03
  3.390000E-01 -6.814459E-03
  3.400000E-01 -5.265322E-03
  3.410000E-01 -3.675422E-03
  3.420000E-01 -2.084086E-03
  3.430000E-01 -5.280844E-04
  3.440000E-01  9.592919E-04
  3.450000E-01  2.349034E-03
  3.460000E-01  3.617053E-03
  3.470000E-01  4.744648E-03
  3.480000E-01  5.718796E-03
  3.490000E-01  6.532255E-03
  3.500000E-01  7.183489E-03
  3.510000E-01  7.676416E-03
  3.520000E-01  8.019996E-03
  3.530000E-01  8.227672E-03
  3.540000E-01  8.316692E-03
  3.550000E-01  8.307329E-03
  3.560000E-01  8.222028E-03
  3.570000E-01  8.084515E-03
  3.580000E-01  7.918888E-03
  3.590000E-01  7.748720E-03
  3.600000E-01  7.596213E-03
  3.610000E-01  7.481417E-03
  3.620000E-01  7.421536E-03
  3.630000E-01  7.430354E-03
  3.640000E-01  7.517789E-03
  3.650000E-01  7.689578E-03
  3.660000E-01  7.947120E-03
  3.670000E-01  8.287462E-03
  3.680000E-01  8.703434E-03
  3.690000E-01  9.183923E-03
  3.700000E-01  9.714278E-03
  3.710000E-01  1.027683E-02
  3.720000E-01  1.085150E-02
  3.730000E-01  1.141649E-02
  3.740000E-01  1.194903E-02
  3.750000E-01  1.242614E-02
  3.760000E-01  1.282539E-02
  3.770000E-01  1.312567E-02
  3.780000E-01  1.330787E-02
  3.790000E-01  1.335556E-02
  3.800000E-01  1.325549E-02
  3.810000E-01  1.299806E-02
  3.820000E-01  1.257768E-02
  3.830000E-01  1.199295E-02
  3.840000E-01  1.124678E-02
  3.850000E-01  1.034628E-02
  3.860000E-01  9.302682E-03
  3.870000E-01  8.130962E-03
  3.880000E-01  6.849483E-03
  3.890000E-01  5.479487E-03
  3.900000E-01  4.044515E-03
  3.910000E-01  2.569766E-03
  3.920000E-01  1.081418E-03
  3.930000E-01 -3.940782E-04
  3.940000E-01 -1.830699E-03
  3.950000E-01 -3.203533E-03
  3.960000E-01 -4.489419E-03
  3.970000E-01 -5.667531E-03
  3.980000E-01 -6.719886E-03
  3.990000E-01 -7.631759E-03
  4.000000E-01 -8.392006E-03
  4.010000E-01 -8.993276E-03
  4.020000E-01 -9.432112E-03
  4.030000E-01 -9.708940E-03
  4.040000E-01 -9.827953E-03
  4.050000E-01 -9.796885E-03
  4.060000E-01 -9.626699E-03
  4.070000E-01 -9.331181E-03
  4.080000E-01 -8.926477E-03
  4.090000E-01 -8.430567E-03
  4.100000E-01 -7.862708E-03
  4.110000E-01 -7.242849E-03
  4.120000E-01 -6.591057E-03
  4.130000E-01 -5.926947E-03
  4.140000E-01 -5.269147E-03
  4.150000E-01 -4.634811E-03
  4.160000E-01 -4.039196E-03
  4.170000E-01 -3.495297E-03
  4.180000E-01 -3.013576E-03
  4.190000E-01 -2.601768E-03
  4.200000E-01 -2.264779E-03
  4.210000E-01 -2.004670E-03
  4.220000E-01 -1.820733E-03
  4.230000E-01 -1.709641E-03
  4.240000E-01 -1.665681E-03
  4.250000E-01 -1.681045E-03
  4.260000E-01 -1.746180E-03
  4.270000E-01 -1.850175E-03
  4.280000E-01 -1.981181E-03
  4.290000E-01 -2.126841E-03
  4.300000E-01 -2.274722E-03
  4.310000E-01 -2.412736E-03
  4.320000E-01 -2.529530E-03
  4.330000E-01 -2.614843E-03
  4.340000E-01 -2.659817E-03
  4.350000E-01 -2.657245E-03
  4.360000E-01 -2.601765E-03
  4.370000E-01 -2.489983E-03
  4.380000E-01 -2.320534E-03
  4.390000E-01 -2.094065E-03
  4.400000E-01 -1.813164E-03
  4.410000E-01 -1.482223E-03
  4.420000E-01 -1.107246E-03
  4.430000E-01 -6.956105E-04
  4.440000E-01 -2.557969E-04
  4.450000E-01  2.029183E-04
  4.460000E-01  6.707791E-04
  4.470000E-01  1.137875E-03
  4.480000E-01  1.594462E-03
  4.490000E-01  2.031265E-03
  4.500000E-01  2.439757E-03
  4.510000E-01  2.812407E-03
  4.520000E-01  3.142886E-03
  4.530000E-01  3.426220E-03
  4.540000E-01  3.658907E-03
  4.550000E-01  3.838966E-03
  4.560000E-01  3.965942E-03
  4.570000E-01  4.040861E-03
  4.580000E-01  4.066124E-03
  4.590000E-01  4.045375E-03
  4.600000E-01  3.983311E-03
  4.610000E-01  3.885479E-03
  4.620000E-01  3.758036E-03
  4.630000E-01  3.607498E-03
  4.640000E-01  3.440492E-03
  4.650000E-01  3.263495E-03
  4.660000E-01  3.082600E-03
  4.670000E-01  2.903292E-03
  4.680000E-01  2.730256E-03
  4.690000E-01  2.567220E-03
  4.700000E-01  2.416830E-03
  4.710000E-01  2.280575E-03
  4.720000E-01  2.158755E-03
  4.730000E-01  2.050490E-03
  4.740000E-01  1.953780E-03
  4.750000E-01  1.865603E-03
  4.760000E-01  1.782056E-03
  4.770000E-01  1.698527E-03
  4.780000E-01  1.609892E-03
  4.790000E-01  1.510743E-03
  4.800000E-01  1.395620E-03
  4.810000E-01  1.259251E-03
  4.820000E-01  1.096793E-03
  4.830000E-01  9.040563E-04
  4.840000E-01  6.777184E-04
  4.850000E-01  4.155044E-04
  4.860000E-01  1.163410E-04
  4.870000E-01 -2.195284E-04
  4.880000E-01 -5.904696E-04
  4.890000E-01 -9.934271E-04
  4.900000E-01 -1.423940E-03
  4.910000E-01 -1.876201E-03
  4.920000E-01 -2.343164E-03
  4.930000E-01 -2.816691E-03
  4.940000E-01 -3.287735E-03
  4.950000E-01 -3.746560E-03
  4.960000E-01 -4.182983E-03
  4.970000E-01 -4.586644E-03
  4.980000E-01 -4.947279E-03
  4.990000E-01 -5.255002E-03
  5.000000E-01 -5.500589E-03
  5.010000E-01 -5.675741E-03
  5.020000E-01 -5.773339E-03
  5.030000E-01 -5.787662E-03
  5.040000E-01 -5.714580E-03
  5.050000E-01 -5.551711E-03
  5.060000E-01 -5.298527E-03
  5.070000E-01 -4.956422E-03
  5.080000E-01 -4.528728E-03
  5.090000E-01 -4.020682E-03
  5.100000E-01 -3.439350E-03
  5.110000E-01 -2.793496E-03
  5.120000E-01 -2.093410E-03
  5.130000E-01 -1.350706E-03
  5.140000E-01 -5.780709E-04
  5.150000E-01  2.110058E-04
  5.160000E-01  1.002524E-03
  5.170000E-01  1.782280E-03
  5.180000E-01  2.536183E-03
  5.190000E-01  3.250565E-03
  5.200000E-01  3.912481E-03
  5.210000E-01  4.510001E-03
  5.220000E-01  5.032468E-03
  5.230000E-01  5.470729E-03
  5.240000E-01  5.817338E-03
  5.250000E-01  6.066705E-03
  5.260000E-01  6.215213E-03
  5.270000E-01  6.261286E-03
  5.280000E-01  6.205404E-03
  5.290000E-01  6.050075E-03
  5.300000E-01  5.799765E-03
  5.310000E-01  5.460772E-03
  5.320000E-01  5.041071E-03
  5.330000E-01  4.550113E-03
  5.340000E-01  3.998600E-03
  5.350000E-01  3.398227E-03
  5.360000E-01  2.761410E-03
  5.370000E-01  2.101002E-03
  5.380000E-01  1.429996E-03
  5.390000E-01  7.612381E-04
  5.400000E-01  1.071443E-04
  5.410000E-01 -5.205663E-04
  5.420000E-01 -1.111117E-03
  5.430000E-01 -1.654895E-03
  5.440000E-01 -2.143632E-03
  5.450000E-01 -2.570563E-03
  5.460000E-01 -2.930535E-03
  5.470000E-01 -3.220080E-03
  5.480000E-01 -3.437443E-03
  5.490000E-01 -3.582571E-03
  5.500000E-01 -3.657060E-03
  5.510000E-01 -3.664062E-03
  5.520000E-01 -3.608157E-03
  5.530000E-01 -3.495193E-03
  5.540000E-01 -3.332101E-03
  5.550000E-01 -3.126679E-03
  5.560000E-01 -2.887372E-03
  5.570000E-01 -2.623030E-03
  5.580000E-01 -2.342673E-03
  5.590000E-01 -2.055246E-03
  5.600000E-01 -1.769391E-03
  5.610000E-01 -1.493230E-03
  5.620000E-01 -1.234168E-03
  5.630000E-01 -9.987199E-04
  5.640000E-01 -7.923623E-04
  5.650000E-01 -6.194240E-04
  5.660000E-01 -4.830042E-04
  5.670000E-01 -3.849296E-04
  5.680000E-01 -3.257462E-04
  5.690000E-01 -3.047472E-04
  5.700000E-01 -3.200362E-04
  5.710000E-01 -3.686212E-04
  5.720000E-01 -4.465393E-04
  5.730000E-01 -5.490055E-04
  5.740000E-01 -6.705834E-04
  5.750000E-01 -8.053711E-04
  5.760000E-01 -9.471979E-04
  5.770000E-01 -1.089826E-03
  5.780000E-01 -1.227151E-03
  5.790000E-01 -1.353397E-03
  5.800000E-01 -1.463296E-03
  5.810000E-01 -1.552257E-03
  5.820000E-01 -1.616503E-03
  5.830000E-01 -1.653195E-03
  5.840000E-01 -1.660514E-03
  5.850000E-01 -1.637723E-03
  5.860000E-01 -1.585182E-03
  5.870000E-01 -1.504347E-03
  5.880000E-01 -1.397718E-03
  5.890000E-01 -1.268765E-03
  5.900000E-01 -1.121822E-03
  5.910000E-01 -9.619519E-04
  5.920000E-01 -7.947889E-04
  5.930000E-01 -6.263627E-04
  5.940000E-01 -4.629087E-04
  5.950000E-01 -3.106692E-04
  5.960000E-01 -1.756929E-04
  5.970000E-01 -6.363702E-05
  5.980000E-01  2.042058E-05
  5.990000E-01  7.215513E-05
  6.000000E-01  8.814828E-05
  6.010000E-01  6.601657E-05
  6.020000E-01  4.511093E-06
  6.030000E-01 -9.641511E-05
  6.040000E-01 -2.355742E-04
  6.050000E-01 -4.105468E-04
  6.060000E-01 -6.177217E-04
  6.070000E-01 -8.523710E-04
  6.080000E-01 -1.108760E-03
  6.090000E-01 -1.380288E-03
  6.100000E-01 -1.659658E-03
  6.110000E-01 -1.939068E-03
  6.120000E-01 -2.210420E-03
  6.130000E-01 -2.465547E-03
  6.140000E-01 -2.696440E-03
  6.150000E-01 -2.895479E-03
  6.160000E-01 -3.055652E-03
  6.170000E-01 -3.170771E-03
  6.180000E-01 -3.235658E-03
  6.190000E-01 -3.246317E-03
  6.200000E-01 -3.200063E-03
  6.210000E-01 -3.095633E-03
  6.220000E-01 -2.933249E-03
  6.230000E-01 -2.714640E-03
  6.240000E-01 -2.443032E-03
  6.250000E-01 -2.123092E-03
  6.260000E-01 -1.760826E-03
  6.270000E-01 -1.363452E-03
  6.280000E-01 -9.392218E-04
  6.290000E-01 -4.972284E-04
  6.300000E-01 -4.717354E-05
  6.310000E-01  4.008768E-04
  6.320000E-01  8.367530E-04
  6.330000E-01  1.250450E-03
  6.340000E-01  1.632392E-03
  6.350000E-01  1.973695E-03
  6.360000E-01  2.266408E-03
  6.370000E-01  2.503738E-03
  6.380000E-01  2.680242E-03
  6.390000E-01  2.791993E-03
  6.400000E-01  2.836697E-03
  6.410000E-01  2.813778E-03
  6.420000E-01  2.724411E-03
  6.430000E-01  2.571515E-03
  6.440000E-01  2.359690E-03
  6.450000E-01  2.095122E-03
  6.460000E-01  1.785430E-03
  6.470000E-01  1.439485E-03
  6.480000E-01  1.067187E-03
  6.490000E-01  6.792123E-04
  6.500000E-01  2.867452E-04
  6.510000E-01 -9.881731E-05
  6.520000E-01 -4.661623E-04
  6.530000E-01 -8.043605E-04
  6.540000E-01 -1.103159E-03
  6.550000E-01 -1.353257E-03
  6.560000E-01 -1.546563E-03
  6.570000E-01 -1.676419E-03
  6.580000E-01 -1.737790E-03
  6.590000E-01 -1.727412E-03
  6.600000E-01 -1.643900E-03
  6.610000E-01 -1.487799E-03
  6.620000E-01 -1.261595E-03
  6.630000E-01 -9.696679E-04
  6.640000E-01 -6.181987E-04
  6.650000E-01 -2.150303E-04
  6.660000E-01  2.305173E-04
  6.670000E-01  7.078704E-04
  6.680000E-01  1.205458E-03
  6.690000E-01  1.710995E-03
  6.700000E-01  2.211786E-03
  6.710000E-01  2.695041E-03
  6.720000E-01  3.148194E-03
  6.730000E-01  3.559218E-03
  6.740000E-01  3.916928E-03
  6.750000E-01  4.211262E-03
  6.760000E-01  4.433538E-03
  6.770000E-01  4.576678E-03
  6.780000E-01  4.635385E-03
  6.790000E-01  4.606285E-03
  6.800000E-01  4.488018E-03
  6.810000E-01  4.281282E-03
  6.820000E-01  3.988819E-03
  6.830000E-01  3.615362E-03
  6.840000E-01  3.167526E-03
  6.850000E-01  2.653655E-03
  6.860000E-01  2.083629E-03
  6.870000E-01  1.468634E-03
  6.880000E-01  8.208991E-04
  6.890000E-01  1.534141E-04
  6.900000E-01 -5.203740E-04
  6.910000E-01 -1.186871E-03
  6.920000E-01 -1.832648E-03
  6.930000E-01 -2.444749E-03
  6.940000E-01 -3.010979E-03
  6.950000E-01 -3.520181E-03
  6.960000E-01 -3.962480E-03
  6.970000E-01 -4.329492E-03
  6.980000E-01 -4.614503E-03
  6.990000E-01 -4.812600E-03
  7.000000E-01 -4.920760E-03
  7.010000E-01 -4.937902E-03
  7.020000E-01 -4.864874E-03
  7.030000E-01 -4.704418E-03
  7.040000E-01 -4.461075E-03
  7.050000E-01 -4.141058E-03
  7.060000E-01 -3.752082E-03
  7.070000E-01 -3.303175E-03
  7.080000E-01 -2.804444E-03
  7.090000E-01 -2.266839E-03
  7.100000E-01 -1.701890E-03
  7.110000E-01 -1.121443E-03
  7.120000E-01 -5.373877E-04
  7.130000E-01  3.859739E-05
  7.140000E-01  5.953021E-04
  7.150000E-01  1.122217E-03
  7.160000E-01  1.609744E-03
  7.170000E-01  2.049385E-03
  7.180000E-01  2.433896E-03
  7.190000E-01  2.757409E-03
  7.200000E-01  3.015519E-03
  7.210000E-01  3.205338E-03
  7.220000E-01  3.325508E-03
  7.230000E-01  3.376184E-03
  7.240000E-01  3.358976E-03
  7.250000E-01  3.276866E-03
  7.260000E-01  3.134095E-03
  7.270000E-01  2.936023E-03
  7.280000E-01  2.688971E-03
  7.290000E-01  2.400046E-03
  7.300000E-01  2.076954E-03
  7.310000E-01  1.727805E-03
  7.320000E-01  1.360923E-03
  7.330000E-01  9.846478E-04
  7.340000E-01  6.071539E-04
  7.350000E-01  2.362760E-04
  7.360000E-01 -1.206504E-04
  7.370000E-01 -4.569292E-04
  7.380000E-01 -7.666246E-04
  7.390000E-01 -1.044659E-03
  7.400000E-01 -1.286886E-03
  7.410000E-01 -1.490143E-03
  7.420000E-01 -1.652276E-03
  7.430000E-01 -1.772138E-03
  7.440000E-01 -1.849575E-03
  7.450000E-01 -1.885375E-03
  7.460000E-01 -1.881215E-03
  7.470000E-01 -1.839577E-03
  7.480000E-01 -1.763656E-03
  7.490000E-01 -1.657259E-03
  7.500000E-01 -1.524687E-03
  7.510000E-01 -1.370620E-03
  7.520000E-01 -1.199998E-03
  7.530000E-01 -1.017892E-03
  7.540000E-01 -8.293959E-04
  7.550000E-01 -6.395046E-04
  7.560000E-01 -4.530144E-04
  7.570000E-01 -2.744241E-04
  7.580000E-01 -1.078508E-04
  7.590000E-01  4.304402E-05
  7.600000E-01  1.751143E-04
  7.610000E-01  2.857764E-04
  7.620000E-01  3.730415E-04
  7.630000E-01  4.355354E-04
  7.640000E-01  4.725038E-04
  7.650000E-01  4.838058E-04
  7.660000E-01  4.698947E-04
  7.670000E-01  4.317880E-04
  7.680000E-01  3.710276E-04
  7.690000E-01  2.896315E-04
  7.700000E-01  1.900377E-04
  7.710000E-01  7.504247E-05
  7.720000E-01 -5.226575E-05
  7.730000E-01 -1.885761E-04
  7.740000E-01 -3.304266E-04
  7.750000E-01 -4.742757E-04
  7.760000E-01 -6.165739E-04
  7.770000E-01 -7.538323E-04
  7.780000E-01 -8.826893E-04
  7.790000E-01 -9.999726E-04
  7.800000E-01 -1.102757E-03
  7.810000E-01 -1.188416E-03
  7.820000E-01 -1.254667E-03
  7.830000E-01 -1.299613E-03
  7.840000E-01 -1.321771E-03
  7.850000E-01 -1.320098E-03
  7.860000E-01 -1.294007E-03
  7.870000E-01 -1.243378E-03
  7.880000E-01 -1.168555E-03
  7.890000E-01 -1.070341E-03
  7.900000E-01 -9.499839E-04
  7.910000E-01 -8.091533E-04
  7.920000E-01 -6.499107E-04
  7.930000E-01 -4.746741E-04
  7.940000E-01 -2.861757E-04
  7.950000E-01 -8.741388E-05
  7.960000E-01  1.183993E-04
  7.970000E-01  3.278947E-04
  7.980000E-01  5.376064E-04
  7.990000E-01  7.440334E-04
  8.000000E-01  9.437034E-04
  8.010000E-01  1.133236E-03
  8.020000E-01  1.309406E-03
  8.030000E-01  1.469203E-03
  8.040000E-01  1.609888E-03
  8.050000E-01  1.729051E-03
  8.060000E-01  1.824652E-03
  8.070000E-01  1.895067E-03
  8.080000E-01  1.939120E-03
  8.090000E-01  1.956110E-03
  8.100000E-01  1.945826E-03
  8.110000E-01  1.908555E-03
  8.120000E-01  1.845084E-03
  8.130000E-01  1.756681E-03
  8.140000E-01  1.645080E-03
  8.150000E-01  1.512447E-03
  8.160000E-01  1.361340E-03
  8.170000E-01  1.194663E-03
  8.180000E-01  1.015608E-03
  8.190000E-01  8.275961E-04
  8.200000E-01  6.342069E-04
  8.210000E-01  4.391119E-04
  8.220000E-01  2.460001E-04
  8.230000E-01  5.850471E-05
  8.240000E-01 -1.198692E-04
  8.250000E-01 -2.858147E-04
  8.260000E-01 -4.362893E-04
  8.270000E-01 -5.685754E-04
  8.280000E-01 -6.803351E-04
  8.290000E-01 -7.696555E-04
  8.300000E-01 -8.350868E-04
  8.310000E-01 -8.756692E-04
  8.320000E-01 -8.909508E-04
  8.330000E-01 -8.809935E-04
  8.340000E-01 -8.463688E-04
  8.350000E-01 -7.881430E-04
  8.360000E-01 -7.078512E-04
  8.370000E-01 -6.074626E-04
  8.380000E-01 -4.893360E-04
  8.390000E-01 -3.561679E-04
  8.400000E-01 -2.109337E-04
  8.410000E-01 -5.682374E-05
  8.420000E-01  1.028248E-04
  8.430000E-01  2.645982E-04
  8.440000E-01  4.250772E-04
  8.450000E-01  5.809072E-04
  8.460000E-01  7.288662E-04
  8.470000E-01  8.659290E-04
  8.480000E-01  9.893258E-04
  8.490000E-01  1.096595E-03
  8.500000E-01  1.185628E-03
  8.510000E-01  1.254708E-03
  8.520000E-01  1.302533E-03
  8.530000E-01  1.328242E-03
  8.540000E-01  1.331418E-03
  8.550000E-01  1.312092E-03
  8.560000E-01  1.270730E-03
  8.570000E-01  1.208218E-03
  8.580000E-01  1.125837E-03
  8.590000E-01  1.025225E-03
  8.600000E-01  9.083385E-04
  8.610000E-01  7.774099E-04
  8.620000E-01  6.348945E-04
  8.630000E-01  4.834187E-04
  8.640000E-01  3.257256E-04
  8.650000E-01  1.646187E-04
  8.660000E-01  2.907696E-06
  8.670000E-01 -1.566451E-04
  8.680000E-01 -3.113754E-04
  8.690000E-01 -4.587642E-04
  8.700000E-01 -5.964800E-04
  8.710000E-01 -7.224168E-04
  8.720000E-01 -8.347259E-04
  8.730000E-01 -9.318418E-04
  8.740000E-01 -1.012502E-03
  8.750000E-01 -1.075761E-03
  8.760000E-01 -1.120997E-03
  8.770000E-01 -1.147913E-03
  8.780000E-01 -1.156533E-03
  8.790000E-01 -1.147189E-03
  8.800000E-01 -1.120510E-03
  8.810000E-01 -1.077398E-03
  8.820000E-01 -1.019008E-03
  8.830000E-01 -9.467175E-04
  8.840000E-01 -8.620972E-04
  8.850000E-01 -7.668793E-04
  8.860000E-01 -6.629229E-04
  8.870000E-01 -5.521791E-04
  8.880000E-01 -4.366553E-04
  8.890000E-01 -3.183802E-04
  8.900000E-01 -1.993694E-04
  8.910000E-01 -8.159186E-05
  8.920000E-01  3.306180E-05
  8.930000E-01  1.428085E-04
  8.940000E-01  2.460001E-04
  8.950000E-01  3.411471E-04
  8.960000E-01  4.269408E-04
  8.970000E-01  5.022700E-04
  8.980000E-01  5.662365E-04
  8.990000E-01  6.181651E-04
  9.000000E-01  6.576114E-04
  9.010000E-01  6.843645E-04
  9.020000E-01  6.984474E-04
  9.030000E-01  7.001124E-04
  9.040000E-01  6.898338E-04
  9.050000E-01  6.682966E-04
  9.060000E-01  6.363818E-04
  9.070000E-01  5.951488E-04
  9.080000E-01  5.458145E-04
  9.090000E-01  4.897299E-04
  9.100000E-01  4.283539E-04
  9.110000E-01  3.632256E-04
  9.120000E-01  2.959343E-04
  9.130000E-01  2.280889E-04
  9.140000E-01  1.612858E-04
  9.150000E-01  9.707765E-05
  9.160000E-01  3.694182E-05
  9.170000E-01 -1.775011E-05
  9.180000E-01 -6.576090E-05
  9.190000E-01 -1.060142E-04
  9.200000E-01 -1.376180E-04
  9.210000E-01 -1.598853E-04
  9.220000E-01 -1.723495E-04
  9.230000E-01 -1.747771E-04
  9.240000E-01 -1.671743E-04
  9.250000E-01 -1.497886E-04
  9.260000E-01 -1.231061E-04
  9.270000E-01 -8.784227E-05
  9.280000E-01 -4.492798E-05
  9.290000E-01  4.509502E-06
  9.300000E-01  5.917065E-05
  9.310000E-01  1.176120E-04
  9.320000E-01  1.782785E-04
  9.330000E-01  2.395389E-04
  9.340000E-01  2.997237E-04
  9.350000E-01  3.571648E-04
  9.360000E-01  4.102357E-04
  9.370000E-01  4.573919E-04
  9.380000E-01  4.972093E-04
  9.390000E-01  5.284212E-04
  9.400000E-01  5.499521E-04
  9.410000E-01  5.609463E-04
  9.420000E-01  5.607933E-04
  9.430000E-01  5.491457E-04
  9.440000E-01  5.259322E-04
  9.450000E-01  4.913631E-04
  9.460000E-01  4.459291E-04
  9.470000E-01  3.903923E-04
  9.480000E-01  3.257714E-04
  9.490000E-01  2.533189E-04
  9.500000E-01  1.744924E-04
  9.510000E-01  9.092074E-05
  9.520000E-01  4.364794E-06
  9.530000E-01 -8.332564E-05
  9.540000E-01 -1.702574E-04
  9.550000E-01 -2.545414E-04
  9.560000E-01 -3.343403E-04
  9.570000E-01 -4.079153E-04
  9.580000E-01 -4.736711E-04
  9.590000E-01 -5.301967E-04
  9.600000E-01 -5.763030E-04
  9.610000E-01 -6.110532E-04
  9.620000E-01 -6.337886E-04
  9.630000E-01 -6.441457E-04
  9.640000E-01 -6.420669E-04
  9.650000E-01 -6.278019E-04
  9.660000E-01 -6.019023E-04
  9.670000E-01 -5.652074E-04
  9.680000E-01 -5.188219E-04
  9.690000E-01 -4.640877E-04
  9.700000E-01 -4.025476E-04
  9.710000E-01 -3.359051E-04
  9.720000E-01 -2.659780E-04
  9.730000E-01 -1.946505E-04
  9.740000E-01 -1.238218E-04
  9.750000E-01 -5.535476E-05
  9.760000E-01  8.974397E-06
  9.770000E-01  6.752499E-05
  9.780000E-01  1.188367E-04
  9.790000E-01  1.616702E-04
  9.800000E-01  1.950412E-04
  9.810000E-01  2.182484E-04
  9.820000E-01  2.308935E-04
  9.830000E-01  2.328928E-04
  9.840000E-01  2.244802E-04
  9.850000E-01  2.062015E-04
  9.860000E-01  1.789000E-04
  9.870000E-01  1.436933E-04
  9.880000E-01  1.019432E-04
  9.890000E-01  5.521695E-05
  9.900000E-01  5.244337E-06
  9.910000E-01 -4.613184E-05
  9.920000E-01 -9.700796E-05
  9.930000E-01 -1.454745E-04
  9.940000E-01 -1.896714E-04
  9.950000E-01 -2.278433E-04
  9.960000E-01 -2.583918E-04
  9.970000E-01 -2.799248E-04
  9.980000E-01 -2.913003E-04
  9.990000E-01 -2.916642E-04
  1.000000E+00 -2.804806E-04
  1.001000E+00 -2.575537E-04
  1.002000E+00 -2.230405E-04
  1.003000E+00 -1.774550E-04
  1.004000E+00 -1.216610E-04
  1.005000E+00 -5.685663E-05
  1.006000E+00  1.545103E-05
  1.007000E+00  9.348042E-05
  1.008000E+00  1.752177E-04
  1.009000E+00  2.584664E-04
  1.010000E+00  3.409025E-04
  1.011000E+00  4.201344E-04
  1.012000E+00  4.937660E-04
  1.013000E+00  5.594608E-04
  1.014000E+00  6.150060E-04
  1.015000E+00  6.583747E-04
  1.016000E+00  6.877841E-04
  1.017000E+00  7.017495E-04
  1.018000E+00  6.991300E-04
  1.019000E+00  6.791679E-04
  1.020000E+00  6.415179E-04
  1.021000E+00  5.862668E-04
  1.022000E+00  5.139422E-04
  1.023000E+00  4.255103E-04
  1.024000E+00  3.223629E-04
  1.025000E+00  2.062928E-04
  1.026000E+00  7.945916E-05
  1.027000E+00 -5.565647E-05
  1.028000E+00 -1.963037E-04
  1.029000E+00 -3.395236E-04
  1.030000E+00 -4.822154E-04
  1.031000E+00 -6.212073E-04
  1.032000E+00 -7.533304E-04
  1.033000E+00 -8.754934E-04
  1.034000E+00 -9.847560E-04
  1.035000E+00 -1.078401E-03
  1.036000E+00 -1.153999E-03
  1.037000E+00 -1.209473E-03
  1.038000E+00 -1.243146E-03
  1.039000E+00 -1.253790E-03
  1.040000E+00 -1.240659E-03
  1.041000E+00 -1.203511E-03
  1.042000E+00 -1.142621E-03
  1.043000E+00 -1.058781E-03
  1.044000E+00 -9.532880E-04
  1.045000E+00 -8.279215E-04
  1.046000E+00 -6.849067E-04
  1.047000E+00 -5.268706E-04
  1.048000E+00 -3.567874E-04
  1.049000E+00 -1.779152E-04
  1.050000E+00  6.273453E-06
  1.051000E+00  1.921665E-04
  1.052000E+00  3.760906E-04
  1.053000E+00  5.543912E-04
  1.054000E+00  7.235125E-04
  1.055000E+00  8.800755E-04
  1.056000E+00  1.020952E-03
  1.057000E+00  1.143333E-03
  1.058000E+00  1.244791E-03
  1.059000E+00  1.323334E-03
  1.060000E+00  1.377445E-03
  1.061000E+00  1.406121E-03
  1.062000E+00  1.408889E-03
  1.063000E+00  1.385820E-03
  1.064000E+00  1.337522E-03
  1.065000E+00  1.265129E-03
  1.066000E+00  1.170274E-03
  1.067000E+00  1.055049E-03
  1.068000E+00  9.219617E-04
  1.069000E+00  7.738752E-04
  1.070000E+00  6.139445E-04
  1.071000E+00  4.455458E-04
  1.072000E+00  2.722000E-04
  1.073000E+00  9.749417E-05
  1.074000E+00 -7.499885E-05
  1.075000E+00 -2.417999E-04
  1.076000E+00 -3.996009E-04
  1.077000E+00 -5.453378E-04
  1.078000E+00 -6.762578E-04
  1.079000E+00 -7.899791E-04
  1.080000E+00 -8.845425E-04
  1.081000E+00 -9.584518E-04
  1.082000E+00 -1.010705E-03
  1.083000E+00 -1.040812E-03
  1.084000E+00 -1.048803E-03
  1.085000E+00 -1.035220E-03
  1.086000E+00 -1.001105E-03
  1.087000E+00 -9.479646E-04
  1.088000E+00 -8.777347E-04
  1.089000E+00 -7.927291E-04
  1.090000E+00 -6.955809E-04
  1.091000E+00 -5.891773E-04
  1.092000E+00 -4.765874E-04
  1.093000E+00 -3.609868E-04
  1.094000E+00 -2.455796E-04
  1.095000E+00 -1.335206E-04
  1.096000E+00 -2.783810E-05
  1.097000E+00  6.863872E-05
  1.098000E+00  1.533481E-04
  1.099000E+00  2.240568E-04
  1.100000E+00  2.789130E-04
  1.101000E+00  3.164898E-04
  1.102000E+00  3.358178E-04
  1.103000E+00  3.364071E-04
  1.104000E+00  3.182568E-04
  1.105000E+00  2.818533E-04
  1.106000E+00  2.281562E-04
  1.107000E+00  1.585731E-04
  1.108000E+00  7.492371E-05
  1.109000E+00 -2.060603E-05
  1.110000E+00 -1.255185E-04
  1.111000E+00 -2.370661E-04
  1.112000E+00 -3.523190E-04
  1.113000E+00 -4.682370E-04
  1.114000E+00 -5.817433E-04
  1.115000E+00 -6.898001E-04
  1.116000E+00 -7.894815E-04
  1.117000E+00 -8.780447E-04
  1.118000E+00 -9.529960E-04
  1.119000E+00 -1.012150E-03
  1.120000E+00 -1.053684E-03
  1.121000E+00 -1.076178E-03
  1.122000E+00 -1.078649E-03
  1.123000E+00 -1.060577E-03
  1.124000E+00 -1.021912E-03
  1.125000E+00 -9.630766E-04
  1.126000E+00 -8.849562E-04
  1.127000E+00 -7.888740E-04
  1.128000E+00 -6.765605E-04
  1.129000E+00 -5.501113E-04
  1.130000E+00 -4.119371E-04
  1.131000E+00 -2.647058E-04
  1.132000E+00 -1.112797E-04
  1.133000E+00  4.535155E-05
  1.134000E+00  2.021407E-04
  1.135000E+00  3.560532E-04
  1.136000E+00  5.041365E-04
  1.137000E+00  6.435864E-04
  1.138000E+00  7.718103E-04
  1.139000E+00  8.864827E-04
  1.140000E+00  9.855962E-04
  1.141000E+00  1.067502E-03
  1.142000E+00  1.130944E-03
  1.143000E+00  1.175079E-03
  1.144000E+00  1.199494E-03
  1.145000E+00  1.204203E-03
  1.146000E+00  1.189645E-03
  1.147000E+00  1.156665E-03
  1.148000E+00  1.106483E-03
  1.149000E+00  1.040667E-03
  1.150000E+00  9.610810E-04
  1.151000E+00  8.698443E-04
  1.152000E+00  7.692718E-04
  1.153000E+00  6.618176E-04
  1.154000E+00  5.500153E-04
  1.155000E+00  4.364160E-04
  1.156000E+00  3.235287E-04
  1.157000E+00  2.137620E-04
  1.158000E+00  1.093694E-04
  1.159000E+00  1.240050E-05
  1.160000E+00 -7.534326E-05
  1.161000E+00 -1.523444E-04
  1.162000E+00 -2.173982E-04
  1.163000E+00 -2.696327E-04
  1.164000E+00 -3.085206E-04
  1.165000E+00 -3.338810E-04
  1.166000E+00 -3.458742E-04
  1.167000E+00 -3.449866E-04
  1.168000E+00 -3.320082E-04
  1.169000E+00 -3.080038E-04
  1.170000E+00 -2.742765E-04
  1.171000E+00 -2.323274E-04
  1.172000E+00 -1.838107E-04
  1.173000E+00 -1.304857E-04
  1.174000E+00 -7.416854E-05
  1.175000E+00 -1.668219E-05
  1.176000E+00  4.019104E-05
  1.177000E+00  9.475546E-05
  1.178000E+00  1.454443E-04
  1.179000E+00  1.908573E-04
  1.180000E+00  2.297936E-04
  1.181000E+00  2.612777E-04
  1.182000E+00  2.845794E-04
  1.183000E+00  2.992270E-04
  1.184000E+00  3.050128E-04
  1.185000E+00  3.019921E-04
  1.186000E+00  2.904747E-04
  1.187000E+00  2.710110E-04
  1.188000E+00  2.443710E-04
  1.189000E+00  2.115186E-04
  1.190000E+00  1.735815E-04
  1.191000E+00  1.318176E-04
  1.192000E+00  8.757816E-05
  1.193000E+00  4.227027E-05
  1.194000E+00 -2.681937E-06
  1.195000E+00 -4.587530E-05
  1.196000E+00 -8.596432E-05
  1.197000E+00 -1.216955E-04
  1.198000E+00 -1.519384E-04
  1.199000E+00 -1.757132E-04
  1.200000E+00 -1.922134E-04
  1.201000E+00 -2.008236E-04
  1.202000E+00 -2.011321E-04
  1.203000E+00 -1.929380E-04
  1.204000E+00 -1.762530E-04
  1.205000E+00 -1.512967E-04
  1.206000E+00 -1.184883E-04
  1.207000E+00 -7.843186E-05
  1.208000E+00 -3.189816E-05
  1.209000E+00  2.019775E-05
  1.210000E+00  7.682196E-05
  1.211000E+00  1.368496E-04
  1.212000E+00  1.990945E-04
  1.213000E+00  2.623392E-04
  1.214000E+00  3.253662E-04
  1.215000E+00  3.869866E-04
  1.216000E+00  4.460695E-04
  1.217000E+00  5.015672E-04
  1.218000E+00  5.525393E-04
  1.219000E+00  5.981724E-04
  1.220000E+00  6.377964E-04
  1.221000E+00  6.708972E-04
  1.222000E+00  6.971245E-04
  1.223000E+00  7.162959E-04
  1.224000E+00  7.283958E-04
  1.225000E+00  7.335710E-04
  1.226000E+00  7.321221E-04
  1.227000E+00  7.244905E-04
  1.228000E+00  7.112435E-04
  1.229000E+00  6.930552E-04
  1.230000E+00  6.706867E-04
  1.231000E+00  6.449634E-04
  1.232000E+00  6.167521E-04
  1.233000E+00  5.869374E-04
  1.234000E+00  5.563984E-04
  1.235000E+00  5.259865E-04
  1.236000E+00  4.965041E-04
  1.237000E+00  4.686858E-04
  1.238000E+00  4.431819E-04
  1.239000E+00  4.205440E-04
  1.240000E+00  4.012150E-04
  1.241000E+00  3.855208E-04
  1.242000E+00  3.736667E-04
  1.243000E+00  3.657366E-04
  1.244000E+00  3.616956E-04
  1.245000E+00  3.613955E-04
  1.246000E+00  3.645837E-04
  1.247000E+00  3.709144E-04
  1.248000E+00  3.799615E-04
  1.249000E+00  3.912343E-04
  1.250000E+00  4.041936E-04
  1.251000E+00  4.182689E-04
  1.252000E+00  4.328759E-04
  1.253000E+00  4.474342E-04
  1.254000E+00  4.613837E-04
  1.255000E+00  4.742008E-04
  1.256000E+00  4.854123E-04
  1.257000E+00  4.946082E-04
  1.258000E+00  5.014523E-04
  1.259000E+00  5.056903E-04
  1.260000E+00  5.071561E-04
  1.261000E+00  5.057750E-04
  1.262000E+00  5.015652E-04
  1.263000E+00  4.946359E-04
  1.264000E+00  4.851842E-04
  1.265000E+00  4.734890E-04
  1.266000E+00  4.599036E-04
  1.267000E+00  4.448458E-04
  1.268000E+00  4.287871E-04
  1.269000E+00  4.122407E-04
  1.270000E+00  3.957484E-04
  1.271000E+00  3.798666E-04
  1.272000E+00  3.651531E-04
  1.273000E+00  3.521528E-04
  1.274000E+00  3.413845E-04
  1.275000E+00  3.333279E-04
  1.276000E+00  3.284123E-04
  1.277000E+00  3.270052E-04
  1.278000E+00  3.294036E-04
  1.279000E+00  3.358259E-04
  1.280000E+00  3.464061E-04
  1.281000E+00  3.611895E-04
  1.282000E+00  3.801306E-04
  1.283000E+00  4.030924E-04
  1.284000E+00  4.298483E-04
  1.285000E+00  4.600854E-04
  1.286000E+00  4.934098E-04
  1.287000E+00  5.293536E-04
  1.288000E+00  5.673834E-04
  1.289000E+00  6.069101E-04
  1.290000E+00  6.473001E-04
  1.291000E+00  6.878873E-04
  1.292000E+00  7.279857E-04
  1.293000E+00  7.669028E-04
  1.294000E+00  8.039531E-04
  1.295000E+00  8.384715E-04
  1.296000E+00  8.698261E-04
  1.297000E+00  8.974314E-04
  1.298000E+00  9.207597E-04
  1.299000E+00  9.393521E-04
  1.300000E+00  9.528281E-04
  1.301000E+00  9.608935E-04
  1.302000E+00  9.633474E-04
  1.303000E+00  9.600866E-04
  1.304000E+00  9.511090E-04
  1.305000E+00  9.365141E-04
  1.306000E+00  9.165022E-04
  1.307000E+00  8.913715E-04
  1.308000E+00  8.615126E-04
  1.309000E+00  8.274017E-04
  1.310000E+00  7.895915E-04
  1.311000E+00  7.487006E-04
  1.312000E+00  7.054014E-04
  1.313000E+00  6.604065E-04
  1.314000E+00  6.144544E-04
  1.315000E+00  5.682940E-04
  1.316000E+00  5.226697E-04
  1.317000E+00  4.783050E-04
  1.318000E+00  4.358880E-04
  1.319000E+00  3.960564E-04
  1.320000E+00  3.593845E-04
  1.321000E+00  3.263706E-04
  1.322000E+00  2.974272E-04
  1.323000E+00  2.728723E-04
  1.324000E+00  2.529235E-04
  1.325000E+00  2.376939E-04
  1.326000E+00  2.271911E-04
  1.327000E+00  2.213183E-04
  1.328000E+00  2.198776E-04
  1.329000E+00  2.225767E-04
  1.330000E+00  2.290372E-04
  1.331000E+00  2.388050E-04
  1.332000E+00  2.513625E-04
  1.333000E+00  2.661432E-04
  1.334000E+00  2.825464E-04
  1.335000E+00  2.999532E-04
  1.336000E+00  3.177432E-04
  1.337000E+00  3.353107E-04
  1.338000E+00  3.520809E-04
  1.339000E+00  3.675247E-04
  1.340000E+00  3.811727E-04
  1.341000E+00  3.926270E-04
  1.342000E+00  4.015716E-04
  1.343000E+00  4.077801E-04
  1.344000E+00  4.111203E-04
  1.345000E+00  4.115573E-04
  1.346000E+00  4.091525E-04
  1.347000E+00  4.040603E-04
  1.348000E+00  3.965221E-04
  1.349000E+00  3.868572E-04
  1.350000E+00  3.754516E-04
  1.351000E+00  3.627445E-04
  1.352000E+00  3.492128E-04
  1.353000E+00  3.353543E-04
  1.354000E+00  3.216705E-04
  1.355000E+00  3.086481E-04
  1.356000E+00  2.967414E-04
  1.357000E+00  2.863551E-04
  1.358000E+00  2.778282E-04
  1.359000E+00  2.714201E-04
  1.360000E+00  2.672988E-04
  1.361000E+00  2.655316E-04
  1.362000E+00  2.660790E-04
  1.363000E+00  2.687922E-04
  1.364000E+00  2.734134E-04
  1.365000E+00  2.795805E-04
  1.366000E+00  2.868346E-04
  1.367000E+00  2.946314E-04
  1.368000E+00  3.023550E-04
  1.369000E+00  3.093354E-04
  1.370000E+00  3.148673E-04
  1.371000E+00  3.182314E-04
  1.372000E+00  3.187169E-04
  1.373000E+00  3.156436E-04
  1.374000E+00  3.083854E-04
  1.375000E+00  2.963913E-04
  1.376000E+00  2.792067E-04
  1.377000E+00  2.564908E-04
  1.378000E+00  2.280324E-04
  1.379000E+00  1.937623E-04
  1.380000E+00  1.537615E-04
  1.381000E+00  1.082657E-04
  1.382000E+00  5.766550E-05
  1.383000E+00  2.502006E-06
  1.384000E+00 -5.654164E-05
  1.385000E+00 -1.186532E-04
  1.386000E+00 -1.829083E-04
  1.387000E+00 -2.482904E-04
  1.388000E+00 -3.137146E-04
  1.389000E+00 -3.780530E-04
  1.390000E+00 -4.401628E-04
  1.391000E+00 -4.989145E-04
  1.392000E+00 -5.532205E-04
  1.393000E+00 -6.020642E-04
  1.394000E+00 -6.445258E-04
  1.395000E+00 -6.798081E-04
  1.396000E+00 -7.072582E-04
  1.397000E+00 -7.263857E-04
  1.398000E+00 -7.368782E-04
  1.399000E+00 -7.386109E-04
  1.400000E+00 -7.316523E-04
  1.401000E+00 -7.162649E-04
  1.402000E+00 -6.929007E-04
  1.403000E+00 -6.621921E-04
  1.404000E+00 -6.249376E-04
  1.405000E+00 -5.820834E-04
  1.406000E+00 -5.347013E-04
  1.407000E+00 -4.839627E-04
  1.408000E+00 -4.311100E-04
  1.409000E+00 -3.774264E-04
  1.410000E+00 -3.242040E-04
  1.411000E+00 -2.727114E-04
  1.412000E+00 -2.241622E-04
  1.413000E+00 -1.796845E-04
  1.414000E+00 -1.402923E-04
  1.415000E+00 -1.068603E-04
  1.416000E+00 -8.010181E-05
  1.417000E+00 -6.055099E-05
  1.418000E+00 -4.855002E-05
  1.419000E+00 -4.424103E-05
  1.420000E+00 -4.756368E-05
  1.421000E+00 -5.825796E-05
  1.422000E+00 -7.587252E-05
  1.423000E+00 -9.977813E-05
  1.424000E+00 -1.291860E-04
  1.425000E+00 -1.631704E-04
  1.426000E+00 -2.006951E-04
  1.427000E+00 -2.406426E-04
  1.428000E+00 -2.818459E-04
  1.429000E+00 -3.231211E-04
  1.430000E+00 -3.633005E-04
  1.431000E+00 -4.012656E-04
  1.432000E+00 -4.359777E-04
  1.433000E+00 -4.665073E-04
  1.434000E+00 -4.920594E-04
  1.435000E+00 -5.119953E-04
  1.436000E+00 -5.258501E-04
  1.437000E+00 -5.333454E-04
  1.438000E+00 -5.343962E-04
  1.439000E+00 -5.291131E-04
  1.440000E+00 -5.177985E-04
  1.441000E+00 -5.009376E-04
  1.442000E+00 -4.791846E-04
  1.443000E+00 -4.533439E-04
  1.444000E+00 -4.243472E-04
  1.445000E+00 -3.932268E-04
  1.446000E+00 -3.610870E-04
  1.447000E+00 -3.290719E-04
  1.448000E+00 -2.983340E-04
  1.449000E+00 -2.700005E-04
  1.450000E+00 -2.451422E-04
  1.451000E+00 -2.247421E-04
  1.452000E+00 -2.096678E-04
  1.453000E+00 -2.006462E-04
  1.454000E+00 -1.982426E-04
  1.455000E+00 -2.028435E-04
  1.456000E+00 -2.146450E-04
  1.457000E+00 -2.336460E-04
  1.458000E+00 -2.596472E-04
  1.459000E+00 -2.922549E-04
  1.460000E+00 -3.308907E-04
  1.461000E+00 -3.748061E-04
  1.462000E+00 -4.231012E-04
  1.463000E+00 -4.747487E-04
  1.464000E+00 -5.286198E-04
  1.465000E+00 -5.835145E-04
  1.466000E+00 -6.381926E-04
  1.467000E+00 -6.914064E-04
  1.468000E+00 -7.419334E-04
  1.469000E+00 -7.886088E-04
  1.470000E+00 -8.303558E-04
  1.471000E+00 -8.662139E-04
  1.472000E+00 -8.953644E-04
  1.473000E+00 -9.171518E-04
  1.474000E+00 -9.311008E-04
  1.475000E+00 -9.369286E-04
  1.476000E+00 -9.345526E-04
  1.477000E+00 -9.240917E-04
  1.478000E+00 -9.058634E-04
  1.479000E+00 -8.803747E-04
  1.480000E+00 -8.483088E-04
  1.481000E+00 -8.105063E-04
  1.482000E+00 -7.679429E-04
  1.483000E+00 -7.217032E-04
  1.484000E+00 -6.729520E-04
  1.485000E+00 -6.229032E-04
  1.486000E+00 -5.727878E-04
  1.487000E+00 -5.238219E-04
  1.488000E+00 -4.771748E-04
  1.489000E+00 -4.339392E-04
  1.490000E+00 -3.951035E-04
  1.491000E+00 -3.615271E-04
  1.492000E+00 -3.339196E-04
  1.493000E+00 -3.128242E-04
  1.494000E+00 -2.986058E-04
  1.495000E+00 -2.914444E-04
  1.496000E+00 -2.913325E-04
  1.497000E+00 -2.980789E-04
  1.498000E+00 -3.113165E-04
  1.499000E+00 -3.305146E-04
  1.500000E+00 -3.549962E-04
  1.501000E+00 -3.839579E-04
  1.502000E+00 -4.164938E-04
  1.503000E+00 -4.516207E-04
  1.504000E+00 -4.883058E-04
  1.505000E+00 -5.254946E-04
  1.506000E+00 -5.621396E-04
  1.507000E+00 -5.972272E-04
  1.508000E+00 -6.298044E-04
  1.509000E+00 -6.590026E-04
  1.510000E+00 -6.840589E-04
  1.511000E+00 -7.043344E-04
  1.512000E+00 -7.193283E-04
  1.513000E+00 -7.286888E-04
  1.514000E+00 -7.322192E-04
  1.515000E+00 -7.298794E-04
  1.516000E+00 -7.217845E-04
  1.517000E+00 -7.081974E-04
  1.518000E+00 -6.895192E-04
  1.519000E+00 -6.662749E-04
  1.520000E+00 -6.390970E-04
  1.521000E+00 -6.087056E-04
  1.522000E+00 -5.758871E-04
  1.523000E+00 -5.414717E-04
  1.524000E+00 -5.063099E-04
  1.525000E+00 -4.712492E-04
  1.526000E+00 -4.371113E-04
  1.527000E+00 -4.046706E-04
  1.528000E+00 -3.746350E-04
  1.529000E+00 -3.476284E-04
  1.530000E+00 -3.241763E-04
  1.531000E+00 -3.046952E-04
  1.532000E+00 -2.894841E-04
  1.533000E+00 -2.787212E-04
  1.534000E+00 -2.724625E-04
  1.535000E+00 -2.706459E-04
  1.536000E+00 -2.730966E-04
  1.537000E+00 -2.795376E-04
  1.538000E+00 -2.896016E-04
  1.539000E+00 -3.028460E-04
  1.540000E+00 -3.187695E-04
  1.541000E+00 -3.368301E-04
  1.542000E+00 -3.564638E-04
  1.543000E+00 -3.771040E-04
  1.544000E+00 -3.981996E-04
  1.545000E+00 -4.192331E-04
  1.546000E+00 -4.397365E-04
  1.547000E+00 -4.593060E-04
  1.548000E+00 -4.776136E-04
  1.549000E+00 -4.944164E-04
  1.550000E+00 -5.095631E-04
  1.551000E+00 -5.229969E-04
  1.552000E+00 -5.347556E-04
  1.553000E+00 -5.449681E-04
  1.554000E+00 -5.538483E-04
  1.555000E+00 -5.616859E-04
  1.556000E+00 -5.688343E-04
  1.557000E+00 -5.756969E-04
  1.558000E+00 -5.827112E-04
  1.559000E+00 -5.903317E-04
  1.560000E+00 -5.990121E-04
  1.561000E+00 -6.091868E-04
  1.562000E+00 -6.212538E-04
  1.563000E+00 -6.355568E-04
  1.564000E+00 -6.523704E-04
  1.565000E+00 -6.718859E-04
  1.566000E+00 -6.941998E-04
  1.567000E+00 -7.193057E-04
  1.568000E+00 -7.470878E-04
  1.569000E+00 -7.773188E-04
  1.570000E+00 -8.096608E-04
  1.571000E+00 -8.436689E-04
  1.572000E+00 -8.787992E-04
  1.573000E+00 -9.144188E-04
  1.574000E+00 -9.498194E-04
  1.575000E+00 -9.842327E-04
  1.576000E+00 -1.016849E-03
  1.577000E+00 -1.046836E-03
  1.578000E+00 -1.073360E-03
  1.579000E+00 -1.095606E-03
  1.580000E+00 -1.112802E-03
  1.581000E+00 -1.124236E-03
  1.582000E+00 -1.129278E-03
  1.583000E+00 -1.127399E-03
  1.584000E+00 -1.118184E-03
  1.585000E+00 -1.101351E-03
  1.586000E+00 -1.076757E-03
  1.587000E+00 -1.044407E-03
  1.588000E+00 -1.004462E-03
  1.589000E+00 -9.572361E-04
  1.590000E+00 -9.031942E-04
  1.591000E+00 -8.429476E-04
  1.592000E+00 -7.772434E-04
  1.593000E+00 -7.069512E-04
  1.594000E+00 -6.330477E-04
  1.595000E+00 -5.565979E-04
  1.596000E+00 -4.787342E-04
  1.597000E+00 -4.006339E-04
  1.598000E+00 -3.234954E-04
  1.599000E+00 -2.485135E-04
  1.600000E+00 -1.768549E-04
  1.601000E+00 -1.096339E-04
  1.602000E+00 -4.788949E-05
  1.603000E+00  7.436967E-06
  1.604000E+00  5.552081E-05
  1.605000E+00  9.567159E-05
  1.606000E+00  1.273474E-04
  1.607000E+00  1.501661E-04
  1.608000E+00  1.639131E-04
  1.609000E+00  1.685460E-04
  1.610000E+00  1.641946E-04
  1.611000E+00  1.511587E-04
  1.612000E+00  1.299010E-04
  1.613000E+00  1.010370E-04
  1.614000E+00  6.532251E-05
  1.615000E+00  2.363673E-05
  1.616000E+00 -2.303589E-05
  1.617000E+00 -7.362668E-05
  1.618000E+00 -1.270052E-04
  1.619000E+00 -1.820027E-04
  1.620000E+00 -2.374368E-04
  1.621000E+00 -2.921354E-04
  1.622000E+00 -3.449610E-04
  1.623000E+00 -3.948332E-04
  1.624000E+00 -4.407509E-04
  1.625000E+00 -4.818109E-04
  1.626000E+00 -5.172256E-04
  1.627000E+00 -5.463373E-04
  1.628000E+00 -5.686294E-04
  1.629000E+00 -5.837346E-04
  1.630000E+00 -5.914393E-04
  1.631000E+00 -5.916848E-04
  1.632000E+00 -5.845651E-04
  1.633000E+00 -5.703207E-04
  1.634000E+00 -5.493300E-04
  1.635000E+00 -5.220974E-04
  1.636000E+00 -4.892385E-04
  1.637000E+00 -4.514635E-04
  1.638000E+00 -4.095591E-04
  1.639000E+00 -3.643679E-04
  1.640000E+00 -3.167688E-04
  1.641000E+00 -2.676554E-04
  1.642000E+00 -2.179155E-04
  1.643000E+00 -1.684114E-04
  1.644000E+00 -1.199612E-04
  1.645000E+00 -7.332110E-05
  1.646000E+00 -2.917111E-05
  1.647000E+00  1.189836E-05
  1.648000E+00  4.939649E-05
  1.649000E+00  8.293960E-05
  1.650000E+00  1.122557E-04
  1.651000E+00  1.371865E-04
  1.652000E+00  1.576858E-04
  1.653000E+00  1.738162E-04
  1.654000E+00  1.857426E-04
  1.655000E+00  1.937235E-04
  1.656000E+00  1.981003E-04
  1.657000E+00  1.992851E-04
  1.658000E+00  1.977471E-04
  1.659000E+00  1.939983E-04
  1.660000E+00  1.885782E-04
  1.661000E+00  1.820391E-04
  1.662000E+00  1.749311E-04
  1.663000E+00  1.677883E-04
  1.664000E+00  1.611155E-04
  1.665000E+00  1.553769E-04
  1.666000E+00  1.509853E-04
  1.667000E+00  1.482938E-04
  1.668000E+00  1.475897E-04
  1.669000E+00  1.490891E-04
  1.670000E+00  1.529346E-04
  1.671000E+00  1.591948E-04
  1.672000E+00  1.678650E-04
  1.673000E+00  1.788706E-04
  1.674000E+00  1.920715E-04
  1.675000E+00  2.072683E-04
  1.676000E+00  2.242099E-04
  1.677000E+00  2.426016E-04
  1.678000E+00  2.621147E-04
  1.679000E+00  2.823958E-04
  1.680000E+00  3.030776E-04
  1.681000E+00  3.237882E-04
  1.682000E+00  3.441616E-04
  1.683000E+00  3.638465E-04
  1.684000E+00  3.825152E-04
  1.685000E+00  3.998714E-04
  1.686000E+00  4.156562E-04
  1.687000E+00  4.296537E-04
  1.688000E+00  4.416948E-04
  1.689000E+00  4.516595E-04
  1.690000E+00  4.594775E-04
  1.691000E+00  4.651281E-04
  1.692000E+00  4.686379E-04
  1.693000E+00  4.700769E-04
  1.694000E+00  4.695551E-04
  1.695000E+00  4.672156E-04
  1.696000E+00  4.632294E-04
  1.697000E+00  4.577878E-04
  1.698000E+00  4.510956E-04
  1.699000E+00  4.433636E-04
  1.700000E+00  4.348015E-04
  1.701000E+00  4.256116E-04
  1.702000E+00  4.159823E-04
  1.703000E+00  4.060833E-04
  1.704000E+00  3.960614E-04
  1.705000E+00  3.860371E-04
  1.706000E+00  3.761032E-04
  1.707000E+00  3.663239E-04
  1.708000E+00  3.567352E-04
  1.709000E+00  3.473470E-04
  1.710000E+00  3.381458E-04
  1.711000E+00  3.290983E-04
  1.712000E+00  3.201558E-04
  1.713000E+00  3.112596E-04
  1.714000E+00  3.023462E-04
  1.715000E+00  2.933526E-04
  1.716000E+00  2.842225E-04
  1.717000E+00  2.749106E-04
  1.718000E+00  2.653878E-04
  1.719000E+00  2.556451E-04
  1.720000E+00  2.456964E-04
  1.721000E+00  2.355809E-04
  1.722000E+00  2.253642E-04
  1.723000E+00  2.151377E-04
  1.724000E+00  2.050181E-04
  1.725000E+00  1.951447E-04
  1.726000E+00  1.856759E-04
  1.727000E+00  1.767853E-04
  1.728000E+00  1.686563E-04
  1.729000E+00  1.614767E-04
  1.730000E+00  1.554324E-04
  1.731000E+00  1.507009E-04
  1.732000E+00  1.474452E-04
  1.733000E+00  1.458078E-04
  1.734000E+00  1.459041E-04
  1.735000E+00  1.478185E-04
  1.736000E+00  1.515989E-04
  1.737000E+00  1.572541E-04
  1.738000E+00  1.647514E-04
  1.739000E+00  1.740152E-04
  1.740000E+00  1.849277E-04
  1.741000E+00  1.973300E-04
  1.742000E+00  2.110250E-04
  1.743000E+00  2.257813E-04
  1.744000E+00  2.413386E-04
  1.745000E+00  2.574134E-04
  1.746000E+00  2.737060E-04
  1.747000E+00  2.899087E-04
  1.748000E+00  3.057132E-04
  1.749000E+00  3.208191E-04
  1.750000E+00  3.349426E-04
  1.751000E+00  3.478242E-04
  1.752000E+00  3.592367E-04
  1.753000E+00  3.689916E-04
  1.754000E+00  3.769452E-04
  1.755000E+00  3.830038E-04
  1.756000E+00  3.871267E-04
  1.757000E+00  3.893283E-04
  1.758000E+00  3.896789E-04
  1.759000E+00  3.883037E-04
  1.760000E+00  3.853801E-04
  1.761000E+00  3.811336E-04
  1.762000E+00  3.758330E-04
  1.763000E+00  3.697835E-04
  1.764000E+00  3.633190E-04
  1.765000E+00  3.567945E-04
  1.766000E+00  3.505763E-04
  1.767000E+00  3.450331E-04
  1.768000E+00  3.405264E-04
  1.769000E+00  3.374015E-04
  1.770000E+00  3.359776E-04
  1.771000E+00  3.365400E-04
  1.772000E+00  3.393321E-04
  1.773000E+00  3.445481E-04
  1.774000E+00  3.523277E-04
  1.775000E+00  3.627511E-04
  1.776000E+00  3.758360E-04
  1.777000E+00  3.915354E-04
  1.778000E+00  4.097376E-04
  1.779000E+00  4.302670E-04
  1.780000E+00  4.528867E-04
  1.781000E+00  4.773022E-04
  1.782000E+00  5.031670E-04
  1.783000E+00  5.300885E-04
  1.784000E+00  5.576360E-04
  1.785000E+00  5.853483E-04
  1.786000E+00  6.127433E-04
  1.787000E+00  6.393268E-04
  1.788000E+00  6.646030E-04
  1.789000E+00  6.880833E-04
  1.790000E+00  7.092966E-04
  1.791000E+00  7.277984E-04
  1.792000E+00  7.431792E-04
  1.793000E+00  7.550730E-04
  1.794000E+00  7.631639E-04
  1.795000E+00  7.671927E-04
  1.796000E+00  7.669620E-04
  1.797000E+00  7.623399E-04
  1.798000E+00  7.532631E-04
  1.799000E+00  7.397383E-04
  1.800000E+00  7.218426E-04
  1.801000E+00  6.997224E-04
  1.802000E+00  6.735919E-04
  1.803000E+00  6.437296E-04
  1.804000E+00  6.104739E-04
  1.805000E+00  5.742186E-04
  1.806000E+00  5.354064E-04
  1.807000E+00  4.945222E-04
  1.808000E+00  4.520858E-04
  1.809000E+00  4.086442E-04
  1.810000E+00  3.647627E-04
  1.811000E+00  3.210169E-04
  1.812000E+00  2.779840E-04
  1.813000E+00  2.362338E-04
  1.814000E+00  1.963208E-04
  1.815000E+00  1.587757E-04
  1.816000E+00  1.240974E-04
  1.817000E+00  9.274652E-05
  1.818000E+00  6.513786E-05
  1.819000E+00  4.163504E-05
  1.820000E+00  2.254513E-05
  1.821000E+00  8.114421E-06
  1.822000E+00 -1.474934E-06
  1.823000E+00 -6.107192E-06
  1.824000E+00 -5.734273E-06
  1.825000E+00 -3.758944E-07
  1.826000E+00  9.881417E-06
  1.827000E+00  2.488642E-05
  1.828000E+00  4.442638E-05
  1.829000E+00  6.823130E-05
  1.830000E+00  9.597918E-05
  1.831000E+00  1.273021E-04
  1.832000E+00  1.617931E-04
  1.833000E+00  1.990139E-04
  1.834000E+00  2.385025E-04
  1.835000E+00  2.797817E-04
  1.836000E+00  3.223676E-04
  1.837000E+00  3.657779E-04
  1.838000E+00  4.095398E-04
  1.839000E+00  4.531980E-04
  1.840000E+00  4.963218E-04
  1.841000E+00  5.385113E-04
  1.842000E+00  5.794026E-04
  1.843000E+00  6.186727E-04
  1.844000E+00  6.560427E-04
  1.845000E+00  6.912791E-04
  1.846000E+00  7.241954E-04
  1.847000E+00  7.546511E-04
  1.848000E+00  7.825496E-04
  1.849000E+00  8.078355E-04
  1.850000E+00  8.304899E-04
  1.851000E+00  8.505255E-04
  1.852000E+00  8.679805E-04
  1.853000E+00  8.829120E-04
  1.854000E+00  8.953888E-04
  1.855000E+00  9.054850E-04
  1.856000E+00  9.132724E-04
  1.857000E+00  9.188149E-04
  1.858000E+00  9.221620E-04
  1.859000E+00  9.233446E-04
  1.860000E+00  9.223707E-04
  1.861000E+00  9.192236E-04
  1.862000E+00  9.138602E-04
  1.863000E+00  9.062121E-04
  1.864000E+00  8.961867E-04
  1.865000E+00  8.836713E-04
  1.866000E+00  8.685375E-04
  1.867000E+00  8.506474E-04
  1.868000E+00  8.298608E-04
  1.869000E+00  8.060434E-04
  1.870000E+00  7.790753E-04
  1.871000E+00  7.488601E-04
  1.872000E+00  7.153342E-04
  1.873000E+00  6.784756E-04
  1.874000E+00  6.383118E-04
  1.875000E+00  5.949270E-04
  1.876000E+00  5.484683E-04
  1.877000E+00  4.991501E-04
  1.878000E+00  4.472563E-04
  1.879000E+00  3.931418E-04
  1.880000E+00  3.372305E-04
  1.881000E+00  2.800126E-04
  1.882000E+00  2.220383E-04
  1.883000E+00  1.639114E-04
  1.884000E+00  1.062786E-04
  1.885000E+00  4.981947E-05
  1.886000E+00 -4.766919E-06
  1.887000E+00 -5.677571E-05
  1.888000E+00 -1.055112E-04
  1.889000E+00 -1.503026E-04
  1.890000E+00 -1.905194E-04
  1.891000E+00 -2.255875E-04
  1.892000E+00 -2.550043E-04
  1.893000E+00 -2.783527E-04
  1.894000E+00 -2.953141E-04
  1.895000E+00 -3.056799E-04
  1.896000E+00 -3.093598E-04
  1.897000E+00 -3.063892E-04
  1.898000E+00 -2.969328E-04
  1.899000E+00 -2.812854E-04
  1.900000E+00 -2.598703E-04
  1.901000E+00 -2.332338E-04
  1.902000E+00 -2.020372E-04
  1.903000E+00 -1.670448E-04
  1.904000E+00 -1.291106E-04
  1.905000E+00 -8.916080E-05
  1.906000E+00 -4.817483E-05
  1.907000E+00 -7.164723E-06
  1.908000E+00  3.284736E-05
  1.909000E+00  7.085207E-05
  1.910000E+00  1.058762E-04
  1.911000E+00  1.370056E-04
  1.912000E+00  1.634069E-04
  1.913000E+00  1.843482E-04
  1.914000E+00  1.992172E-04
  1.915000E+00  2.075366E-04
  1.916000E+00  2.089771E-04
  1.917000E+00  2.033662E-04
  1.918000E+00  1.906937E-04
  1.919000E+00  1.711132E-04
  1.920000E+00  1.449402E-04
  1.921000E+00  1.126450E-04
  1.922000E+00  7.484323E-05
  1.923000E+00  3.228223E-05
  1.924000E+00 -1.417612E-05
  1.925000E+00 -6.357480E-05
  1.926000E+00 -1.148837E-04
  1.927000E+00 -1.670235E-04
  1.928000E+00 -2.188905E-04
  1.929000E+00 -2.693825E-04
  1.930000E+00 -3.174243E-04
  1.931000E+00 -3.619927E-04
  1.932000E+00 -4.021403E-04
  1.933000E+00 -4.370173E-04
  1.934000E+00 -4.658915E-04
  1.935000E+00 -4.881648E-04
  1.936000E+00 -5.033871E-04
  1.937000E+00 -5.112664E-04
  1.938000E+00 -5.116755E-04
  1.939000E+00 -5.046545E-04
  1.940000E+00 -4.904096E-04
  1.941000E+00 -4.693080E-04
  1.942000E+00 -4.418692E-04
  1.943000E+00 -4.087526E-04
  1.944000E+00 -3.707423E-04
  1.945000E+00 -3.287291E-04
  1.946000E+00 -2.836896E-04
  1.947000E+00 -2.366646E-04
  1.948000E+00 -1.887349E-04
  1.949000E+00 -1.409976E-04
  1.950000E+00 -9.454137E-05
  1.951000E+00 -5.042271E-05
  1.952000E+00 -9.642852E-06
  1.953000E+00  2.687373E-05
  1.954000E+00  5.829884E-05
  1.955000E+00  8.391782E-05
  1.956000E+00  1.031440E-04
  1.957000E+00  1.155301E-04
  1.958000E+00  1.207768E-04
  1.959000E+00  1.187375E-04
  1.960000E+00  1.094202E-04
  1.961000E+00  9.298569E-05
  1.962000E+00  6.974262E-05
  1.963000E+00  4.013977E-05
  1.964000E+00  4.755132E-06
  1.965000E+00 -3.571740E-05
  1.966000E+00 -8.048354E-05
  1.967000E+00 -1.286660E-04
  1.968000E+00 -1.793235E-04
  1.969000E+00 -2.314703E-04
  1.970000E+00 -2.840971E-04
  1.971000E+00 -3.361910E-04
  1.972000E+00 -3.867566E-04
  1.973000E+00 -4.348352E-04
  1.974000E+00 -4.795231E-04
  1.975000E+00 -5.199894E-04
  1.976000E+00 -5.554908E-04
  1.977000E+00 -5.853849E-04
  1.978000E+00 -6.091418E-04
  1.979000E+00 -6.263523E-04
  1.980000E+00 -6.367342E-04
  1.981000E+00 -6.401362E-04
  1.982000E+00 -6.365382E-04
  1.983000E+00 -6.260505E-04
  1.984000E+00 -6.089093E-04
  1.985000E+00 -5.854709E-04
  1.986000E+00 -5.562028E-04
  1.987000E+00 -5.216737E-04
  1.988000E+00 -4.825415E-04
  1.989000E+00 -4.395400E-04
  1.990000E+00 -3.934645E-04
  1.991000E+00 -3.451567E-04
  1.992000E+00 -2.954890E-04
  1.993000E+00 -2.453488E-04
  1.994000E+00 -1.956230E-04
  1.995000E+00 -1.471827E-04
  1.996000E+00 -1.008693E-04
  1.997000E+00 -5.748034E-05
  1.998000E+00 -1.775799E-05
  1.999000E+00  1.762228E-05
  2.000000E+00  3.579702E-02
