; material = LLZO                                                       
O             2000  1.35520817E+02          580.000000
  0.000000E+00  1.000000E+00
  1.000000E-03  9.947295E-01
  2.000000E-03  9.790086E-01
  3.000000E-03  9.531070E-01
  4.000000E-03  9.174673E-01
  5.000000E-03  8.726948E-01
  6.000000E-03  8.195434E-01
  7.000000E-03  7.588990E-01
  8.000000E-03  6.917595E-01
  9.000000E-03  6.192126E-01
  1.000000E-02  5.424129E-01
  1.100000E-02  4.625572E-01
  1.200000E-02  3.808596E-01
  1.300000E-02  2.985276E-01
  1.400000E-02  2.167383E-01
  1.500000E-02  1.366163E-01
  1.600000E-02  5.921345E-02
  1.700000E-02 -1.450909E-02
  1.800000E-02 -8.369628E-02
  1.900000E-02 -1.476118E-01
  2.000000E-02 -2.056476E-01
  2.100000E-02 -2.573303E-01
  2.200000E-02 -3.023245E-01
  2.300000E-02 -3.404327E-01
  2.400000E-02 -3.715928E-01
  2.500000E-02 -3.958724E-01
  2.600000E-02 -4.134603E-01
  2.700000E-02 -4.246560E-01
  2.800000E-02 -4.298576E-01
  2.900000E-02 -4.295475E-01
  3.000000E-02 -4.242768E-01
  3.100000E-02 -4.146496E-01
  3.200000E-02 -4.013066E-01
  3.300000E-02 -3.849081E-01
  3.400000E-02 -3.661184E-01
  3.500000E-02 -3.455903E-01
  3.600000E-02 -3.239506E-01
  3.700000E-02 -3.017878E-01
  3.800000E-02 -2.796405E-01
  3.900000E-02 -2.579882E-01
  4.000000E-02 -2.372439E-01
  4.100000E-02 -2.177490E-01
  4.200000E-02 -1.997699E-01
  4.300000E-02 -1.834973E-01
  4.400000E-02 -1.690470E-01
  4.500000E-02 -1.564631E-01
  4.600000E-02 -1.457222E-01
  4.700000E-02 -1.367402E-01
  4.800000E-02 -1.293793E-01
  4.900000E-02 -1.234572E-01
  5.000000E-02 -1.187556E-01
  5.100000E-02 -1.150305E-01
  5.200000E-02 -1.120222E-01
  5.300000E-02 -1.094645E-01
  5.400000E-02 -1.070949E-01
  5.500000E-02 -1.046627E-01
  5.600000E-02 -1.019377E-01
  5.700000E-02 -9.871628E-02
  5.800000E-02 -9.482770E-02
  5.900000E-02 -9.013834E-02
  6.000000E-02 -8.455482E-02
  6.100000E-02 -7.802564E-02
  6.200000E-02 -7.054150E-02
  6.300000E-02 -6.213433E-02
  6.400000E-02 -5.287497E-02
  6.500000E-02 -4.286987E-02
  6.600000E-02 -3.225669E-02
  6.700000E-02 -2.119923E-02
  6.800000E-02 -9.881616E-03
  6.900000E-02  1.497840E-03
  7.000000E-02  1.273306E-02
  7.100000E-02  2.361660E-02
  7.200000E-02  3.394596E-02
  7.300000E-02  4.352946E-02
  7.400000E-02  5.219165E-02
  7.500000E-02  5.977811E-02
  7.600000E-02  6.615946E-02
  7.700000E-02  7.123449E-02
  7.800000E-02  7.493247E-02
  7.900000E-02  7.721440E-02
  8.000000E-02  7.807345E-02
  8.100000E-02  7.753441E-02
  8.200000E-02  7.565223E-02
  8.300000E-02  7.250990E-02
  8.400000E-02  6.821550E-02
  8.500000E-02  6.289875E-02
  8.600000E-02  5.670706E-02
  8.700000E-02  4.980124E-02
  8.800000E-02  4.235103E-02
  8.900000E-02  3.453059E-02
  9.000000E-02  2.651397E-02
  9.100000E-02  1.847093E-02
  9.200000E-02  1.056287E-02
  9.300000E-02  2.939322E-03
  9.400000E-02 -4.265132E-03
  9.500000E-02 -1.093342E-02
  9.600000E-02 -1.696789E-02
  9.700000E-02 -2.229165E-02
  9.800000E-02 -2.684923E-02
  9.900000E-02 -3.060667E-02
  1.000000E-01 -3.355098E-02
  1.010000E-01 -3.568912E-02
  1.020000E-01 -3.704641E-02
  1.030000E-01 -3.766462E-02
  1.040000E-01 -3.759964E-02
  1.050000E-01 -3.691895E-02
  1.060000E-01 -3.569892E-02
  1.070000E-01 -3.402205E-02
  1.080000E-01 -3.197414E-02
  1.090000E-01 -2.964168E-02
  1.100000E-01 -2.710930E-02
  1.110000E-01 -2.445752E-02
  1.120000E-01 -2.176072E-02
  1.130000E-01 -1.908552E-02
  1.140000E-01 -1.648945E-02
  1.150000E-01 -1.402005E-02
  1.160000E-01 -1.171430E-02
  1.170000E-01 -9.598498E-03
  1.180000E-01 -7.688430E-03
  1.190000E-01 -5.989907E-03
  1.200000E-01 -4.499587E-03
  1.210000E-01 -3.206046E-03
  1.220000E-01 -2.091043E-03
  1.230000E-01 -1.130932E-03
  1.240000E-01 -2.981638E-04
  1.250000E-01  4.371834E-04
  1.260000E-01  1.105889E-03
  1.270000E-01  1.738149E-03
  1.280000E-01  2.362248E-03
  1.290000E-01  3.003390E-03
  1.300000E-01  3.682707E-03
  1.310000E-01  4.416484E-03
  1.320000E-01  5.215604E-03
  1.330000E-01  6.085231E-03
  1.340000E-01  7.024714E-03
  1.350000E-01  8.027726E-03
  1.360000E-01  9.082601E-03
  1.370000E-01  1.017286E-02
  1.380000E-01  1.127788E-02
  1.390000E-01  1.237375E-02
  1.400000E-01  1.343412E-02
  1.410000E-01  1.443120E-02
  1.420000E-01  1.533674E-02
  1.430000E-01  1.612303E-02
  1.440000E-01  1.676382E-02
  1.450000E-01  1.723518E-02
  1.460000E-01  1.751631E-02
  1.470000E-01  1.759015E-02
  1.480000E-01  1.744395E-02
  1.490000E-01  1.706960E-02
  1.500000E-01  1.646388E-02
  1.510000E-01  1.562855E-02
  1.520000E-01  1.457025E-02
  1.530000E-01  1.330030E-02
  1.540000E-01  1.183434E-02
  1.550000E-01  1.019193E-02
  1.560000E-01  8.395969E-03
  1.570000E-01  6.472077E-03
  1.580000E-01  4.447953E-03
  1.590000E-01  2.352667E-03
  1.600000E-01  2.159630E-04
  1.610000E-01 -1.932431E-03
  1.620000E-01 -4.063459E-03
  1.630000E-01 -6.149343E-03
  1.640000E-01 -8.164129E-03
  1.650000E-01 -1.008415E-02
  1.660000E-01 -1.188844E-02
  1.670000E-01 -1.355897E-02
  1.680000E-01 -1.508094E-02
  1.690000E-01 -1.644282E-02
  1.700000E-01 -1.763643E-02
  1.710000E-01 -1.865687E-02
  1.720000E-01 -1.950240E-02
  1.730000E-01 -2.017425E-02
  1.740000E-01 -2.067637E-02
  1.750000E-01 -2.101516E-02
  1.760000E-01 -2.119912E-02
  1.770000E-01 -2.123853E-02
  1.780000E-01 -2.114512E-02
  1.790000E-01 -2.093166E-02
  1.800000E-01 -2.061163E-02
  1.810000E-01 -2.019893E-02
  1.820000E-01 -1.970749E-02
  1.830000E-01 -1.915107E-02
  1.840000E-01 -1.854291E-02
  1.850000E-01 -1.789556E-02
  1.860000E-01 -1.722069E-02
  1.870000E-01 -1.652888E-02
  1.880000E-01 -1.582952E-02
  1.890000E-01 -1.513071E-02
  1.900000E-01 -1.443918E-02
  1.910000E-01 -1.376027E-02
  1.920000E-01 -1.309786E-02
  1.930000E-01 -1.245443E-02
  1.940000E-01 -1.183109E-02
  1.950000E-01 -1.122759E-02
  1.960000E-01 -1.064244E-02
  1.970000E-01 -1.007296E-02
  1.980000E-01 -9.515459E-03
  1.990000E-01 -8.965296E-03
  2.000000E-01 -8.417078E-03
  2.010000E-01 -7.864814E-03
  2.020000E-01 -7.302107E-03
  2.030000E-01 -6.722356E-03
  2.040000E-01 -6.118973E-03
  2.050000E-01 -5.485614E-03
  2.060000E-01 -4.816415E-03
  2.070000E-01 -4.106233E-03
  2.080000E-01 -3.350889E-03
  2.090000E-01 -2.547400E-03
  2.100000E-01 -1.694206E-03
  2.110000E-01 -7.913648E-04
  2.120000E-01  1.592632E-04
  2.130000E-01  1.153878E-03
  2.140000E-01  2.186635E-03
  2.150000E-01  3.249594E-03
  2.160000E-01  4.332717E-03
  2.170000E-01  5.423923E-03
  2.180000E-01  6.509216E-03
  2.190000E-01  7.572861E-03
  2.200000E-01  8.597638E-03
  2.210000E-01  9.565156E-03
  2.220000E-01  1.045622E-02
  2.230000E-01  1.125126E-02
  2.240000E-01  1.193079E-02
  2.250000E-01  1.247594E-02
  2.260000E-01  1.286895E-02
  2.270000E-01  1.309373E-02
  2.280000E-01  1.313641E-02
  2.290000E-01  1.298579E-02
  2.300000E-01  1.263388E-02
  2.310000E-01  1.207630E-02
  2.320000E-01  1.131259E-02
  2.330000E-01  1.034657E-02
  2.340000E-01  9.186413E-03
  2.350000E-01  7.844772E-03
  2.360000E-01  6.338714E-03
  2.370000E-01  4.689547E-03
  2.380000E-01  2.922536E-03
  2.390000E-01  1.066486E-03
  2.400000E-01 -8.467777E-04
  2.410000E-01 -2.783045E-03
  2.420000E-01 -4.706440E-03
  2.430000E-01 -6.580226E-03
  2.440000E-01 -8.367658E-03
  2.450000E-01 -1.003288E-02
  2.460000E-01 -1.154185E-02
  2.470000E-01 -1.286319E-02
  2.480000E-01 -1.396912E-02
  2.490000E-01 -1.483618E-02
  2.500000E-01 -1.544599E-02
  2.510000E-01 -1.578586E-02
  2.520000E-01 -1.584923E-02
  2.530000E-01 -1.563600E-02
  2.540000E-01 -1.515275E-02
  2.550000E-01 -1.441266E-02
  2.560000E-01 -1.343538E-02
  2.570000E-01 -1.224666E-02
  2.580000E-01 -1.087783E-02
  2.590000E-01 -9.365100E-03
  2.600000E-01 -7.748738E-03
  2.610000E-01 -6.072094E-03
  2.620000E-01 -4.380538E-03
  2.630000E-01 -2.720315E-03
  2.640000E-01 -1.137347E-03
  2.650000E-01  3.239772E-04
  2.660000E-01  1.621997E-03
  2.670000E-01  2.718928E-03
  2.680000E-01  3.581927E-03
  2.690000E-01  4.184047E-03
  2.700000E-01  4.505044E-03
  2.710000E-01  4.532031E-03
  2.720000E-01  4.259935E-03
  2.730000E-01  3.691756E-03
  2.740000E-01  2.838618E-03
  2.750000E-01  1.719595E-03
  2.760000E-01  3.613292E-04
  2.770000E-01 -1.202565E-03
  2.780000E-01 -2.932286E-03
  2.790000E-01 -4.782811E-03
  2.800000E-01 -6.705011E-03
  2.810000E-01 -8.646888E-03
  2.820000E-01 -1.055491E-02
  2.830000E-01 -1.237539E-02
  2.840000E-01 -1.405589E-02
  2.850000E-01 -1.554664E-02
  2.860000E-01 -1.680180E-02
  2.870000E-01 -1.778078E-02
  2.880000E-01 -1.844929E-02
  2.890000E-01 -1.878032E-02
  2.900000E-01 -1.875490E-02
  2.910000E-01 -1.836268E-02
  2.920000E-01 -1.760224E-02
  2.930000E-01 -1.648126E-02
  2.940000E-01 -1.501630E-02
  2.950000E-01 -1.323253E-02
  2.960000E-01 -1.116309E-02
  2.970000E-01 -8.848322E-03
  2.980000E-01 -6.334774E-03
  2.990000E-01 -3.674055E-03
  3.000000E-01 -9.215626E-04
  3.010000E-01  1.864895E-03
  3.020000E-01  4.626531E-03
  3.030000E-01  7.305045E-03
  3.040000E-01  9.844057E-03
  3.050000E-01  1.219050E-02
  3.060000E-01  1.429591E-02
  3.070000E-01  1.611761E-02
  3.080000E-01  1.761970E-02
  3.090000E-01  1.877391E-02
  3.100000E-01  1.956023E-02
  3.110000E-01  1.996730E-02
  3.120000E-01  1.999261E-02
  3.130000E-01  1.964245E-02
  3.140000E-01  1.893165E-02
  3.150000E-01  1.788308E-02
  3.160000E-01  1.652695E-02
  3.170000E-01  1.489996E-02
  3.180000E-01  1.304429E-02
  3.190000E-01  1.100640E-02
  3.200000E-01  8.835853E-03
  3.210000E-01  6.583984E-03
  3.220000E-01  4.302593E-03
  3.230000E-01  2.042643E-03
  3.240000E-01 -1.469886E-04
  3.250000E-01 -2.220678E-03
  3.260000E-01 -4.137110E-03
  3.270000E-01 -5.860190E-03
  3.280000E-01 -7.359796E-03
  3.290000E-01 -8.612352E-03
  3.300000E-01 -9.601205E-03
  3.310000E-01 -1.031681E-02
  3.320000E-01 -1.075673E-02
  3.330000E-01 -1.092538E-02
  3.340000E-01 -1.083370E-02
  3.350000E-01 -1.049857E-02
  3.360000E-01 -9.942089E-03
  3.370000E-01 -9.190772E-03
  3.380000E-01 -8.274625E-03
  3.390000E-01 -7.226150E-03
  3.400000E-01 -6.079324E-03
  3.410000E-01 -4.868567E-03
  3.420000E-01 -3.627734E-03
  3.430000E-01 -2.389161E-03
  3.440000E-01 -1.182795E-03
  3.450000E-01 -3.542195E-05
  3.460000E-01  1.029981E-03
  3.470000E-01  1.994750E-03
  3.480000E-01  2.844895E-03
  3.490000E-01  3.571297E-03
  3.500000E-01  4.169747E-03
  3.510000E-01  4.640837E-03
  3.520000E-01  4.989694E-03
  3.530000E-01  5.225582E-03
  3.540000E-01  5.361385E-03
  3.550000E-01  5.412993E-03
  3.560000E-01  5.398599E-03
  3.570000E-01  5.337955E-03
  3.580000E-01  5.251587E-03
  3.590000E-01  5.160013E-03
  3.600000E-01  5.082979E-03
  3.610000E-01  5.038739E-03
  3.620000E-01  5.043403E-03
  3.630000E-01  5.110368E-03
  3.640000E-01  5.249857E-03
  3.650000E-01  5.468564E-03
  3.660000E-01  5.769433E-03
  3.670000E-01  6.151559E-03
  3.680000E-01  6.610225E-03
  3.690000E-01  7.137055E-03
  3.700000E-01  7.720304E-03
  3.710000E-01  8.345238E-03
  3.720000E-01  8.994628E-03
  3.730000E-01  9.649306E-03
  3.740000E-01  1.028879E-02
  3.750000E-01  1.089196E-02
  3.760000E-01  1.143770E-02
  3.770000E-01  1.190564E-02
  3.780000E-01  1.227675E-02
  3.790000E-01  1.253397E-02
  3.800000E-01  1.266278E-02
  3.810000E-01  1.265164E-02
  3.820000E-01  1.249236E-02
  3.830000E-01  1.218040E-02
  3.840000E-01  1.171502E-02
  3.850000E-01  1.109932E-02
  3.860000E-01  1.034020E-02
  3.870000E-01  9.448145E-03
  3.880000E-01  8.436991E-03
  3.890000E-01  7.323518E-03
  3.900000E-01  6.127010E-03
  3.910000E-01  4.868726E-03
  3.920000E-01  3.571325E-03
  3.930000E-01  2.258261E-03
  3.940000E-01  9.531547E-04
  3.950000E-01 -3.208225E-04
  3.960000E-01 -1.541549E-03
  3.970000E-01 -2.688514E-03
  3.980000E-01 -3.743321E-03
  3.990000E-01 -4.690129E-03
  4.000000E-01 -5.516008E-03
  4.010000E-01 -6.211210E-03
  4.020000E-01 -6.769347E-03
  4.030000E-01 -7.187466E-03
  4.040000E-01 -7.466029E-03
  4.050000E-01 -7.608800E-03
  4.060000E-01 -7.622640E-03
  4.070000E-01 -7.517219E-03
  4.080000E-01 -7.304660E-03
  4.090000E-01 -6.999121E-03
  4.100000E-01 -6.616332E-03
  4.110000E-01 -6.173103E-03
  4.120000E-01 -5.686815E-03
  4.130000E-01 -5.174907E-03
  4.140000E-01 -4.654386E-03
  4.150000E-01 -4.141358E-03
  4.160000E-01 -3.650605E-03
  4.170000E-01 -3.195212E-03
  4.180000E-01 -2.786262E-03
  4.190000E-01 -2.432594E-03
  4.200000E-01 -2.140643E-03
  4.210000E-01 -1.914351E-03
  4.220000E-01 -1.755161E-03
  4.230000E-01 -1.662085E-03
  4.240000E-01 -1.631842E-03
  4.250000E-01 -1.659063E-03
  4.260000E-01 -1.736552E-03
  4.270000E-01 -1.855593E-03
  4.280000E-01 -2.006297E-03
  4.290000E-01 -2.177966E-03
  4.300000E-01 -2.359478E-03
  4.310000E-01 -2.539667E-03
  4.320000E-01 -2.707695E-03
  4.330000E-01 -2.853392E-03
  4.340000E-01 -2.967582E-03
  4.350000E-01 -3.042346E-03
  4.360000E-01 -3.071250E-03
  4.370000E-01 -3.049516E-03
  4.380000E-01 -2.974133E-03
  4.390000E-01 -2.843910E-03
  4.400000E-01 -2.659464E-03
  4.410000E-01 -2.423162E-03
  4.420000E-01 -2.138996E-03
  4.430000E-01 -1.812419E-03
  4.440000E-01 -1.450133E-03
  4.450000E-01 -1.059849E-03
  4.460000E-01 -6.500130E-04
  4.470000E-01 -2.295267E-04
  4.480000E-01  1.925469E-04
  4.490000E-01  6.072701E-04
  4.500000E-01  1.006107E-03
  4.510000E-01  1.381178E-03
  4.520000E-01  1.725487E-03
  4.530000E-01  2.033111E-03
  4.540000E-01  2.299354E-03
  4.550000E-01  2.520853E-03
  4.560000E-01  2.695638E-03
  4.570000E-01  2.823145E-03
  4.580000E-01  2.904184E-03
  4.590000E-01  2.940861E-03
  4.600000E-01  2.936459E-03
  4.610000E-01  2.895284E-03
  4.620000E-01  2.822482E-03
  4.630000E-01  2.723830E-03
  4.640000E-01  2.605514E-03
  4.650000E-01  2.473898E-03
  4.660000E-01  2.335290E-03
  4.670000E-01  2.195721E-03
  4.680000E-01  2.060736E-03
  4.690000E-01  1.935203E-03
  4.700000E-01  1.823156E-03
  4.710000E-01  1.727664E-03
  4.720000E-01  1.650741E-03
  4.730000E-01  1.593295E-03
  4.740000E-01  1.555108E-03
  4.750000E-01  1.534869E-03
  4.760000E-01  1.530235E-03
  4.770000E-01  1.537933E-03
  4.780000E-01  1.553894E-03
  4.790000E-01  1.573413E-03
  4.800000E-01  1.591334E-03
  4.810000E-01  1.602247E-03
  4.820000E-01  1.600697E-03
  4.830000E-01  1.581400E-03
  4.840000E-01  1.539444E-03
  4.850000E-01  1.470491E-03
  4.860000E-01  1.370954E-03
  4.870000E-01  1.238158E-03
  4.880000E-01  1.070462E-03
  4.890000E-01  8.673657E-04
  4.900000E-01  6.295658E-04
  4.910000E-01  3.589845E-04
  4.920000E-01  5.875658E-05
  4.930000E-01 -2.668201E-04
  4.940000E-01 -6.123713E-04
  4.950000E-01 -9.715664E-04
  4.960000E-01 -1.337270E-03
  4.970000E-01 -1.701719E-03
  4.980000E-01 -2.056721E-03
  4.990000E-01 -2.393872E-03
  5.000000E-01 -2.704780E-03
  5.010000E-01 -2.981290E-03
  5.020000E-01 -3.215717E-03
  5.030000E-01 -3.401057E-03
  5.040000E-01 -3.531191E-03
  5.050000E-01 -3.601065E-03
  5.060000E-01 -3.606847E-03
  5.070000E-01 -3.546050E-03
  5.080000E-01 -3.417624E-03
  5.090000E-01 -3.222012E-03
  5.100000E-01 -2.961168E-03
  5.110000E-01 -2.638533E-03
  5.120000E-01 -2.258982E-03
  5.130000E-01 -1.828727E-03
  5.140000E-01 -1.355188E-03
  5.150000E-01 -8.468327E-04
  5.160000E-01 -3.129955E-04
  5.170000E-01  2.363336E-04
  5.180000E-01  7.907314E-04
  5.190000E-01  1.339576E-03
  5.200000E-01  1.872287E-03
  5.210000E-01  2.378562E-03
  5.220000E-01  2.848613E-03
  5.230000E-01  3.273380E-03
  5.240000E-01  3.644735E-03
  5.250000E-01  3.955662E-03
  5.260000E-01  4.200405E-03
  5.270000E-01  4.374592E-03
  5.280000E-01  4.475324E-03
  5.290000E-01  4.501227E-03
  5.300000E-01  4.452468E-03
  5.310000E-01  4.330740E-03
  5.320000E-01  4.139206E-03
  5.330000E-01  3.882412E-03
  5.340000E-01  3.566169E-03
  5.350000E-01  3.197410E-03
  5.360000E-01  2.784015E-03
  5.370000E-01  2.334624E-03
  5.380000E-01  1.858433E-03
  5.390000E-01  1.364978E-03
  5.400000E-01  8.639182E-04
  5.410000E-01  3.648143E-04
  5.420000E-01 -1.230805E-04
  5.430000E-01 -5.910236E-04
  5.440000E-01 -1.030968E-03
  5.450000E-01 -1.435730E-03
  5.460000E-01 -1.799130E-03
  5.470000E-01 -2.116109E-03
  5.480000E-01 -2.382816E-03
  5.490000E-01 -2.596667E-03
  5.500000E-01 -2.756367E-03
  5.510000E-01 -2.861906E-03
  5.520000E-01 -2.914522E-03
  5.530000E-01 -2.916635E-03
  5.540000E-01 -2.871750E-03
  5.550000E-01 -2.784345E-03
  5.560000E-01 -2.659725E-03
  5.570000E-01 -2.503868E-03
  5.580000E-01 -2.323251E-03
  5.590000E-01 -2.124676E-03
  5.600000E-01 -1.915080E-03
  5.610000E-01 -1.701354E-03
  5.620000E-01 -1.490164E-03
  5.630000E-01 -1.287781E-03
  5.640000E-01 -1.099926E-03
  5.650000E-01 -9.316355E-04
  5.660000E-01 -7.871379E-04
  5.670000E-01 -6.697656E-04
  5.680000E-01 -5.818856E-04
  5.690000E-01 -5.248599E-04
  5.700000E-01 -4.990330E-04
  5.710000E-01 -5.037485E-04
  5.720000E-01 -5.373923E-04
  5.730000E-01 -5.974615E-04
  5.740000E-01 -6.806582E-04
  5.750000E-01 -7.830028E-04
  5.760000E-01 -8.999665E-04
  5.770000E-01 -1.026617E-03
  5.780000E-01 -1.157774E-03
  5.790000E-01 -1.288170E-03
  5.800000E-01 -1.412617E-03
  5.810000E-01 -1.526158E-03
  5.820000E-01 -1.624226E-03
  5.830000E-01 -1.702777E-03
  5.840000E-01 -1.758416E-03
  5.850000E-01 -1.788502E-03
  5.860000E-01 -1.791226E-03
  5.870000E-01 -1.765671E-03
  5.880000E-01 -1.711840E-03
  5.890000E-01 -1.630662E-03
  5.900000E-01 -1.523968E-03
  5.910000E-01 -1.394439E-03
  5.920000E-01 -1.245533E-03
  5.930000E-01 -1.081384E-03
  5.940000E-01 -9.066835E-04
  5.950000E-01 -7.265438E-04
  5.960000E-01 -5.463475E-04
  5.970000E-01 -3.715876E-04
  5.980000E-01 -2.077036E-04
  5.990000E-01 -5.991668E-05
  6.000000E-01  6.693019E-05
  6.010000E-01  1.685232E-04
  6.020000E-01  2.412148E-04
  6.030000E-01  2.821432E-04
  6.040000E-01  2.893310E-04
  6.050000E-01  2.617590E-04
  6.060000E-01  1.994139E-04
  6.070000E-01  1.033072E-04
  6.080000E-01 -2.453424E-05
  6.090000E-01 -1.811076E-04
  6.100000E-01 -3.625017E-04
  6.110000E-01 -5.639913E-04
  6.120000E-01 -7.801562E-04
  6.130000E-01 -1.005022E-03
  6.140000E-01 -1.232217E-03
  6.150000E-01 -1.455146E-03
  6.160000E-01 -1.667172E-03
  6.170000E-01 -1.861798E-03
  6.180000E-01 -2.032853E-03
  6.190000E-01 -2.174670E-03
  6.200000E-01 -2.282249E-03
  6.210000E-01 -2.351414E-03
  6.220000E-01 -2.378934E-03
  6.230000E-01 -2.362635E-03
  6.240000E-01 -2.301475E-03
  6.250000E-01 -2.195593E-03
  6.260000E-01 -2.046323E-03
  6.270000E-01 -1.856178E-03
  6.280000E-01 -1.628800E-03
  6.290000E-01 -1.368879E-03
  6.300000E-01 -1.082041E-03
  6.310000E-01 -7.747105E-04
  6.320000E-01 -4.539467E-04
  6.330000E-01 -1.272621E-04
  6.340000E-01  1.975749E-04
  6.350000E-01  5.127461E-04
  6.360000E-01  8.105947E-04
  6.370000E-01  1.083834E-03
  6.380000E-01  1.325748E-03
  6.390000E-01  1.530383E-03
  6.400000E-01  1.692714E-03
  6.410000E-01  1.808792E-03
  6.420000E-01  1.875868E-03
  6.430000E-01  1.892474E-03
  6.440000E-01  1.858487E-03
  6.450000E-01  1.775138E-03
  6.460000E-01  1.645004E-03
  6.470000E-01  1.471950E-03
  6.480000E-01  1.261040E-03
  6.490000E-01  1.018417E-03
  6.500000E-01  7.511514E-04
  6.510000E-01  4.670618E-04
  6.520000E-01  1.745145E-04
  6.530000E-01 -1.177927E-04
  6.540000E-01 -4.010580E-04
  6.550000E-01 -6.666092E-04
  6.560000E-01 -9.061348E-04
  6.570000E-01 -1.111909E-03
  6.580000E-01 -1.277002E-03
  6.590000E-01 -1.395474E-03
  6.600000E-01 -1.462541E-03
  6.610000E-01 -1.474716E-03
  6.620000E-01 -1.429915E-03
  6.630000E-01 -1.327526E-03
  6.640000E-01 -1.168448E-03
  6.650000E-01 -9.550788E-04
  6.660000E-01 -6.912757E-04
  6.670000E-01 -3.822715E-04
  6.680000E-01 -3.455718E-05
  6.690000E-01  3.442694E-04
  6.700000E-01  7.456828E-04
  6.710000E-01  1.160435E-03
  6.720000E-01  1.578780E-03
  6.730000E-01  1.990709E-03
  6.740000E-01  2.386199E-03
  6.750000E-01  2.755455E-03
  6.760000E-01  3.089159E-03
  6.770000E-01  3.378691E-03
  6.780000E-01  3.616351E-03
  6.790000E-01  3.795548E-03
  6.800000E-01  3.910963E-03
  6.810000E-01  3.958685E-03
  6.820000E-01  3.936308E-03
  6.830000E-01  3.842997E-03
  6.840000E-01  3.679507E-03
  6.850000E-01  3.448176E-03
  6.860000E-01  3.152865E-03
  6.870000E-01  2.798875E-03
  6.880000E-01  2.392821E-03
  6.890000E-01  1.942478E-03
  6.900000E-01  1.456600E-03
  6.910000E-01  9.447198E-04
  6.920000E-01  4.169228E-04
  6.930000E-01 -1.163807E-04
  6.940000E-01 -6.446945E-04
  6.950000E-01 -1.157675E-03
  6.960000E-01 -1.645361E-03
  6.970000E-01 -2.098398E-03
  6.980000E-01 -2.508237E-03
  6.990000E-01 -2.867322E-03
  7.000000E-01 -3.169242E-03
  7.010000E-01 -3.408863E-03
  7.020000E-01 -3.582421E-03
  7.030000E-01 -3.687588E-03
  7.040000E-01 -3.723500E-03
  7.050000E-01 -3.690751E-03
  7.060000E-01 -3.591352E-03
  7.070000E-01 -3.428665E-03
  7.080000E-01 -3.207296E-03
  7.090000E-01 -2.932973E-03
  7.100000E-01 -2.612396E-03
  7.110000E-01 -2.253064E-03
  7.120000E-01 -1.863095E-03
  7.130000E-01 -1.451034E-03
  7.140000E-01 -1.025656E-03
  7.150000E-01 -5.957651E-04
  7.160000E-01 -1.700062E-04
  7.170000E-01  2.433213E-04
  7.180000E-01  6.364328E-04
  7.190000E-01  1.002213E-03
  7.200000E-01  1.334348E-03
  7.210000E-01  1.627440E-03
  7.220000E-01  1.877092E-03
  7.230000E-01  2.079970E-03
  7.240000E-01  2.233838E-03
  7.250000E-01  2.337571E-03
  7.260000E-01  2.391135E-03
  7.270000E-01  2.395548E-03
  7.280000E-01  2.352823E-03
  7.290000E-01  2.265879E-03
  7.300000E-01  2.138445E-03
  7.310000E-01  1.974948E-03
  7.320000E-01  1.780385E-03
  7.330000E-01  1.560194E-03
  7.340000E-01  1.320113E-03
  7.350000E-01  1.066045E-03
  7.360000E-01  8.039221E-04
  7.370000E-01  5.395710E-04
  7.380000E-01  2.785942E-04
  7.390000E-01  2.625574E-05
  7.400000E-01 -2.126188E-04
  7.410000E-01 -4.337279E-04
  7.420000E-01 -6.333642E-04
  7.430000E-01 -8.084684E-04
  7.440000E-01 -9.566659E-04
  7.450000E-01 -1.076287E-03
  7.460000E-01 -1.166371E-03
  7.470000E-01 -1.226651E-03
  7.480000E-01 -1.257530E-03
  7.490000E-01 -1.260038E-03
  7.500000E-01 -1.235783E-03
  7.510000E-01 -1.186883E-03
  7.520000E-01 -1.115901E-03
  7.530000E-01 -1.025763E-03
  7.540000E-01 -9.196806E-04
  7.550000E-01 -8.010683E-04
  7.560000E-01 -6.734568E-04
  7.570000E-01 -5.404134E-04
  7.580000E-01 -4.054620E-04
  7.590000E-01 -2.720095E-04
  7.600000E-01 -1.432772E-04
  7.610000E-01 -2.223962E-05
  7.620000E-01  8.842893E-05
  7.630000E-01  1.863993E-04
  7.640000E-01  2.697233E-04
  7.650000E-01  3.368604E-04
  7.660000E-01  3.866950E-04
  7.670000E-01  4.185448E-04
  7.680000E-01  4.321600E-04
  7.690000E-01  4.277142E-04
  7.700000E-01  4.057873E-04
  7.710000E-01  3.673413E-04
  7.720000E-01  3.136893E-04
  7.730000E-01  2.464590E-04
  7.740000E-01  1.675514E-04
  7.750000E-01  7.909495E-05
  7.760000E-01 -1.660248E-05
  7.770000E-01 -1.171043E-04
  7.780000E-01 -2.198972E-04
  7.790000E-01 -3.224429E-04
  7.800000E-01 -4.222298E-04
  7.810000E-01 -5.168232E-04
  7.820000E-01 -6.039130E-04
  7.830000E-01 -6.813590E-04
  7.840000E-01 -7.472319E-04
  7.850000E-01 -7.998505E-04
  7.860000E-01 -8.378138E-04
  7.870000E-01 -8.600282E-04
  7.880000E-01 -8.657282E-04
  7.890000E-01 -8.544918E-04
  7.900000E-01 -8.262486E-04
  7.910000E-01 -7.812824E-04
  7.920000E-01 -7.202264E-04
  7.930000E-01 -6.440517E-04
  7.940000E-01 -5.540498E-04
  7.950000E-01 -4.518087E-04
  7.960000E-01 -3.391827E-04
  7.970000E-01 -2.182567E-04
  7.980000E-01 -9.130636E-05
  7.990000E-01  3.924693E-05
  8.000000E-01  1.708839E-04
  8.010000E-01  3.010382E-04
  8.020000E-01  4.271481E-04
  8.030000E-01  5.467101E-04
  8.040000E-01  6.573302E-04
  8.050000E-01  7.567754E-04
  8.060000E-01  8.430214E-04
  8.070000E-01  9.142970E-04
  8.080000E-01  9.691235E-04
  8.090000E-01  1.006349E-03
  8.100000E-01  1.025176E-03
  8.110000E-01  1.025181E-03
  8.120000E-01  1.006327E-03
  8.130000E-01  9.689718E-04
  8.140000E-01  9.138567E-04
  8.150000E-01  8.421011E-04
  8.160000E-01  7.551784E-04
  8.170000E-01  6.548890E-04
  8.180000E-01  5.433241E-04
  8.190000E-01  4.228238E-04
  8.200000E-01  2.959292E-04
  8.210000E-01  1.653294E-04
  8.220000E-01  3.380608E-05
  8.230000E-01 -9.582506E-05
  8.240000E-01 -2.207737E-04
  8.250000E-01 -3.383334E-04
  8.260000E-01 -4.459392E-04
  8.270000E-01 -5.412212E-04
  8.280000E-01 -6.220549E-04
  8.290000E-01 -6.866053E-04
  8.300000E-01 -7.333652E-04
  8.310000E-01 -7.611862E-04
  8.320000E-01 -7.693019E-04
  8.330000E-01 -7.573426E-04
  8.340000E-01 -7.253416E-04
  8.350000E-01 -6.737335E-04
  8.360000E-01 -6.033428E-04
  8.370000E-01 -5.153663E-04
  8.380000E-01 -4.113459E-04
  8.390000E-01 -2.931364E-04
  8.400000E-01 -1.628661E-04
  8.410000E-01 -2.289272E-05
  8.420000E-01  1.242444E-04
  8.430000E-01  2.758760E-04
  8.440000E-01  4.292553E-04
  8.450000E-01  5.816123E-04
  8.460000E-01  7.302067E-04
  8.470000E-01  8.723798E-04
  8.480000E-01  1.005604E-03
  8.490000E-01  1.127528E-03
  8.500000E-01  1.236019E-03
  8.510000E-01  1.329199E-03
  8.520000E-01  1.405474E-03
  8.530000E-01  1.463560E-03
  8.540000E-01  1.502500E-03
  8.550000E-01  1.521677E-03
  8.560000E-01  1.520817E-03
  8.570000E-01  1.499990E-03
  8.580000E-01  1.459600E-03
  8.590000E-01  1.400371E-03
  8.600000E-01  1.323331E-03
  8.610000E-01  1.229788E-03
  8.620000E-01  1.121299E-03
  8.630000E-01  9.996410E-04
  8.640000E-01  8.667783E-04
  8.650000E-01  7.248230E-04
  8.660000E-01  5.759992E-04
  8.670000E-01  4.226046E-04
  8.680000E-01  2.669723E-04
  8.690000E-01  1.114332E-04
  8.700000E-01 -4.172044E-05
  8.710000E-01 -1.902692E-04
  8.720000E-01 -3.320989E-04
  8.730000E-01 -4.652306E-04
  8.740000E-01 -5.878472E-04
  8.750000E-01 -6.983178E-04
  8.760000E-01 -7.952177E-04
  8.770000E-01 -8.773466E-04
  8.780000E-01 -9.437418E-04
  8.790000E-01 -9.936895E-04
  8.800000E-01 -1.026732E-03
  8.810000E-01 -1.042670E-03
  8.820000E-01 -1.041566E-03
  8.830000E-01 -1.023741E-03
  8.840000E-01 -9.897666E-04
  8.850000E-01 -9.404580E-04
  8.860000E-01 -8.768621E-04
  8.870000E-01 -8.002423E-04
  8.880000E-01 -7.120604E-04
  8.890000E-01 -6.139562E-04
  8.900000E-01 -5.077244E-04
  8.910000E-01 -3.952882E-04
  8.920000E-01 -2.786711E-04
  8.930000E-01 -1.599667E-04
  8.940000E-01 -4.130563E-05
  8.950000E-01  7.517755E-05
  8.960000E-01  1.873801E-04
  8.970000E-01  2.932664E-04
  8.980000E-01  3.909037E-04
  8.990000E-01  4.784975E-04
  9.000000E-01  5.544250E-04
  9.010000E-01  6.172675E-04
  9.020000E-01  6.658396E-04
  9.030000E-01  6.992150E-04
  9.040000E-01  7.167487E-04
  9.050000E-01  7.180943E-04
  9.060000E-01  7.032159E-04
  9.070000E-01  6.723942E-04
  9.080000E-01  6.262273E-04
  9.090000E-01  5.656237E-04
  9.100000E-01  4.917897E-04
  9.110000E-01  4.062100E-04
  9.120000E-01  3.106214E-04
  9.130000E-01  2.069808E-04
  9.140000E-01  9.742747E-05
  9.150000E-01 -1.575979E-05
  9.160000E-01 -1.302096E-04
  9.170000E-01 -2.435085E-04
  9.180000E-01 -3.532531E-04
  9.190000E-01 -4.571037E-04
  9.200000E-01 -5.528380E-04
  9.210000E-01 -6.384027E-04
  9.220000E-01 -7.119627E-04
  9.230000E-01 -7.719464E-04
  9.240000E-01 -8.170857E-04
  9.250000E-01 -8.464494E-04
  9.260000E-01 -8.594694E-04
  9.270000E-01 -8.559587E-04
  9.280000E-01 -8.361202E-04
  9.290000E-01 -8.005466E-04
  9.300000E-01 -7.502096E-04
  9.310000E-01 -6.864409E-04
  9.320000E-01 -6.109025E-04
  9.330000E-01 -5.255492E-04
  9.340000E-01 -4.325822E-04
  9.350000E-01 -3.343964E-04
  9.360000E-01 -2.335215E-04
  9.370000E-01 -1.325588E-04
  9.380000E-01 -3.411557E-05
  9.390000E-01  5.926217E-05
  9.400000E-01  1.451555E-04
  9.410000E-01  2.213367E-04
  9.420000E-01  2.858284E-04
  9.430000E-01  3.369571E-04
  9.440000E-01  3.733997E-04
  9.450000E-01  3.942201E-04
  9.460000E-01  3.988968E-04
  9.470000E-01  3.873390E-04
  9.480000E-01  3.598916E-04
  9.490000E-01  3.173281E-04
  9.500000E-01  2.608319E-04
  9.510000E-01  1.919660E-04
  9.520000E-01  1.126331E-04
  9.530000E-01  2.502453E-05
  9.540000E-01 -6.843780E-05
  9.550000E-01 -1.651666E-04
  9.560000E-01 -2.624797E-04
  9.570000E-01 -3.576725E-04
  9.580000E-01 -4.480931E-04
  9.590000E-01 -5.312147E-04
  9.600000E-01 -6.047056E-04
  9.610000E-01 -6.664943E-04
  9.620000E-01 -7.148274E-04
  9.630000E-01 -7.483187E-04
  9.640000E-01 -7.659884E-04
  9.650000E-01 -7.672911E-04
  9.660000E-01 -7.521318E-04
  9.670000E-01 -7.208690E-04
  9.680000E-01 -6.743054E-04
  9.690000E-01 -6.136657E-04
  9.700000E-01 -5.405627E-04
  9.710000E-01 -4.569520E-04
  9.720000E-01 -3.650776E-04
  9.730000E-01 -2.674077E-04
  9.740000E-01 -1.665657E-04
  9.750000E-01 -6.525543E-05
  9.760000E-01  3.381601E-05
  9.770000E-01  1.280152E-04
  9.780000E-01  2.148580E-04
  9.790000E-01  2.920806E-04
  9.800000E-01  3.577049E-04
  9.810000E-01  4.100955E-04
  9.820000E-01  4.480070E-04
  9.830000E-01  4.706203E-04
  9.840000E-01  4.775668E-04
  9.850000E-01  4.689393E-04
  9.860000E-01  4.452897E-04
  9.870000E-01  4.076134E-04
  9.880000E-01  3.573210E-04
  9.890000E-01  2.961968E-04
  9.900000E-01  2.263477E-04
  9.910000E-01  1.501411E-04
  9.920000E-01  7.013559E-05
  9.930000E-01 -1.099481E-05
  9.940000E-01 -9.053954E-05
  9.950000E-01 -1.658325E-04
  9.960000E-01 -2.343319E-04
  9.970000E-01 -2.936971E-04
  9.980000E-01 -3.418599E-04
  9.990000E-01 -3.770879E-04
  1.000000E+00 -3.980392E-04
  1.001000E+00 -4.038054E-04
  1.002000E+00 -3.939416E-04
  1.003000E+00 -3.684842E-04
  1.004000E+00 -3.279535E-04
  1.005000E+00 -2.733428E-04
  1.006000E+00 -2.060931E-04
  1.007000E+00 -1.280548E-04
  1.008000E+00 -4.143681E-05
  1.009000E+00  5.125483E-05
  1.010000E+00  1.472877E-04
  1.011000E+00  2.437810E-04
  1.012000E+00  3.377879E-04
  1.013000E+00  4.263812E-04
  1.014000E+00  5.067385E-04
  1.015000E+00  5.762251E-04
  1.016000E+00  6.324725E-04
  1.017000E+00  6.734495E-04
  1.018000E+00  6.975245E-04
  1.019000E+00  7.035164E-04
  1.020000E+00  6.907341E-04
  1.021000E+00  6.590012E-04
  1.022000E+00  6.086672E-04
  1.023000E+00  5.406036E-04
  1.024000E+00  4.561855E-04
  1.025000E+00  3.572586E-04
  1.026000E+00  2.460936E-04
  1.027000E+00  1.253274E-04
  1.028000E+00 -2.104984E-06
  1.029000E+00 -1.330480E-04
  1.030000E+00 -2.642093E-04
  1.031000E+00 -3.922476E-04
  1.032000E+00 -5.138622E-04
  1.033000E+00 -6.258819E-04
  1.034000E+00 -7.253507E-04
  1.035000E+00 -8.096079E-04
  1.036000E+00 -8.763601E-04
  1.037000E+00 -9.237443E-04
  1.038000E+00 -9.503784E-04
  1.039000E+00 -9.553999E-04
  1.040000E+00 -9.384902E-04
  1.041000E+00 -8.998846E-04
  1.042000E+00 -8.403678E-04
  1.043000E+00 -7.612542E-04
  1.044000E+00 -6.643553E-04
  1.045000E+00 -5.519334E-04
  1.046000E+00 -4.266438E-04
  1.047000E+00 -2.914672E-04
  1.048000E+00 -1.496333E-04
  1.049000E+00 -4.539120E-06
  1.050000E+00  1.403374E-04
  1.051000E+00  2.815247E-04
  1.052000E+00  4.156451E-04
  1.053000E+00  5.394981E-04
  1.054000E+00  6.501396E-04
  1.055000E+00  7.449534E-04
  1.056000E+00  8.217136E-04
  1.057000E+00  8.786371E-04
  1.058000E+00  9.144233E-04
  1.059000E+00  9.282820E-04
  1.060000E+00  9.199479E-04
  1.061000E+00  8.896807E-04
  1.062000E+00  8.382535E-04
  1.063000E+00  7.669266E-04
  1.064000E+00  6.774114E-04
  1.065000E+00  5.718216E-04
  1.066000E+00  4.526165E-04
  1.067000E+00  3.225363E-04
  1.068000E+00  1.845310E-04
  1.069000E+00  4.168649E-05
  1.070000E+00 -1.028524E-04
  1.071000E+00 -2.459577E-04
  1.072000E+00 -3.845928E-04
  1.073000E+00 -5.158826E-04
  1.074000E+00 -6.371777E-04
  1.075000E+00 -7.461123E-04
  1.076000E+00 -8.406525E-04
  1.077000E+00 -9.191358E-04
  1.078000E+00 -9.803003E-04
  1.079000E+00 -1.023303E-03
  1.080000E+00 -1.047726E-03
  1.081000E+00 -1.053575E-03
  1.082000E+00 -1.041265E-03
  1.083000E+00 -1.011597E-03
  1.084000E+00 -9.657250E-04
  1.085000E+00 -9.051197E-04
  1.086000E+00 -8.315192E-04
  1.087000E+00 -7.468803E-04
  1.088000E+00 -6.533239E-04
  1.089000E+00 -5.530795E-04
  1.090000E+00 -4.484281E-04
  1.091000E+00 -3.416474E-04
  1.092000E+00 -2.349584E-04
  1.093000E+00 -1.304762E-04
  1.094000E+00 -3.016576E-05
  1.095000E+00  6.419773E-05
  1.096000E+00  1.510608E-04
  1.097000E+00  2.291173E-04
  1.098000E+00  2.973270E-04
  1.099000E+00  3.549258E-04
  1.100000E+00  4.014297E-04
  1.101000E+00  4.366310E-04
  1.102000E+00  4.605880E-04
  1.103000E+00  4.736086E-04
  1.104000E+00  4.762288E-04
  1.105000E+00  4.691866E-04
  1.106000E+00  4.533921E-04
  1.107000E+00  4.298953E-04
  1.108000E+00  3.998516E-04
  1.109000E+00  3.644877E-04
  1.110000E+00  3.250660E-04
  1.111000E+00  2.828518E-04
  1.112000E+00  2.390813E-04
  1.113000E+00  1.949324E-04
  1.114000E+00  1.514989E-04
  1.115000E+00  1.097683E-04
  1.116000E+00  7.060361E-05
  1.117000E+00  3.472938E-05
  1.118000E+00  2.722336E-06
  1.119000E+00 -2.499373E-05
  1.120000E+00 -4.814877E-05
  1.121000E+00 -6.662323E-05
  1.122000E+00 -8.044104E-05
  1.123000E+00 -8.975937E-05
  1.124000E+00 -9.485549E-05
  1.125000E+00 -9.611131E-05
  1.126000E+00 -9.399623E-05
  1.127000E+00 -8.904870E-05
  1.128000E+00 -8.185723E-05
  1.129000E+00 -7.304122E-05
  1.130000E+00 -6.323214E-05
  1.131000E+00 -5.305561E-05
  1.132000E+00 -4.311456E-05
  1.133000E+00 -3.397402E-05
  1.134000E+00 -2.614761E-05
  1.135000E+00 -2.008618E-05
  1.136000E+00 -1.616848E-05
  1.137000E+00 -1.469418E-05
  1.138000E+00 -1.587909E-05
  1.139000E+00 -1.985270E-05
  1.140000E+00 -2.665787E-05
  1.141000E+00 -3.625256E-05
  1.142000E+00 -4.851345E-05
  1.143000E+00 -6.324133E-05
  1.144000E+00 -8.016792E-05
  1.145000E+00 -9.896397E-05
  1.146000E+00 -1.192484E-04
  1.147000E+00 -1.405983E-04
  1.148000E+00 -1.625590E-04
  1.149000E+00 -1.846548E-04
  1.150000E+00 -2.064000E-04
  1.151000E+00 -2.273084E-04
  1.152000E+00 -2.469038E-04
  1.153000E+00 -2.647291E-04
  1.154000E+00 -2.803544E-04
  1.155000E+00 -2.933849E-04
  1.156000E+00 -3.034672E-04
  1.157000E+00 -3.102946E-04
  1.158000E+00 -3.136111E-04
  1.159000E+00 -3.132148E-04
  1.160000E+00 -3.089593E-04
  1.161000E+00 -3.007546E-04
  1.162000E+00 -2.885667E-04
  1.163000E+00 -2.724163E-04
  1.164000E+00 -2.523765E-04
  1.165000E+00 -2.285701E-04
  1.166000E+00 -2.011661E-04
  1.167000E+00 -1.703752E-04
  1.168000E+00 -1.364462E-04
  1.169000E+00 -9.966043E-05
  1.170000E+00 -6.032754E-05
  1.171000E+00 -1.878020E-05
  1.172000E+00  2.463072E-05
  1.173000E+00  6.954104E-05
  1.174000E+00  1.155779E-04
  1.175000E+00  1.623642E-04
  1.176000E+00  2.095228E-04
  1.177000E+00  2.566804E-04
  1.178000E+00  3.034706E-04
  1.179000E+00  3.495373E-04
  1.180000E+00  3.945371E-04
  1.181000E+00  4.381410E-04
  1.182000E+00  4.800366E-04
  1.183000E+00  5.199287E-04
  1.184000E+00  5.575402E-04
  1.185000E+00  5.926124E-04
  1.186000E+00  6.249053E-04
  1.187000E+00  6.541969E-04
  1.188000E+00  6.802834E-04
  1.189000E+00  7.029784E-04
  1.190000E+00  7.221130E-04
  1.191000E+00  7.375352E-04
  1.192000E+00  7.491098E-04
  1.193000E+00  7.567189E-04
  1.194000E+00  7.602623E-04
  1.195000E+00  7.596580E-04
  1.196000E+00  7.548441E-04
  1.197000E+00  7.457797E-04
  1.198000E+00  7.324475E-04
  1.199000E+00  7.148557E-04
  1.200000E+00  6.930407E-04
  1.201000E+00  6.670697E-04
  1.202000E+00  6.370440E-04
  1.203000E+00  6.031013E-04
  1.204000E+00  5.654185E-04
  1.205000E+00  5.242143E-04
  1.206000E+00  4.797508E-04
  1.207000E+00  4.323351E-04
  1.208000E+00  3.823199E-04
  1.209000E+00  3.301032E-04
  1.210000E+00  2.761276E-04
  1.211000E+00  2.208777E-04
  1.212000E+00  1.648772E-04
  1.213000E+00  1.086845E-04
  1.214000E+00  5.288697E-05
  1.215000E+00 -1.905840E-06
  1.216000E+00 -5.506975E-05
  1.217000E+00 -1.059750E-04
  1.218000E+00 -1.539958E-04
  1.219000E+00 -1.985207E-04
  1.220000E+00 -2.389637E-04
  1.221000E+00 -2.747747E-04
  1.222000E+00 -3.054507E-04
  1.223000E+00 -3.305464E-04
  1.224000E+00 -3.496840E-04
  1.225000E+00 -3.625619E-04
  1.226000E+00 -3.689625E-04
  1.227000E+00 -3.687584E-04
  1.228000E+00 -3.619166E-04
  1.229000E+00 -3.485012E-04
  1.230000E+00 -3.286735E-04
  1.231000E+00 -3.026906E-04
  1.232000E+00 -2.709014E-04
  1.233000E+00 -2.337406E-04
  1.234000E+00 -1.917205E-04
  1.235000E+00 -1.454214E-04
  1.236000E+00 -9.547937E-05
  1.237000E+00 -4.257330E-05
  1.238000E+00  1.258942E-05
  1.239000E+00  6.928828E-05
  1.240000E+00  1.268053E-04
  1.241000E+00  1.844409E-04
  1.242000E+00  2.415293E-04
  1.243000E+00  2.974538E-04
  1.244000E+00  3.516598E-04
  1.245000E+00  4.036677E-04
  1.246000E+00  4.530828E-04
  1.247000E+00  4.996037E-04
  1.248000E+00  5.430282E-04
  1.249000E+00  5.832560E-04
  1.250000E+00  6.202892E-04
  1.251000E+00  6.542291E-04
  1.252000E+00  6.852710E-04
  1.253000E+00  7.136956E-04
  1.254000E+00  7.398574E-04
  1.255000E+00  7.641717E-04
  1.256000E+00  7.870981E-04
  1.257000E+00  8.091242E-04
  1.258000E+00  8.307461E-04
  1.259000E+00  8.524499E-04
  1.260000E+00  8.746924E-04
  1.261000E+00  8.978825E-04
  1.262000E+00  9.223638E-04
  1.263000E+00  9.483993E-04
  1.264000E+00  9.761574E-04
  1.265000E+00  1.005702E-03
  1.266000E+00  1.036985E-03
  1.267000E+00  1.069840E-03
  1.268000E+00  1.103987E-03
  1.269000E+00  1.139029E-03
  1.270000E+00  1.174465E-03
  1.271000E+00  1.209696E-03
  1.272000E+00  1.244041E-03
  1.273000E+00  1.276753E-03
  1.274000E+00  1.307040E-03
  1.275000E+00  1.334082E-03
  1.276000E+00  1.357061E-03
  1.277000E+00  1.375177E-03
  1.278000E+00  1.387675E-03
  1.279000E+00  1.393867E-03
  1.280000E+00  1.393155E-03
  1.281000E+00  1.385049E-03
  1.282000E+00  1.369183E-03
  1.283000E+00  1.345333E-03
  1.284000E+00  1.313421E-03
  1.285000E+00  1.273529E-03
  1.286000E+00  1.225896E-03
  1.287000E+00  1.170918E-03
  1.288000E+00  1.109145E-03
  1.289000E+00  1.041269E-03
  1.290000E+00  9.681114E-04
  1.291000E+00  8.906075E-04
  1.292000E+00  8.097857E-04
  1.293000E+00  7.267468E-04
  1.294000E+00  6.426398E-04
  1.295000E+00  5.586375E-04
  1.296000E+00  4.759104E-04
  1.297000E+00  3.956021E-04
  1.298000E+00  3.188043E-04
  1.299000E+00  2.465340E-04
  1.300000E+00  1.797120E-04
  1.301000E+00  1.191445E-04
  1.302000E+00  6.550710E-05
  1.303000E+00  1.933274E-05
  1.304000E+00 -1.899729E-05
  1.305000E+00 -4.925817E-05
  1.306000E+00 -7.138259E-05
  1.307000E+00 -8.545784E-05
  1.308000E+00 -9.171909E-05
  1.309000E+00 -9.053912E-05
  1.310000E+00 -8.241478E-05
  1.311000E+00 -6.795075E-05
  1.312000E+00 -4.784083E-05
  1.313000E+00 -2.284763E-05
  1.314000E+00  6.218853E-06
  1.315000E+00  3.852320E-05
  1.316000E+00  7.322629E-05
  1.317000E+00  1.095062E-04
  1.318000E+00  1.465778E-04
  1.319000E+00  1.837100E-04
  1.320000E+00  2.202415E-04
  1.321000E+00  2.555924E-04
  1.322000E+00  2.892738E-04
  1.323000E+00  3.208938E-04
  1.324000E+00  3.501601E-04
  1.325000E+00  3.768791E-04
  1.326000E+00  4.009527E-04
  1.327000E+00  4.223709E-04
  1.328000E+00  4.412032E-04
  1.329000E+00  4.575866E-04
  1.330000E+00  4.717131E-04
  1.331000E+00  4.838149E-04
  1.332000E+00  4.941497E-04
  1.333000E+00  5.029856E-04
  1.334000E+00  5.105866E-04
  1.335000E+00  5.171987E-04
  1.336000E+00  5.230377E-04
  1.337000E+00  5.282788E-04
  1.338000E+00  5.330484E-04
  1.339000E+00  5.374181E-04
  1.340000E+00  5.414015E-04
  1.341000E+00  5.449536E-04
  1.342000E+00  5.479730E-04
  1.343000E+00  5.503065E-04
  1.344000E+00  5.517560E-04
  1.345000E+00  5.520877E-04
  1.346000E+00  5.510426E-04
  1.347000E+00  5.483489E-04
  1.348000E+00  5.437343E-04
  1.349000E+00  5.369391E-04
  1.350000E+00  5.277297E-04
  1.351000E+00  5.159101E-04
  1.352000E+00  5.013335E-04
  1.353000E+00  4.839121E-04
  1.354000E+00  4.636242E-04
  1.355000E+00  4.405201E-04
  1.356000E+00  4.147253E-04
  1.357000E+00  3.864399E-04
  1.358000E+00  3.559372E-04
  1.359000E+00  3.235577E-04
  1.360000E+00  2.897019E-04
  1.361000E+00  2.548199E-04
  1.362000E+00  2.193994E-04
  1.363000E+00  1.839521E-04
  1.364000E+00  1.489984E-04
  1.365000E+00  1.150523E-04
  1.366000E+00  8.260555E-05
  1.367000E+00  5.211251E-05
  1.368000E+00  2.397587E-05
  1.369000E+00 -1.466067E-06
  1.370000E+00 -2.395023E-05
  1.371000E+00 -4.329732E-05
  1.372000E+00 -5.941777E-05
  1.373000E+00 -7.231476E-05
  1.374000E+00 -8.208433E-05
  1.375000E+00 -8.891243E-05
  1.376000E+00 -9.306898E-05
  1.377000E+00 -9.489909E-05
  1.378000E+00 -9.481172E-05
  1.379000E+00 -9.326606E-05
  1.380000E+00 -9.075615E-05
  1.381000E+00 -8.779409E-05
  1.382000E+00 -8.489248E-05
  1.383000E+00 -8.254664E-05
  1.384000E+00 -8.121720E-05
  1.385000E+00 -8.131358E-05
  1.386000E+00 -8.317900E-05
  1.387000E+00 -8.707751E-05
  1.388000E+00 -9.318343E-05
  1.389000E+00 -1.015737E-04
  1.390000E+00 -1.122232E-04
  1.391000E+00 -1.250039E-04
  1.392000E+00 -1.396866E-04
  1.393000E+00 -1.559470E-04
  1.394000E+00 -1.733743E-04
  1.395000E+00 -1.914833E-04
  1.396000E+00 -2.097291E-04
  1.397000E+00 -2.275238E-04
  1.398000E+00 -2.442557E-04
  1.399000E+00 -2.593085E-04
  1.400000E+00 -2.720825E-04
  1.401000E+00 -2.820147E-04
  1.402000E+00 -2.885988E-04
  1.403000E+00 -2.914037E-04
  1.404000E+00 -2.900905E-04
  1.405000E+00 -2.844266E-04
  1.406000E+00 -2.742977E-04
  1.407000E+00 -2.597157E-04
  1.408000E+00 -2.408240E-04
  1.409000E+00 -2.178985E-04
  1.410000E+00 -1.913447E-04
  1.411000E+00 -1.616913E-04
  1.412000E+00 -1.295800E-04
  1.413000E+00 -9.575165E-05
  1.414000E+00 -6.102932E-05
  1.415000E+00 -2.629892E-05
  1.416000E+00  7.512620E-06
  1.417000E+00  3.946059E-05
  1.418000E+00  6.860674E-05
  1.419000E+00  9.404371E-05
  1.420000E+00  1.149191E-04
  1.421000E+00  1.304586E-04
  1.422000E+00  1.399869E-04
  1.423000E+00  1.429469E-04
  1.424000E+00  1.389158E-04
  1.425000E+00  1.276178E-04
  1.426000E+00  1.089330E-04
  1.427000E+00  8.290299E-05
  1.428000E+00  4.973157E-05
  1.429000E+00  9.781988E-06
  1.430000E+00 -3.643013E-05
  1.431000E+00 -8.824759E-05
  1.432000E+00 -1.448859E-04
  1.433000E+00 -2.054508E-04
  1.434000E+00 -2.689583E-04
  1.435000E+00 -3.343568E-04
  1.436000E+00 -4.005512E-04
  1.437000E+00 -4.664272E-04
  1.438000E+00 -5.308765E-04
  1.439000E+00 -5.928215E-04
  1.440000E+00 -6.512389E-04
  1.441000E+00 -7.051823E-04
  1.442000E+00 -7.538021E-04
  1.443000E+00 -7.963636E-04
  1.444000E+00 -8.322621E-04
  1.445000E+00 -8.610347E-04
  1.446000E+00 -8.823690E-04
  1.447000E+00 -8.961082E-04
  1.448000E+00 -9.022526E-04
  1.449000E+00 -9.009572E-04
  1.450000E+00 -8.925269E-04
  1.451000E+00 -8.774067E-04
  1.452000E+00 -8.561705E-04
  1.453000E+00 -8.295061E-04
  1.454000E+00 -7.981981E-04
  1.455000E+00 -7.631088E-04
  1.456000E+00 -7.251584E-04
  1.457000E+00 -6.853028E-04
  1.458000E+00 -6.445125E-04
  1.459000E+00 -6.037508E-04
  1.460000E+00 -5.639523E-04
  1.461000E+00 -5.260034E-04
  1.462000E+00 -4.907237E-04
  1.463000E+00 -4.588491E-04
  1.464000E+00 -4.310177E-04
  1.465000E+00 -4.077580E-04
  1.466000E+00 -3.894795E-04
  1.467000E+00 -3.764670E-04
  1.468000E+00 -3.688769E-04
  1.469000E+00 -3.667370E-04
  1.470000E+00 -3.699495E-04
  1.471000E+00 -3.782960E-04
  1.472000E+00 -3.914457E-04
  1.473000E+00 -4.089657E-04
  1.474000E+00 -4.303334E-04
  1.475000E+00 -4.549509E-04
  1.476000E+00 -4.821603E-04
  1.477000E+00 -5.112604E-04
  1.478000E+00 -5.415238E-04
  1.479000E+00 -5.722143E-04
  1.480000E+00 -6.026045E-04
  1.481000E+00 -6.319921E-04
  1.482000E+00 -6.597161E-04
  1.483000E+00 -6.851713E-04
  1.484000E+00 -7.078213E-04
  1.485000E+00 -7.272102E-04
  1.486000E+00 -7.429714E-04
  1.487000E+00 -7.548349E-04
  1.488000E+00 -7.626320E-04
  1.489000E+00 -7.662969E-04
  1.490000E+00 -7.658671E-04
  1.491000E+00 -7.614800E-04
  1.492000E+00 -7.533680E-04
  1.493000E+00 -7.418506E-04
  1.494000E+00 -7.273254E-04
  1.495000E+00 -7.102564E-04
  1.496000E+00 -6.911612E-04
  1.497000E+00 -6.705967E-04
  1.498000E+00 -6.491448E-04
  1.499000E+00 -6.273959E-04
  1.500000E+00 -6.059343E-04
  1.501000E+00 -5.853222E-04
  1.502000E+00 -5.660850E-04
  1.503000E+00 -5.486979E-04
  1.504000E+00 -5.335731E-04
  1.505000E+00 -5.210491E-04
  1.506000E+00 -5.113822E-04
  1.507000E+00 -5.047394E-04
  1.508000E+00 -5.011941E-04
  1.509000E+00 -5.007248E-04
  1.510000E+00 -5.032149E-04
  1.511000E+00 -5.084566E-04
  1.512000E+00 -5.161562E-04
  1.513000E+00 -5.259423E-04
  1.514000E+00 -5.373759E-04
  1.515000E+00 -5.499624E-04
  1.516000E+00 -5.631655E-04
  1.517000E+00 -5.764217E-04
  1.518000E+00 -5.891568E-04
  1.519000E+00 -6.008016E-04
  1.520000E+00 -6.108087E-04
  1.521000E+00 -6.186686E-04
  1.522000E+00 -6.239245E-04
  1.523000E+00 -6.261872E-04
  1.524000E+00 -6.251468E-04
  1.525000E+00 -6.205842E-04
  1.526000E+00 -6.123789E-04
  1.527000E+00 -6.005152E-04
  1.528000E+00 -5.850858E-04
  1.529000E+00 -5.662918E-04
  1.530000E+00 -5.444407E-04
  1.531000E+00 -5.199408E-04
  1.532000E+00 -4.932935E-04
  1.533000E+00 -4.650823E-04
  1.534000E+00 -4.359595E-04
  1.535000E+00 -4.066313E-04
  1.536000E+00 -3.778403E-04
  1.537000E+00 -3.503472E-04
  1.538000E+00 -3.249113E-04
  1.539000E+00 -3.022708E-04
  1.540000E+00 -2.831233E-04
  1.541000E+00 -2.681063E-04
  1.542000E+00 -2.577796E-04
  1.543000E+00 -2.526086E-04
  1.544000E+00 -2.529504E-04
  1.545000E+00 -2.590415E-04
  1.546000E+00 -2.709891E-04
  1.547000E+00 -2.887647E-04
  1.548000E+00 -3.122015E-04
  1.549000E+00 -3.409956E-04
  1.550000E+00 -3.747095E-04
  1.551000E+00 -4.127804E-04
  1.552000E+00 -4.545310E-04
  1.553000E+00 -4.991838E-04
  1.554000E+00 -5.458780E-04
  1.555000E+00 -5.936891E-04
  1.556000E+00 -6.416503E-04
  1.557000E+00 -6.887756E-04
  1.558000E+00 -7.340838E-04
  1.559000E+00 -7.766221E-04
  1.560000E+00 -8.154907E-04
  1.561000E+00 -8.498653E-04
  1.562000E+00 -8.790179E-04
  1.563000E+00 -9.023364E-04
  1.564000E+00 -9.193404E-04
  1.565000E+00 -9.296938E-04
  1.566000E+00 -9.332145E-04
  1.567000E+00 -9.298794E-04
  1.568000E+00 -9.198256E-04
  1.569000E+00 -9.033474E-04
  1.570000E+00 -8.808893E-04
  1.571000E+00 -8.530346E-04
  1.572000E+00 -8.204912E-04
  1.573000E+00 -7.840728E-04
  1.574000E+00 -7.446790E-04
  1.575000E+00 -7.032711E-04
  1.576000E+00 -6.608482E-04
  1.577000E+00 -6.184208E-04
  1.578000E+00 -5.769849E-04
  1.579000E+00 -5.374962E-04
  1.580000E+00 -5.008454E-04
  1.581000E+00 -4.678352E-04
  1.582000E+00 -4.391594E-04
  1.583000E+00 -4.153859E-04
  1.584000E+00 -3.969415E-04
  1.585000E+00 -3.841022E-04
  1.586000E+00 -3.769861E-04
  1.587000E+00 -3.755519E-04
  1.588000E+00 -3.796003E-04
  1.589000E+00 -3.887813E-04
  1.590000E+00 -4.026038E-04
  1.591000E+00 -4.204505E-04
  1.592000E+00 -4.415955E-04
  1.593000E+00 -4.652244E-04
  1.594000E+00 -4.904575E-04
  1.595000E+00 -5.163740E-04
  1.596000E+00 -5.420374E-04
  1.597000E+00 -5.665209E-04
  1.598000E+00 -5.889323E-04
  1.599000E+00 -6.084381E-04
  1.600000E+00 -6.242845E-04
  1.601000E+00 -6.358175E-04
  1.602000E+00 -6.424982E-04
  1.603000E+00 -6.439160E-04
  1.604000E+00 -6.397974E-04
  1.605000E+00 -6.300105E-04
  1.606000E+00 -6.145663E-04
  1.607000E+00 -5.936152E-04
  1.608000E+00 -5.674401E-04
  1.609000E+00 -5.364459E-04
  1.610000E+00 -5.011459E-04
  1.611000E+00 -4.621452E-04
  1.612000E+00 -4.201228E-04
  1.613000E+00 -3.758113E-04
  1.614000E+00 -3.299761E-04
  1.615000E+00 -2.833942E-04
  1.616000E+00 -2.368339E-04
  1.617000E+00 -1.910341E-04
  1.618000E+00 -1.466868E-04
  1.619000E+00 -1.044202E-04
  1.620000E+00 -6.478495E-05
  1.621000E+00 -2.824293E-05
  1.622000E+00  4.841002E-06
  1.623000E+00  3.420407E-05
  1.624000E+00  5.968748E-05
  1.625000E+00  8.123516E-05
  1.626000E+00  9.888954E-05
  1.627000E+00  1.127845E-04
  1.628000E+00  1.231360E-04
  1.629000E+00  1.302303E-04
  1.630000E+00  1.344105E-04
  1.631000E+00  1.360626E-04
  1.632000E+00  1.355997E-04
  1.633000E+00  1.334467E-04
  1.634000E+00  1.300251E-04
  1.635000E+00  1.257387E-04
  1.636000E+00  1.209606E-04
  1.637000E+00  1.160212E-04
  1.638000E+00  1.111994E-04
  1.639000E+00  1.067147E-04
  1.640000E+00  1.027228E-04
  1.641000E+00  9.931322E-05
  1.642000E+00  9.650947E-05
  1.643000E+00  9.427200E-05
  1.644000E+00  9.250312E-05
  1.645000E+00  9.105427E-05
  1.646000E+00  8.973492E-05
  1.647000E+00  8.832301E-05
  1.648000E+00  8.657648E-05
  1.649000E+00  8.424541E-05
  1.650000E+00  8.108450E-05
  1.651000E+00  7.686531E-05
  1.652000E+00  7.138800E-05
  1.653000E+00  6.449198E-05
  1.654000E+00  5.606528E-05
  1.655000E+00  4.605218E-05
  1.656000E+00  3.445885E-05
  1.657000E+00  2.135669E-05
  1.658000E+00  6.883373E-06
  1.659000E+00 -8.758640E-06
  1.660000E+00 -2.530607E-05
  1.661000E+00 -4.244118E-05
  1.662000E+00 -5.980029E-05
  1.663000E+00 -7.698441E-05
  1.664000E+00 -9.357140E-05
  1.665000E+00 -1.091295E-04
  1.666000E+00 -1.232319E-04
  1.667000E+00 -1.354712E-04
  1.668000E+00 -1.454745E-04
  1.669000E+00 -1.529171E-04
  1.670000E+00 -1.575360E-04
  1.671000E+00 -1.591409E-04
  1.672000E+00 -1.576239E-04
  1.673000E+00 -1.529670E-04
  1.674000E+00 -1.452460E-04
  1.675000E+00 -1.346328E-04
  1.676000E+00 -1.213941E-04
  1.677000E+00 -1.058869E-04
  1.678000E+00 -8.855207E-05
  1.679000E+00 -6.990364E-05
  1.680000E+00 -5.051700E-05
  1.681000E+00 -3.101400E-05
  1.682000E+00 -1.204643E-05
  1.683000E+00  5.721959E-06
  1.684000E+00  2.163442E-05
  1.685000E+00  3.506067E-05
  1.686000E+00  4.541637E-05
  1.687000E+00  5.218200E-05
  1.688000E+00  5.492077E-05
  1.689000E+00  5.329502E-05
  1.690000E+00  4.708060E-05
  1.691000E+00  3.617887E-05
  1.692000E+00  2.062597E-05
  1.693000E+00  5.989330E-07
  1.694000E+00 -2.358159E-05
  1.695000E+00 -5.145210E-05
  1.696000E+00 -8.241071E-05
  1.697000E+00 -1.157253E-04
  1.698000E+00 -1.505454E-04
  1.699000E+00 -1.859171E-04
  1.700000E+00 -2.208016E-04
  1.701000E+00 -2.540965E-04
  1.702000E+00 -2.846594E-04
  1.703000E+00 -3.113334E-04
  1.704000E+00 -3.329741E-04
  1.705000E+00 -3.484772E-04
  1.706000E+00 -3.568063E-04
  1.707000E+00 -3.570202E-04
  1.708000E+00 -3.482988E-04
  1.709000E+00 -3.299667E-04
  1.710000E+00 -3.015154E-04
  1.711000E+00 -2.626207E-04
  1.712000E+00 -2.131579E-04
  1.713000E+00 -1.532119E-04
  1.714000E+00 -8.308316E-05
  1.715000E+00 -3.288627E-06
  1.716000E+00  8.544185E-05
  1.717000E+00  1.821744E-04
  1.718000E+00  2.857848E-04
  1.719000E+00  3.949764E-04
  1.720000E+00  5.083031E-04
  1.721000E+00  6.241952E-04
  1.722000E+00  7.409892E-04
  1.723000E+00  8.569600E-04
  1.724000E+00  9.703548E-04
  1.725000E+00  1.079429E-03
  1.726000E+00  1.182480E-03
  1.727000E+00  1.277885E-03
  1.728000E+00  1.364132E-03
  1.729000E+00  1.439854E-03
  1.730000E+00  1.503856E-03
  1.731000E+00  1.555141E-03
  1.732000E+00  1.592932E-03
  1.733000E+00  1.616686E-03
  1.734000E+00  1.626112E-03
  1.735000E+00  1.621167E-03
  1.736000E+00  1.602068E-03
  1.737000E+00  1.569279E-03
  1.738000E+00  1.523505E-03
  1.739000E+00  1.465677E-03
  1.740000E+00  1.396929E-03
  1.741000E+00  1.318577E-03
  1.742000E+00  1.232088E-03
  1.743000E+00  1.139051E-03
  1.744000E+00  1.041141E-03
  1.745000E+00  9.400872E-04
  1.746000E+00  8.376322E-04
  1.747000E+00  7.354997E-04
  1.748000E+00  6.353577E-04
  1.749000E+00  5.387855E-04
  1.750000E+00  4.472429E-04
  1.751000E+00  3.620421E-04
  1.752000E+00  2.843238E-04
  1.753000E+00  2.150374E-04
  1.754000E+00  1.549259E-04
  1.755000E+00  1.045159E-04
  1.756000E+00  6.411244E-05
  1.757000E+00  3.379881E-05
  1.758000E+00  1.344190E-05
  1.759000E+00  2.701759E-06
  1.760000E+00  1.045934E-06
  1.761000E+00  7.767642E-06
  1.762000E+00  2.200755E-05
  1.763000E+00  4.277844E-05
  1.764000E+00  6.899217E-05
  1.765000E+00  9.948818E-05
  1.766000E+00  1.330630E-04
  1.767000E+00  1.684998E-04
  1.768000E+00  2.045973E-04
  1.769000E+00  2.401978E-04
  1.770000E+00  2.742130E-04
  1.771000E+00  3.056471E-04
  1.772000E+00  3.336182E-04
  1.773000E+00  3.573747E-04
  1.774000E+00  3.763092E-04
  1.775000E+00  3.899683E-04
  1.776000E+00  3.980583E-04
  1.777000E+00  4.004468E-04
  1.778000E+00  3.971606E-04
  1.779000E+00  3.883799E-04
  1.780000E+00  3.744290E-04
  1.781000E+00  3.557634E-04
  1.782000E+00  3.329553E-04
  1.783000E+00  3.066754E-04
  1.784000E+00  2.776743E-04
  1.785000E+00  2.467619E-04
  1.786000E+00  2.147860E-04
  1.787000E+00  1.826116E-04
  1.788000E+00  1.510995E-04
  1.789000E+00  1.210866E-04
  1.790000E+00  9.336717E-05
  1.791000E+00  6.867539E-05
  1.792000E+00  4.767062E-05
  1.793000E+00  3.092434E-05
  1.794000E+00  1.890976E-05
  1.795000E+00  1.199396E-05
  1.796000E+00  1.043263E-05
  1.797000E+00  1.436756E-05
  1.798000E+00  2.382666E-05
  1.799000E+00  3.872651E-05
  1.800000E+00  5.887726E-05
  1.801000E+00  8.398959E-05
  1.802000E+00  1.136836E-04
  1.803000E+00  1.474990E-04
  1.804000E+00  1.849070E-04
  1.805000E+00  2.253226E-04
  1.806000E+00  2.681177E-04
  1.807000E+00  3.126344E-04
  1.808000E+00  3.581982E-04
  1.809000E+00  4.041312E-04
  1.810000E+00  4.497639E-04
  1.811000E+00  4.944468E-04
  1.812000E+00  5.375609E-04
  1.813000E+00  5.785265E-04
  1.814000E+00  6.168111E-04
  1.815000E+00  6.519359E-04
  1.816000E+00  6.834804E-04
  1.817000E+00  7.110861E-04
  1.818000E+00  7.344582E-04
  1.819000E+00  7.533668E-04
  1.820000E+00  7.676457E-04
  1.821000E+00  7.771914E-04
  1.822000E+00  7.819600E-04
  1.823000E+00  7.819643E-04
  1.824000E+00  7.772698E-04
  1.825000E+00  7.679905E-04
  1.826000E+00  7.542843E-04
  1.827000E+00  7.363489E-04
  1.828000E+00  7.144173E-04
  1.829000E+00  6.887535E-04
  1.830000E+00  6.596489E-04
  1.831000E+00  6.274185E-04
  1.832000E+00  5.923978E-04
  1.833000E+00  5.549400E-04
  1.834000E+00  5.154134E-04
  1.835000E+00  4.741991E-04
  1.836000E+00  4.316890E-04
  1.837000E+00  3.882839E-04
  1.838000E+00  3.443918E-04
  1.839000E+00  3.004257E-04
  1.840000E+00  2.568022E-04
  1.841000E+00  2.139387E-04
  1.842000E+00  1.722522E-04
  1.843000E+00  1.321555E-04
  1.844000E+00  9.405533E-05
  1.845000E+00  5.834865E-05
  1.846000E+00  2.541911E-05
  1.847000E+00 -4.366835E-06
  1.848000E+00 -3.066419E-05
  1.849000E+00 -5.315395E-05
  1.850000E+00 -7.154780E-05
  1.851000E+00 -8.559297E-05
  1.852000E+00 -9.507709E-05
  1.853000E+00 -9.983296E-05
  1.854000E+00 -9.974318E-05
  1.855000E+00 -9.474444E-05
  1.856000E+00 -8.483144E-05
  1.857000E+00 -7.006026E-05
  1.858000E+00 -5.055111E-05
  1.859000E+00 -2.649028E-05
  1.860000E+00  1.868785E-06
  1.861000E+00  3.420541E-05
  1.862000E+00  7.013274E-05
  1.863000E+00  1.092000E-04
  1.864000E+00  1.508959E-04
  1.865000E+00  1.946535E-04
  1.866000E+00  2.398563E-04
  1.867000E+00  2.858452E-04
  1.868000E+00  3.319276E-04
  1.869000E+00  3.773863E-04
  1.870000E+00  4.214903E-04
  1.871000E+00  4.635059E-04
  1.872000E+00  5.027086E-04
  1.873000E+00  5.383949E-04
  1.874000E+00  5.698949E-04
  1.875000E+00  5.965840E-04
  1.876000E+00  6.178952E-04
  1.877000E+00  6.333296E-04
  1.878000E+00  6.424673E-04
  1.879000E+00  6.449769E-04
  1.880000E+00  6.406227E-04
  1.881000E+00  6.292720E-04
  1.882000E+00  6.109000E-04
  1.883000E+00  5.855924E-04
  1.884000E+00  5.535473E-04
  1.885000E+00  5.150738E-04
  1.886000E+00  4.705900E-04
  1.887000E+00  4.206181E-04
  1.888000E+00  3.657780E-04
  1.889000E+00  3.067793E-04
  1.890000E+00  2.444113E-04
  1.891000E+00  1.795316E-04
  1.892000E+00  1.130539E-04
  1.893000E+00  4.593385E-05
  1.894000E+00 -2.084546E-05
  1.895000E+00 -8.628901E-05
  1.896000E+00 -1.494058E-04
  1.897000E+00 -2.092248E-04
  1.898000E+00 -2.648117E-04
  1.899000E+00 -3.152841E-04
  1.900000E+00 -3.598275E-04
  1.901000E+00 -3.977098E-04
  1.902000E+00 -4.282948E-04
  1.903000E+00 -4.510546E-04
  1.904000E+00 -4.655802E-04
  1.905000E+00 -4.715904E-04
  1.906000E+00 -4.689390E-04
  1.907000E+00 -4.576189E-04
  1.908000E+00 -4.377649E-04
  1.909000E+00 -4.096535E-04
  1.910000E+00 -3.737003E-04
  1.911000E+00 -3.304550E-04
  1.912000E+00 -2.805936E-04
  1.913000E+00 -2.249088E-04
  1.914000E+00 -1.642977E-04
  1.915000E+00 -9.974713E-05
  1.916000E+00 -3.231788E-05
  1.917000E+00  3.687329E-05
  1.918000E+00  1.066727E-04
  1.919000E+00  1.759100E-04
  1.920000E+00  2.434184E-04
  1.921000E+00  3.080556E-04
  1.922000E+00  3.687248E-04
  1.923000E+00  4.243936E-04
  1.924000E+00  4.741140E-04
  1.925000E+00  5.170390E-04
  1.926000E+00  5.524387E-04
  1.927000E+00  5.797134E-04
  1.928000E+00  5.984053E-04
  1.929000E+00  6.082061E-04
  1.930000E+00  6.089633E-04
  1.931000E+00  6.006820E-04
  1.932000E+00  5.835251E-04
  1.933000E+00  5.578094E-04
  1.934000E+00  5.239993E-04
  1.935000E+00  4.826972E-04
  1.936000E+00  4.346322E-04
  1.937000E+00  3.806452E-04
  1.938000E+00  3.216730E-04
  1.939000E+00  2.587299E-04
  1.940000E+00  1.928886E-04
  1.941000E+00  1.252594E-04
  1.942000E+00  5.696922E-05
  1.943000E+00 -1.085938E-05
  1.944000E+00 -7.712945E-05
  1.945000E+00 -1.407899E-04
  1.946000E+00 -2.008547E-04
  1.947000E+00 -2.564211E-04
  1.948000E+00 -3.066857E-04
  1.949000E+00 -3.509584E-04
  1.950000E+00 -3.886743E-04
  1.951000E+00 -4.194036E-04
  1.952000E+00 -4.428571E-04
  1.953000E+00 -4.588913E-04
  1.954000E+00 -4.675083E-04
  1.955000E+00 -4.688545E-04
  1.956000E+00 -4.632154E-04
  1.957000E+00 -4.510084E-04
  1.958000E+00 -4.327727E-04
  1.959000E+00 -4.091568E-04
  1.960000E+00 -3.809038E-04
  1.961000E+00 -3.488357E-04
  1.962000E+00 -3.138353E-04
  1.963000E+00 -2.768277E-04
  1.964000E+00 -2.387611E-04
  1.965000E+00 -2.005871E-04
  1.966000E+00 -1.632417E-04
  1.967000E+00 -1.276259E-04
  1.968000E+00 -9.458878E-05
  1.969000E+00 -6.491046E-05
  1.970000E+00 -3.928783E-05
  1.971000E+00 -1.832182E-05
  1.972000E+00 -2.507065E-06
  1.973000E+00  7.775928E-06
  1.974000E+00  1.226606E-05
  1.975000E+00  1.082423E-05
  1.976000E+00  3.433206E-06
  1.977000E+00 -9.805006E-06
  1.978000E+00 -2.867441E-05
  1.979000E+00 -5.285254E-05
  1.980000E+00 -8.192007E-05
  1.981000E+00 -1.153723E-04
  1.982000E+00 -1.526321E-04
  1.983000E+00 -1.930641E-04
  1.984000E+00 -2.359896E-04
  1.985000E+00 -2.807018E-04
  1.986000E+00 -3.264812E-04
  1.987000E+00 -3.726108E-04
  1.988000E+00 -4.183898E-04
  1.989000E+00 -4.631471E-04
  1.990000E+00 -5.062535E-04
  1.991000E+00 -5.471313E-04
  1.992000E+00 -5.852637E-04
  1.993000E+00 -6.202011E-04
  1.994000E+00 -6.515663E-04
  1.995000E+00 -6.790575E-04
  1.996000E+00 -7.024495E-04
  1.997000E+00 -7.215933E-04
  1.998000E+00 -7.364137E-04
  1.999000E+00 -7.469057E-04
  2.000000E+00  3.513351E-02
