; material = LLZO                                                       
Zr            2000  1.98494526E+01          580.000000
  0.000000E+00  1.000000E+00
  1.000000E-03  9.975856E-01
  2.000000E-03  9.903746E-01
  3.000000E-03  9.784637E-01
  4.000000E-03  9.620114E-01
  5.000000E-03  9.412345E-01
  6.000000E-03  9.164035E-01
  7.000000E-03  8.878367E-01
  8.000000E-03  8.558928E-01
  9.000000E-03  8.209640E-01
  1.000000E-02  7.834671E-01
  1.100000E-02  7.438356E-01
  1.200000E-02  7.025106E-01
  1.300000E-02  6.599327E-01
  1.400000E-02  6.165336E-01
  1.500000E-02  5.727286E-01
  1.600000E-02  5.289099E-01
  1.700000E-02  4.854405E-01
  1.800000E-02  4.426488E-01
  1.900000E-02  4.008249E-01
  2.000000E-02  3.602180E-01
  2.100000E-02  3.210340E-01
  2.200000E-02  2.834353E-01
  2.300000E-02  2.475412E-01
  2.400000E-02  2.134293E-01
  2.500000E-02  1.811379E-01
  2.600000E-02  1.506697E-01
  2.700000E-02  1.219950E-01
  2.800000E-02  9.505695E-02
  2.900000E-02  6.977603E-02
  3.000000E-02  4.605548E-02
  3.100000E-02  2.378647E-02
  3.200000E-02  2.853384E-03
  3.300000E-02 -1.686118E-02
  3.400000E-02 -3.547169E-02
  3.500000E-02 -5.308552E-02
  3.600000E-02 -6.979922E-02
  3.700000E-02 -8.569558E-02
  3.800000E-02 -1.008413E-01
  3.900000E-02 -1.152856E-01
  4.000000E-02 -1.290593E-01
  4.100000E-02 -1.421748E-01
  4.200000E-02 -1.546272E-01
  4.300000E-02 -1.663955E-01
  4.400000E-02 -1.774445E-01
  4.500000E-02 -1.877279E-01
  4.600000E-02 -1.971908E-01
  4.700000E-02 -2.057735E-01
  4.800000E-02 -2.134148E-01
  4.900000E-02 -2.200557E-01
  5.000000E-02 -2.256428E-01
  5.100000E-02 -2.301320E-01
  5.200000E-02 -2.334913E-01
  5.300000E-02 -2.357035E-01
  5.400000E-02 -2.367687E-01
  5.500000E-02 -2.367056E-01
  5.600000E-02 -2.355527E-01
  5.700000E-02 -2.333689E-01
  5.800000E-02 -2.302329E-01
  5.900000E-02 -2.262424E-01
  6.000000E-02 -2.215129E-01
  6.100000E-02 -2.161750E-01
  6.200000E-02 -2.103725E-01
  6.300000E-02 -2.042587E-01
  6.400000E-02 -1.979936E-01
  6.500000E-02 -1.917397E-01
  6.600000E-02 -1.856588E-01
  6.700000E-02 -1.799078E-01
  6.800000E-02 -1.746352E-01
  6.900000E-02 -1.699778E-01
  7.000000E-02 -1.660569E-01
  7.100000E-02 -1.629761E-01
  7.200000E-02 -1.608187E-01
  7.300000E-02 -1.596455E-01
  7.400000E-02 -1.594942E-01
  7.500000E-02 -1.603780E-01
  7.600000E-02 -1.622860E-01
  7.700000E-02 -1.651837E-01
  7.800000E-02 -1.690135E-01
  7.900000E-02 -1.736972E-01
  8.000000E-02 -1.791375E-01
  8.100000E-02 -1.852206E-01
  8.200000E-02 -1.918194E-01
  8.300000E-02 -1.987962E-01
  8.400000E-02 -2.060065E-01
  8.500000E-02 -2.133019E-01
  8.600000E-02 -2.205338E-01
  8.700000E-02 -2.275567E-01
  8.800000E-02 -2.342311E-01
  8.900000E-02 -2.404264E-01
  9.000000E-02 -2.460237E-01
  9.100000E-02 -2.509174E-01
  9.200000E-02 -2.550176E-01
  9.300000E-02 -2.582510E-01
  9.400000E-02 -2.605616E-01
  9.500000E-02 -2.619115E-01
  9.600000E-02 -2.622805E-01
  9.700000E-02 -2.616656E-01
  9.800000E-02 -2.600804E-01
  9.900000E-02 -2.575531E-01
  1.000000E-01 -2.541260E-01
  1.010000E-01 -2.498525E-01
  1.020000E-01 -2.447961E-01
  1.030000E-01 -2.390279E-01
  1.040000E-01 -2.326241E-01
  1.050000E-01 -2.256644E-01
  1.060000E-01 -2.182297E-01
  1.070000E-01 -2.104002E-01
  1.080000E-01 -2.022533E-01
  1.090000E-01 -1.938626E-01
  1.100000E-01 -1.852963E-01
  1.110000E-01 -1.766161E-01
  1.120000E-01 -1.678765E-01
  1.130000E-01 -1.591247E-01
  1.140000E-01 -1.503998E-01
  1.150000E-01 -1.417334E-01
  1.160000E-01 -1.331500E-01
  1.170000E-01 -1.246672E-01
  1.180000E-01 -1.162968E-01
  1.190000E-01 -1.080455E-01
  1.200000E-01 -9.991622E-02
  1.210000E-01 -9.190881E-02
  1.220000E-01 -8.402147E-02
  1.230000E-01 -7.625167E-02
  1.240000E-01 -6.859723E-02
  1.250000E-01 -6.105724E-02
  1.260000E-01 -5.363283E-02
  1.270000E-01 -4.632783E-02
  1.280000E-01 -3.914926E-02
  1.290000E-01 -3.210760E-02
  1.300000E-01 -2.521693E-02
  1.310000E-01 -1.849481E-02
  1.320000E-01 -1.196207E-02
  1.330000E-01 -5.642375E-03
  1.340000E-01  4.383015E-04
  1.350000E-01  6.252363E-03
  1.360000E-01  1.177134E-02
  1.370000E-01  1.696670E-02
  1.380000E-01  2.181070E-02
  1.390000E-01  2.627724E-02
  1.400000E-01  3.034267E-02
  1.410000E-01  3.398653E-02
  1.420000E-01  3.719226E-02
  1.430000E-01  3.994772E-02
  1.440000E-01  4.224568E-02
  1.450000E-01  4.408411E-02
  1.460000E-01  4.546635E-02
  1.470000E-01  4.640113E-02
  1.480000E-01  4.690245E-02
  1.490000E-01  4.698933E-02
  1.500000E-01  4.668541E-02
  1.510000E-01  4.601844E-02
  1.520000E-01  4.501973E-02
  1.530000E-01  4.372344E-02
  1.540000E-01  4.216588E-02
  1.550000E-01  4.038476E-02
  1.560000E-01  3.841841E-02
  1.570000E-01  3.630509E-02
  1.580000E-01  3.408220E-02
  1.590000E-01  3.178571E-02
  1.600000E-01  2.944952E-02
  1.610000E-01  2.710499E-02
  1.620000E-01  2.478050E-02
  1.630000E-01  2.250118E-02
  1.640000E-01  2.028865E-02
  1.650000E-01  1.816096E-02
  1.660000E-01  1.613258E-02
  1.670000E-01  1.421444E-02
  1.680000E-01  1.241413E-02
  1.690000E-01  1.073615E-02
  1.700000E-01  9.182138E-03
  1.710000E-01  7.751273E-03
  1.720000E-01  6.440604E-03
  1.730000E-01  5.245433E-03
  1.740000E-01  4.159703E-03
  1.750000E-01  3.176356E-03
  1.760000E-01  2.287685E-03
  1.770000E-01  1.485638E-03
  1.780000E-01  7.620946E-04
  1.790000E-01  1.090857E-04
  1.800000E-01 -4.810278E-04
  1.810000E-01 -1.015431E-03
  1.820000E-01 -1.500777E-03
  1.830000E-01 -1.943156E-03
  1.840000E-01 -2.348103E-03
  1.850000E-01 -2.720643E-03
  1.860000E-01 -3.065358E-03
  1.870000E-01 -3.386476E-03
  1.880000E-01 -3.687972E-03
  1.890000E-01 -3.973668E-03
  1.900000E-01 -4.247330E-03
  1.910000E-01 -4.512754E-03
  1.920000E-01 -4.773834E-03
  1.930000E-01 -5.034608E-03
  1.940000E-01 -5.299276E-03
  1.950000E-01 -5.572203E-03
  1.960000E-01 -5.857885E-03
  1.970000E-01 -6.160897E-03
  1.980000E-01 -6.485822E-03
  1.990000E-01 -6.837160E-03
  2.000000E-01 -7.219230E-03
  2.010000E-01 -7.636066E-03
  2.020000E-01 -8.091317E-03
  2.030000E-01 -8.588147E-03
  2.040000E-01 -9.129164E-03
  2.050000E-01 -9.716353E-03
  2.060000E-01 -1.035104E-02
  2.070000E-01 -1.103390E-02
  2.080000E-01 -1.176494E-02
  2.090000E-01 -1.254359E-02
  2.100000E-01 -1.336877E-02
  2.110000E-01 -1.423897E-02
  2.120000E-01 -1.515243E-02
  2.130000E-01 -1.610724E-02
  2.140000E-01 -1.710152E-02
  2.150000E-01 -1.813357E-02
  2.160000E-01 -1.920203E-02
  2.170000E-01 -2.030605E-02
  2.180000E-01 -2.144537E-02
  2.190000E-01 -2.262044E-02
  2.200000E-01 -2.383249E-02
  2.210000E-01 -2.508355E-02
  2.220000E-01 -2.637644E-02
  2.230000E-01 -2.771467E-02
  2.240000E-01 -2.910236E-02
  2.250000E-01 -3.054409E-02
  2.260000E-01 -3.204466E-02
  2.270000E-01 -3.360890E-02
  2.280000E-01 -3.524136E-02
  2.290000E-01 -3.694604E-02
  2.300000E-01 -3.872608E-02
  2.310000E-01 -4.058345E-02
  2.320000E-01 -4.251866E-02
  2.330000E-01 -4.453046E-02
  2.340000E-01 -4.661562E-02
  2.350000E-01 -4.876872E-02
  2.360000E-01 -5.098196E-02
  2.370000E-01 -5.324512E-02
  2.380000E-01 -5.554550E-02
  2.390000E-01 -5.786798E-02
  2.400000E-01 -6.019512E-02
  2.410000E-01 -6.250739E-02
  2.420000E-01 -6.478340E-02
  2.430000E-01 -6.700025E-02
  2.440000E-01 -6.913393E-02
  2.450000E-01 -7.115972E-02
  2.460000E-01 -7.305274E-02
  2.470000E-01 -7.478839E-02
  2.480000E-01 -7.634291E-02
  2.490000E-01 -7.769387E-02
  2.500000E-01 -7.882067E-02
  2.510000E-01 -7.970502E-02
  2.520000E-01 -8.033132E-02
  2.530000E-01 -8.068703E-02
  2.540000E-01 -8.076295E-02
  2.550000E-01 -8.055341E-02
  2.560000E-01 -8.005638E-02
  2.570000E-01 -7.927348E-02
  2.580000E-01 -7.820990E-02
  2.590000E-01 -7.687422E-02
  2.600000E-01 -7.527816E-02
  2.610000E-01 -7.343620E-02
  2.620000E-01 -7.136522E-02
  2.630000E-01 -6.908395E-02
  2.640000E-01 -6.661252E-02
  2.650000E-01 -6.397188E-02
  2.660000E-01 -6.118323E-02
  2.670000E-01 -5.826746E-02
  2.680000E-01 -5.524468E-02
  2.690000E-01 -5.213364E-02
  2.700000E-01 -4.895138E-02
  2.710000E-01 -4.571281E-02
  2.720000E-01 -4.243046E-02
  2.730000E-01 -3.911429E-02
  2.740000E-01 -3.577157E-02
  2.750000E-01 -3.240695E-02
  2.760000E-01 -2.902250E-02
  2.770000E-01 -2.561797E-02
  2.780000E-01 -2.219106E-02
  2.790000E-01 -1.873784E-02
  2.800000E-01 -1.525314E-02
  2.810000E-01 -1.173109E-02
  2.820000E-01 -8.165650E-03
  2.830000E-01 -4.551168E-03
  2.840000E-01 -8.829256E-04
  2.850000E-01  2.842322E-03
  2.860000E-01  6.625849E-03
  2.870000E-01  1.046653E-02
  2.880000E-01  1.436045E-02
  2.890000E-01  1.830068E-02
  2.900000E-01  2.227702E-02
  2.910000E-01  2.627602E-02
  2.920000E-01  3.028093E-02
  2.930000E-01  3.427193E-02
  2.940000E-01  3.822635E-02
  2.950000E-01  4.211909E-02
  2.960000E-01  4.592303E-02
  2.970000E-01  4.960965E-02
  2.980000E-01  5.314962E-02
  2.990000E-01  5.651350E-02
  3.000000E-01  5.967245E-02
  3.010000E-01  6.259894E-02
  3.020000E-01  6.526749E-02
  3.030000E-01  6.765537E-02
  3.040000E-01  6.974319E-02
  3.050000E-01  7.151552E-02
  3.060000E-01  7.296130E-02
  3.070000E-01  7.407431E-02
  3.080000E-01  7.485332E-02
  3.090000E-01  7.530230E-02
  3.100000E-01  7.543039E-02
  3.110000E-01  7.525178E-02
  3.120000E-01  7.478542E-02
  3.130000E-01  7.405468E-02
  3.140000E-01  7.308681E-02
  3.150000E-01  7.191239E-02
  3.160000E-01  7.056458E-02
  3.170000E-01  6.907840E-02
  3.180000E-01  6.748998E-02
  3.190000E-01  6.583563E-02
  3.200000E-01  6.415114E-02
  3.210000E-01  6.247087E-02
  3.220000E-01  6.082708E-02
  3.230000E-01  5.924918E-02
  3.240000E-01  5.776313E-02
  3.250000E-01  5.639093E-02
  3.260000E-01  5.515025E-02
  3.270000E-01  5.405408E-02
  3.280000E-01  5.311062E-02
  3.290000E-01  5.232328E-02
  3.300000E-01  5.169074E-02
  3.310000E-01  5.120720E-02
  3.320000E-01  5.086272E-02
  3.330000E-01  5.064369E-02
  3.340000E-01  5.053333E-02
  3.350000E-01  5.051234E-02
  3.360000E-01  5.055953E-02
  3.370000E-01  5.065251E-02
  3.380000E-01  5.076843E-02
  3.390000E-01  5.088463E-02
  3.400000E-01  5.097932E-02
  3.410000E-01  5.103218E-02
  3.420000E-01  5.102495E-02
  3.430000E-01  5.094180E-02
  3.440000E-01  5.076981E-02
  3.450000E-01  5.049914E-02
  3.460000E-01  5.012323E-02
  3.470000E-01  4.963882E-02
  3.480000E-01  4.904590E-02
  3.490000E-01  4.834752E-02
  3.500000E-01  4.754951E-02
  3.510000E-01  4.666015E-02
  3.520000E-01  4.568968E-02
  3.530000E-01  4.464987E-02
  3.540000E-01  4.355342E-02
  3.550000E-01  4.241346E-02
  3.560000E-01  4.124295E-02
  3.570000E-01  4.005415E-02
  3.580000E-01  3.885812E-02
  3.590000E-01  3.766424E-02
  3.600000E-01  3.647981E-02
  3.610000E-01  3.530976E-02
  3.620000E-01  3.415641E-02
  3.630000E-01  3.301931E-02
  3.640000E-01  3.189525E-02
  3.650000E-01  3.077831E-02
  3.660000E-01  2.966003E-02
  3.670000E-01  2.852966E-02
  3.680000E-01  2.737452E-02
  3.690000E-01  2.618044E-02
  3.700000E-01  2.493219E-02
  3.710000E-01  2.361408E-02
  3.720000E-01  2.221043E-02
  3.730000E-01  2.070624E-02
  3.740000E-01  1.908764E-02
  3.750000E-01  1.734253E-02
  3.760000E-01  1.546102E-02
  3.770000E-01  1.343588E-02
  3.780000E-01  1.126292E-02
  3.790000E-01  8.941285E-03
  3.800000E-01  6.473624E-03
  3.810000E-01  3.866230E-03
  3.820000E-01  1.129015E-03
  3.830000E-01 -1.724580E-03
  3.840000E-01 -4.677786E-03
  3.850000E-01 -7.710799E-03
  3.860000E-01 -1.080115E-02
  3.870000E-01 -1.392417E-02
  3.880000E-01 -1.705346E-02
  3.890000E-01 -2.016152E-02
  3.900000E-01 -2.322026E-02
  3.910000E-01 -2.620164E-02
  3.920000E-01 -2.907828E-02
  3.930000E-01 -3.182402E-02
  3.940000E-01 -3.441447E-02
  3.950000E-01 -3.682749E-02
  3.960000E-01 -3.904367E-02
  3.970000E-01 -4.104663E-02
  3.980000E-01 -4.282336E-02
  3.990000E-01 -4.436435E-02
  4.000000E-01 -4.566374E-02
  4.010000E-01 -4.671928E-02
  4.020000E-01 -4.753229E-02
  4.030000E-01 -4.810746E-02
  4.040000E-01 -4.845259E-02
  4.050000E-01 -4.857830E-02
  4.060000E-01 -4.849764E-02
  4.070000E-01 -4.822565E-02
  4.080000E-01 -4.777889E-02
  4.090000E-01 -4.717501E-02
  4.100000E-01 -4.643220E-02
  4.110000E-01 -4.556876E-02
  4.120000E-01 -4.460263E-02
  4.130000E-01 -4.355095E-02
  4.140000E-01 -4.242974E-02
  4.150000E-01 -4.125353E-02
  4.160000E-01 -4.003514E-02
  4.170000E-01 -3.878546E-02
  4.180000E-01 -3.751338E-02
  4.190000E-01 -3.622573E-02
  4.200000E-01 -3.492728E-02
  4.210000E-01 -3.362090E-02
  4.220000E-01 -3.230767E-02
  4.230000E-01 -3.098709E-02
  4.240000E-01 -2.965738E-02
  4.250000E-01 -2.831576E-02
  4.260000E-01 -2.695874E-02
  4.270000E-01 -2.558251E-02
  4.280000E-01 -2.418321E-02
  4.290000E-01 -2.275731E-02
  4.300000E-01 -2.130187E-02
  4.310000E-01 -1.981486E-02
  4.320000E-01 -1.829534E-02
  4.330000E-01 -1.674370E-02
  4.340000E-01 -1.516176E-02
  4.350000E-01 -1.355285E-02
  4.360000E-01 -1.192185E-02
  4.370000E-01 -1.027513E-02
  4.380000E-01 -8.620494E-03
  4.390000E-01 -6.966973E-03
  4.400000E-01 -5.324685E-03
  4.410000E-01 -3.704574E-03
  4.420000E-01 -2.118150E-03
  4.430000E-01 -5.771974E-04
  4.440000E-01  9.065344E-04
  4.450000E-01  2.321638E-03
  4.460000E-01  3.657354E-03
  4.470000E-01  4.903863E-03
  4.480000E-01  6.052552E-03
  4.490000E-01  7.096249E-03
  4.500000E-01  8.029419E-03
  4.510000E-01  8.848314E-03
  4.520000E-01  9.551079E-03
  4.530000E-01  1.013780E-02
  4.540000E-01  1.061050E-02
  4.550000E-01  1.097309E-02
  4.560000E-01  1.123126E-02
  4.570000E-01  1.139231E-02
  4.580000E-01  1.146500E-02
  4.590000E-01  1.145927E-02
  4.600000E-01  1.138601E-02
  4.610000E-01  1.125676E-02
  4.620000E-01  1.108345E-02
  4.630000E-01  1.087806E-02
  4.640000E-01  1.065234E-02
  4.650000E-01  1.041756E-02
  4.660000E-01  1.018419E-02
  4.670000E-01  9.961734E-03
  4.680000E-01  9.758468E-03
  4.690000E-01  9.581312E-03
  4.700000E-01  9.435705E-03
  4.710000E-01  9.325524E-03
  4.720000E-01  9.253055E-03
  4.730000E-01  9.219011E-03
  4.740000E-01  9.222589E-03
  4.750000E-01  9.261572E-03
  4.760000E-01  9.332463E-03
  4.770000E-01  9.430655E-03
  4.780000E-01  9.550628E-03
  4.790000E-01  9.686158E-03
  4.800000E-01  9.830551E-03
  4.810000E-01  9.976873E-03
  4.820000E-01  1.011818E-02
  4.830000E-01  1.024774E-02
  4.840000E-01  1.035924E-02
  4.850000E-01  1.044700E-02
  4.860000E-01  1.050608E-02
  4.870000E-01  1.053248E-02
  4.880000E-01  1.052316E-02
  4.890000E-01  1.047618E-02
  4.900000E-01  1.039068E-02
  4.910000E-01  1.026689E-02
  4.920000E-01  1.010608E-02
  4.930000E-01  9.910485E-03
  4.940000E-01  9.683183E-03
  4.950000E-01  9.427992E-03
  4.960000E-01  9.149296E-03
  4.970000E-01  8.851881E-03
  4.980000E-01  8.540760E-03
  4.990000E-01  8.220983E-03
  5.000000E-01  7.897461E-03
  5.010000E-01  7.574791E-03
  5.020000E-01  7.257090E-03
  5.030000E-01  6.947854E-03
  5.040000E-01  6.649834E-03
  5.050000E-01  6.364939E-03
  5.060000E-01  6.094162E-03
  5.070000E-01  5.837547E-03
  5.080000E-01  5.594171E-03
  5.090000E-01  5.362175E-03
  5.100000E-01  5.138808E-03
  5.110000E-01  4.920508E-03
  5.120000E-01  4.703012E-03
  5.130000E-01  4.481478E-03
  5.140000E-01  4.250636E-03
  5.150000E-01  4.004946E-03
  5.160000E-01  3.738769E-03
  5.170000E-01  3.446543E-03
  5.180000E-01  3.122954E-03
  5.190000E-01  2.763111E-03
  5.200000E-01  2.362700E-03
  5.210000E-01  1.918131E-03
  5.220000E-01  1.426664E-03
  5.230000E-01  8.865110E-04
  5.240000E-01  2.969198E-04
  5.250000E-01 -3.417764E-04
  5.260000E-01 -1.028133E-03
  5.270000E-01 -1.759599E-03
  5.280000E-01 -2.532547E-03
  5.290000E-01 -3.342336E-03
  5.300000E-01 -4.183392E-03
  5.310000E-01 -5.049323E-03
  5.320000E-01 -5.933043E-03
  5.330000E-01 -6.826920E-03
  5.340000E-01 -7.722936E-03
  5.350000E-01 -8.612853E-03
  5.360000E-01 -9.488387E-03
  5.370000E-01 -1.034138E-02
  5.380000E-01 -1.116397E-02
  5.390000E-01 -1.194875E-02
  5.400000E-01 -1.268891E-02
  5.410000E-01 -1.337838E-02
  5.420000E-01 -1.401196E-02
  5.430000E-01 -1.458534E-02
  5.440000E-01 -1.509527E-02
  5.450000E-01 -1.553952E-02
  5.460000E-01 -1.591695E-02
  5.470000E-01 -1.622747E-02
  5.480000E-01 -1.647202E-02
  5.490000E-01 -1.665252E-02
  5.500000E-01 -1.677177E-02
  5.510000E-01 -1.683338E-02
  5.520000E-01 -1.684163E-02
  5.530000E-01 -1.680136E-02
  5.540000E-01 -1.671781E-02
  5.550000E-01 -1.659648E-02
  5.560000E-01 -1.644299E-02
  5.570000E-01 -1.626293E-02
  5.580000E-01 -1.606170E-02
  5.590000E-01 -1.584442E-02
  5.600000E-01 -1.561572E-02
  5.610000E-01 -1.537974E-02
  5.620000E-01 -1.513995E-02
  5.630000E-01 -1.489914E-02
  5.640000E-01 -1.465933E-02
  5.650000E-01 -1.442175E-02
  5.660000E-01 -1.418685E-02
  5.670000E-01 -1.395432E-02
  5.680000E-01 -1.372310E-02
  5.690000E-01 -1.349146E-02
  5.700000E-01 -1.325708E-02
  5.710000E-01 -1.301714E-02
  5.720000E-01 -1.276843E-02
  5.730000E-01 -1.250747E-02
  5.740000E-01 -1.223062E-02
  5.750000E-01 -1.193426E-02
  5.760000E-01 -1.161486E-02
  5.770000E-01 -1.126915E-02
  5.780000E-01 -1.089423E-02
  5.790000E-01 -1.048768E-02
  5.800000E-01 -1.004765E-02
  5.810000E-01 -9.572970E-03
  5.820000E-01 -9.063191E-03
  5.830000E-01 -8.518633E-03
  5.840000E-01 -7.940417E-03
  5.850000E-01 -7.330461E-03
  5.860000E-01 -6.691464E-03
  5.870000E-01 -6.026858E-03
  5.880000E-01 -5.340752E-03
  5.890000E-01 -4.637843E-03
  5.900000E-01 -3.923324E-03
  5.910000E-01 -3.202764E-03
  5.920000E-01 -2.481985E-03
  5.930000E-01 -1.766929E-03
  5.940000E-01 -1.063515E-03
  5.950000E-01 -3.775022E-04
  5.960000E-01  2.856501E-04
  5.970000E-01  9.209147E-04
  5.980000E-01  1.523819E-03
  5.990000E-01  2.090553E-03
  6.000000E-01  2.618067E-03
  6.010000E-01  3.104140E-03
  6.020000E-01  3.547443E-03
  6.030000E-01  3.947560E-03
  6.040000E-01  4.305007E-03
  6.050000E-01  4.621209E-03
  6.060000E-01  4.898464E-03
  6.070000E-01  5.139881E-03
  6.080000E-01  5.349296E-03
  6.090000E-01  5.531169E-03
  6.100000E-01  5.690467E-03
  6.110000E-01  5.832527E-03
  6.120000E-01  5.962915E-03
  6.130000E-01  6.087276E-03
  6.140000E-01  6.211180E-03
  6.150000E-01  6.339970E-03
  6.160000E-01  6.478620E-03
  6.170000E-01  6.631594E-03
  6.180000E-01  6.802722E-03
  6.190000E-01  6.995097E-03
  6.200000E-01  7.210980E-03
  6.210000E-01  7.451742E-03
  6.220000E-01  7.717812E-03
  6.230000E-01  8.008666E-03
  6.240000E-01  8.322829E-03
  6.250000E-01  8.657911E-03
  6.260000E-01  9.010662E-03
  6.270000E-01  9.377054E-03
  6.280000E-01  9.752379E-03
  6.290000E-01  1.013137E-02
  6.300000E-01  1.050834E-02
  6.310000E-01  1.087733E-02
  6.320000E-01  1.123223E-02
  6.330000E-01  1.156700E-02
  6.340000E-01  1.187577E-02
  6.350000E-01  1.215300E-02
  6.360000E-01  1.239367E-02
  6.370000E-01  1.259334E-02
  6.380000E-01  1.274831E-02
  6.390000E-01  1.285571E-02
  6.400000E-01  1.291353E-02
  6.410000E-01  1.292073E-02
  6.420000E-01  1.287720E-02
  6.430000E-01  1.278381E-02
  6.440000E-01  1.264233E-02
  6.450000E-01  1.245541E-02
  6.460000E-01  1.222650E-02
  6.470000E-01  1.195970E-02
  6.480000E-01  1.165973E-02
  6.490000E-01  1.133172E-02
  6.500000E-01  1.098109E-02
  6.510000E-01  1.061343E-02
  6.520000E-01  1.023428E-02
  6.530000E-01  9.849064E-03
  6.540000E-01  9.462854E-03
  6.550000E-01  9.080293E-03
  6.560000E-01  8.705452E-03
  6.570000E-01  8.341722E-03
  6.580000E-01  7.991732E-03
  6.590000E-01  7.657283E-03
  6.600000E-01  7.339310E-03
  6.610000E-01  7.037869E-03
  6.620000E-01  6.752144E-03
  6.630000E-01  6.480491E-03
  6.640000E-01  6.220490E-03
  6.650000E-01  5.969038E-03
  6.660000E-01  5.722445E-03
  6.670000E-01  5.476557E-03
  6.680000E-01  5.226892E-03
  6.690000E-01  4.968780E-03
  6.700000E-01  4.697519E-03
  6.710000E-01  4.408518E-03
  6.720000E-01  4.097454E-03
  6.730000E-01  3.760407E-03
  6.740000E-01  3.393996E-03
  6.750000E-01  2.995493E-03
  6.760000E-01  2.562923E-03
  6.770000E-01  2.095140E-03
  6.780000E-01  1.591886E-03
  6.790000E-01  1.053821E-03
  6.800000E-01  4.825296E-04
  6.810000E-01 -1.194984E-04
  6.820000E-01 -7.489088E-04
  6.830000E-01 -1.401550E-03
  6.840000E-01 -2.072563E-03
  6.850000E-01 -2.756481E-03
  6.860000E-01 -3.447361E-03
  6.870000E-01 -4.138911E-03
  6.880000E-01 -4.824637E-03
  6.890000E-01 -5.497990E-03
  6.900000E-01 -6.152517E-03
  6.910000E-01 -6.782001E-03
  6.920000E-01 -7.380609E-03
  6.930000E-01 -7.943010E-03
  6.940000E-01 -8.464495E-03
  6.950000E-01 -8.941070E-03
  6.960000E-01 -9.369535E-03
  6.970000E-01 -9.747537E-03
  6.980000E-01 -1.007361E-02
  6.990000E-01 -1.034717E-02
  7.000000E-01 -1.056853E-02
  7.010000E-01 -1.073882E-02
  7.020000E-01 -1.086000E-02
  7.030000E-01 -1.093472E-02
  7.040000E-01 -1.096625E-02
  7.050000E-01 -1.095839E-02
  7.060000E-01 -1.091537E-02
  7.070000E-01 -1.084166E-02
  7.080000E-01 -1.074192E-02
  7.090000E-01 -1.062085E-02
  7.100000E-01 -1.048303E-02
  7.110000E-01 -1.033286E-02
  7.120000E-01 -1.017443E-02
  7.130000E-01 -1.001143E-02
  7.140000E-01 -9.847057E-03
  7.150000E-01 -9.683983E-03
  7.160000E-01 -9.524288E-03
  7.170000E-01 -9.369441E-03
  7.180000E-01 -9.220300E-03
  7.190000E-01 -9.077119E-03
  7.200000E-01 -8.939580E-03
  7.210000E-01 -8.806838E-03
  7.220000E-01 -8.677589E-03
  7.230000E-01 -8.550133E-03
  7.240000E-01 -8.422468E-03
  7.250000E-01 -8.292371E-03
  7.260000E-01 -8.157499E-03
  7.270000E-01 -8.015481E-03
  7.280000E-01 -7.864015E-03
  7.290000E-01 -7.700950E-03
  7.300000E-01 -7.524378E-03
  7.310000E-01 -7.332699E-03
  7.320000E-01 -7.124683E-03
  7.330000E-01 -6.899519E-03
  7.340000E-01 -6.656849E-03
  7.350000E-01 -6.396783E-03
  7.360000E-01 -6.119907E-03
  7.370000E-01 -5.827265E-03
  7.380000E-01 -5.520337E-03
  7.390000E-01 -5.201000E-03
  7.400000E-01 -4.871470E-03
  7.410000E-01 -4.534250E-03
  7.420000E-01 -4.192052E-03
  7.430000E-01 -3.847726E-03
  7.440000E-01 -3.504184E-03
  7.450000E-01 -3.164315E-03
  7.460000E-01 -2.830911E-03
  7.470000E-01 -2.506592E-03
  7.480000E-01 -2.193740E-03
  7.490000E-01 -1.894438E-03
  7.500000E-01 -1.610417E-03
  7.510000E-01 -1.343021E-03
  7.520000E-01 -1.093176E-03
  7.530000E-01 -8.613790E-04
  7.540000E-01 -6.476896E-04
  7.550000E-01 -4.517444E-04
  7.560000E-01 -2.727771E-04
  7.570000E-01 -1.096515E-04
  7.580000E-01  3.909610E-05
  7.590000E-01  1.752060E-04
  7.600000E-01  3.006377E-04
  7.610000E-01  4.175079E-04
  7.620000E-01  5.280257E-04
  7.630000E-01  6.344263E-04
  7.640000E-01  7.389069E-04
  7.650000E-01  8.435650E-04
  7.660000E-01  9.503411E-04
  7.670000E-01  1.060969E-03
  7.680000E-01  1.176931E-03
  7.690000E-01  1.299425E-03
  7.700000E-01  1.429341E-03
  7.710000E-01  1.567240E-03
  7.720000E-01  1.713358E-03
  7.730000E-01  1.867600E-03
  7.740000E-01  2.029564E-03
  7.750000E-01  2.198556E-03
  7.760000E-01  2.373625E-03
  7.770000E-01  2.553596E-03
  7.780000E-01  2.737114E-03
  7.790000E-01  2.922688E-03
  7.800000E-01  3.108740E-03
  7.810000E-01  3.293648E-03
  7.820000E-01  3.475800E-03
  7.830000E-01  3.653631E-03
  7.840000E-01  3.825669E-03
  7.850000E-01  3.990567E-03
  7.860000E-01  4.147135E-03
  7.870000E-01  4.294366E-03
  7.880000E-01  4.431447E-03
  7.890000E-01  4.557774E-03
  7.900000E-01  4.672951E-03
  7.910000E-01  4.776789E-03
  7.920000E-01  4.869293E-03
  7.930000E-01  4.950646E-03
  7.940000E-01  5.021189E-03
  7.950000E-01  5.081395E-03
  7.960000E-01  5.131842E-03
  7.970000E-01  5.173179E-03
  7.980000E-01  5.206102E-03
  7.990000E-01  5.231318E-03
  8.000000E-01  5.249518E-03
  8.010000E-01  5.261350E-03
  8.020000E-01  5.267397E-03
  8.030000E-01  5.268157E-03
  8.040000E-01  5.264025E-03
  8.050000E-01  5.255286E-03
  8.060000E-01  5.242109E-03
  8.070000E-01  5.224547E-03
  8.080000E-01  5.202538E-03
  8.090000E-01  5.175918E-03
  8.100000E-01  5.144435E-03
  8.110000E-01  5.107759E-03
  8.120000E-01  5.065511E-03
  8.130000E-01  5.017277E-03
  8.140000E-01  4.962632E-03
  8.150000E-01  4.901167E-03
  8.160000E-01  4.832508E-03
  8.170000E-01  4.756339E-03
  8.180000E-01  4.672423E-03
  8.190000E-01  4.580614E-03
  8.200000E-01  4.480878E-03
  8.210000E-01  4.373300E-03
  8.220000E-01  4.258089E-03
  8.230000E-01  4.135582E-03
  8.240000E-01  4.006244E-03
  8.250000E-01  3.870659E-03
  8.260000E-01  3.729523E-03
  8.270000E-01  3.583632E-03
  8.280000E-01  3.433860E-03
  8.290000E-01  3.281150E-03
  8.300000E-01  3.126485E-03
  8.310000E-01  2.970870E-03
  8.320000E-01  2.815311E-03
  8.330000E-01  2.660790E-03
  8.340000E-01  2.508245E-03
  8.350000E-01  2.358549E-03
  8.360000E-01  2.212494E-03
  8.370000E-01  2.070774E-03
  8.380000E-01  1.933970E-03
  8.390000E-01  1.802544E-03
  8.400000E-01  1.676831E-03
  8.410000E-01  1.557035E-03
  8.420000E-01  1.443234E-03
  8.430000E-01  1.335378E-03
  8.440000E-01  1.233301E-03
  8.450000E-01  1.136730E-03
  8.460000E-01  1.045298E-03
  8.470000E-01  9.585571E-04
  8.480000E-01  8.759973E-04
  8.490000E-01  7.970632E-04
  8.500000E-01  7.211730E-04
  8.510000E-01  6.477362E-04
  8.520000E-01  5.761726E-04
  8.530000E-01  5.059296E-04
  8.540000E-01  4.364980E-04
  8.550000E-01  3.674268E-04
  8.560000E-01  2.983357E-04
  8.570000E-01  2.289257E-04
  8.580000E-01  1.589865E-04
  8.590000E-01  8.840248E-05
  8.600000E-01  1.715511E-05
  8.610000E-01 -5.467672E-05
  8.620000E-01 -1.269190E-04
  8.630000E-01 -1.993074E-04
  8.640000E-01 -2.714941E-04
  8.650000E-01 -3.430565E-04
  8.660000E-01 -4.135083E-04
  8.670000E-01 -4.823108E-04
  8.680000E-01 -5.488863E-04
  8.690000E-01 -6.126322E-04
  8.700000E-01 -6.729345E-04
  8.710000E-01 -7.291826E-04
  8.720000E-01 -7.807833E-04
  8.730000E-01 -8.271743E-04
  8.740000E-01 -8.678369E-04
  8.750000E-01 -9.023078E-04
  8.760000E-01 -9.301896E-04
  8.770000E-01 -9.511596E-04
  8.780000E-01 -9.649776E-04
  8.790000E-01 -9.714913E-04
  8.800000E-01 -9.706408E-04
  8.810000E-01 -9.624604E-04
  8.820000E-01 -9.470791E-04
  8.830000E-01 -9.247194E-04
  8.840000E-01 -8.956941E-04
  8.850000E-01 -8.604016E-04
  8.860000E-01 -8.193196E-04
  8.870000E-01 -7.729972E-04
  8.880000E-01 -7.220459E-04
  8.890000E-01 -6.671294E-04
  8.900000E-01 -6.089528E-04
  8.910000E-01 -5.482503E-04
  8.920000E-01 -4.857730E-04
  8.930000E-01 -4.222763E-04
  8.940000E-01 -3.585069E-04
  8.950000E-01 -2.951904E-04
  8.960000E-01 -2.330189E-04
  8.970000E-01 -1.726394E-04
  8.980000E-01 -1.146429E-04
  8.990000E-01 -5.955435E-05
  9.000000E-01 -7.824218E-06
  9.010000E-01  4.017895E-05
  9.020000E-01  8.417431E-05
  9.030000E-01  1.239728E-04
  9.040000E-01  1.594796E-04
  9.050000E-01  1.906944E-04
  9.060000E-01  2.177101E-04
  9.070000E-01  2.407097E-04
  9.080000E-01  2.599604E-04
  9.090000E-01  2.758071E-04
  9.100000E-01  2.886634E-04
  9.110000E-01  2.990009E-04
  9.120000E-01  3.073377E-04
  9.130000E-01  3.142253E-04
  9.140000E-01  3.202347E-04
  9.150000E-01  3.259416E-04
  9.160000E-01  3.319123E-04
  9.170000E-01  3.386879E-04
  9.180000E-01  3.467710E-04
  9.190000E-01  3.566112E-04
  9.200000E-01  3.685928E-04
  9.210000E-01  3.830239E-04
  9.220000E-01  4.001263E-04
  9.230000E-01  4.200282E-04
  9.240000E-01  4.427592E-04
  9.250000E-01  4.682464E-04
  9.260000E-01  4.963150E-04
  9.270000E-01  5.266896E-04
  9.280000E-01  5.589994E-04
  9.290000E-01  5.927855E-04
  9.300000E-01  6.275108E-04
  9.310000E-01  6.625718E-04
  9.320000E-01  6.973135E-04
  9.330000E-01  7.310445E-04
  9.340000E-01  7.630548E-04
  9.350000E-01  7.926338E-04
  9.360000E-01  8.190888E-04
  9.370000E-01  8.417639E-04
  9.380000E-01  8.600578E-04
  9.390000E-01  8.734410E-04
  9.400000E-01  8.814713E-04
  9.410000E-01  8.838072E-04
  9.420000E-01  8.802193E-04
  9.430000E-01  8.705985E-04
  9.440000E-01  8.549612E-04
  9.450000E-01  8.334520E-04
  9.460000E-01  8.063417E-04
  9.470000E-01  7.740236E-04
  9.480000E-01  7.370051E-04
  9.490000E-01  6.958968E-04
  9.500000E-01  6.513994E-04
  9.510000E-01  6.042868E-04
  9.520000E-01  5.553882E-04
  9.530000E-01  5.055681E-04
  9.540000E-01  4.557056E-04
  9.550000E-01  4.066727E-04
  9.560000E-01  3.593131E-04
  9.570000E-01  3.144214E-04
  9.580000E-01  2.727234E-04
  9.590000E-01  2.348583E-04
  9.600000E-01  2.013628E-04
  9.610000E-01  1.726582E-04
  9.620000E-01  1.490401E-04
  9.630000E-01  1.306714E-04
  9.640000E-01  1.175790E-04
  9.650000E-01  1.096537E-04
  9.660000E-01  1.066541E-04
  9.670000E-01  1.082134E-04
  9.680000E-01  1.138502E-04
  9.690000E-01  1.229818E-04
  9.700000E-01  1.349405E-04
  9.710000E-01  1.489923E-04
  9.720000E-01  1.643569E-04
  9.730000E-01  1.802295E-04
  9.740000E-01  1.958029E-04
  9.750000E-01  2.102899E-04
  9.760000E-01  2.229451E-04
  9.770000E-01  2.330854E-04
  9.780000E-01  2.401088E-04
  9.790000E-01  2.435114E-04
  9.800000E-01  2.429014E-04
  9.810000E-01  2.380097E-04
  9.820000E-01  2.286978E-04
  9.830000E-01  2.149617E-04
  9.840000E-01  1.969320E-04
  9.850000E-01  1.748705E-04
  9.860000E-01  1.491631E-04
  9.870000E-01  1.203094E-04
  9.880000E-01  8.890841E-05
  9.890000E-01  5.564253E-05
  9.900000E-01  2.125844E-05
  9.910000E-01 -1.345358E-05
  9.920000E-01 -4.768163E-05
  9.930000E-01 -8.061472E-05
  9.940000E-01 -1.114654E-04
  9.950000E-01 -1.394920E-04
  9.960000E-01 -1.640190E-04
  9.970000E-01 -1.844566E-04
  9.980000E-01 -2.003174E-04
  9.990000E-01 -2.112304E-04
  1.000000E+00 -2.169521E-04
  1.001000E+00 -2.173743E-04
  1.002000E+00 -2.125280E-04
  1.003000E+00 -2.025843E-04
  1.004000E+00 -1.878505E-04
  1.005000E+00 -1.687642E-04
  1.006000E+00 -1.458826E-04
  1.007000E+00 -1.198698E-04
  1.008000E+00 -9.148047E-05
  1.009000E+00 -6.154203E-05
  1.010000E+00 -3.093438E-05
  1.011000E+00 -5.685234E-07
  1.012000E+00  2.863567E-05
  1.013000E+00  5.577196E-05
  1.014000E+00  7.996997E-05
  1.015000E+00  1.004165E-04
  1.016000E+00  1.163758E-04
  1.017000E+00  1.272074E-04
  1.018000E+00  1.323824E-04
  1.019000E+00  1.314967E-04
  1.020000E+00  1.242814E-04
  1.021000E+00  1.106098E-04
  1.022000E+00  9.050134E-05
  1.023000E+00  6.412205E-05
  1.024000E+00  3.178148E-05
  1.025000E+00 -6.073714E-06
  1.026000E+00 -4.886922E-05
  1.027000E+00 -9.591557E-05
  1.028000E+00 -1.464232E-04
  1.029000E+00 -1.995198E-04
  1.030000E+00 -2.542694E-04
  1.031000E+00 -3.096933E-04
  1.032000E+00 -3.647909E-04
  1.033000E+00 -4.185622E-04
  1.034000E+00 -4.700292E-04
  1.035000E+00 -5.182573E-04
  1.036000E+00 -5.623753E-04
  1.037000E+00 -6.015942E-04
  1.038000E+00 -6.352236E-04
  1.039000E+00 -6.626865E-04
  1.040000E+00 -6.835314E-04
  1.041000E+00 -6.974409E-04
  1.042000E+00 -7.042387E-04
  1.043000E+00 -7.038925E-04
  1.044000E+00 -6.965139E-04
  1.045000E+00 -6.823561E-04
  1.046000E+00 -6.618078E-04
  1.047000E+00 -6.353846E-04
  1.048000E+00 -6.037181E-04
  1.049000E+00 -5.675424E-04
  1.050000E+00 -5.276783E-04
  1.051000E+00 -4.850170E-04
  1.052000E+00 -4.405007E-04
  1.053000E+00 -3.951045E-04
  1.054000E+00 -3.498156E-04
  1.055000E+00 -3.056140E-04
  1.056000E+00 -2.634530E-04
  1.057000E+00 -2.242402E-04
  1.058000E+00 -1.888198E-04
  1.059000E+00 -1.579563E-04
  1.060000E+00 -1.323200E-04
  1.061000E+00 -1.124744E-04
  1.062000E+00 -9.886608E-05
  1.063000E+00 -9.181665E-05
  1.064000E+00 -9.151773E-05
  1.065000E+00 -9.802847E-05
  1.066000E+00 -1.112758E-04
  1.067000E+00 -1.310573E-04
  1.068000E+00 -1.570474E-04
  1.069000E+00 -1.888050E-04
  1.070000E+00 -2.257847E-04
  1.071000E+00 -2.673494E-04
  1.072000E+00 -3.127852E-04
  1.073000E+00 -3.613178E-04
  1.074000E+00 -4.121301E-04
  1.075000E+00 -4.643804E-04
  1.076000E+00 -5.172218E-04
  1.077000E+00 -5.698210E-04
  1.078000E+00 -6.213765E-04
  1.079000E+00 -6.711369E-04
  1.080000E+00 -7.184169E-04
  1.081000E+00 -7.626125E-04
  1.082000E+00 -8.032137E-04
  1.083000E+00 -8.398152E-04
  1.084000E+00 -8.721245E-04
  1.085000E+00 -8.999670E-04
  1.086000E+00 -9.232889E-04
  1.087000E+00 -9.421563E-04
  1.088000E+00 -9.567523E-04
  1.089000E+00 -9.673702E-04
  1.090000E+00 -9.744050E-04
  1.091000E+00 -9.783417E-04
  1.092000E+00 -9.797418E-04
  1.093000E+00 -9.792281E-04
  1.094000E+00 -9.774674E-04
  1.095000E+00 -9.751525E-04
  1.096000E+00 -9.729840E-04
  1.097000E+00 -9.716514E-04
  1.098000E+00 -9.718146E-04
  1.099000E+00 -9.740862E-04
  1.100000E+00 -9.790155E-04
  1.101000E+00 -9.870731E-04
  1.102000E+00 -9.986383E-04
  1.103000E+00 -1.013988E-03
  1.104000E+00 -1.033290E-03
  1.105000E+00 -1.056594E-03
  1.106000E+00 -1.083832E-03
  1.107000E+00 -1.114819E-03
  1.108000E+00 -1.149252E-03
  1.109000E+00 -1.186720E-03
  1.110000E+00 -1.226709E-03
  1.111000E+00 -1.268614E-03
  1.112000E+00 -1.311755E-03
  1.113000E+00 -1.355386E-03
  1.114000E+00 -1.398718E-03
  1.115000E+00 -1.440931E-03
  1.116000E+00 -1.481197E-03
  1.117000E+00 -1.518698E-03
  1.118000E+00 -1.552642E-03
  1.119000E+00 -1.582288E-03
  1.120000E+00 -1.606954E-03
  1.121000E+00 -1.626041E-03
  1.122000E+00 -1.639045E-03
  1.123000E+00 -1.645566E-03
  1.124000E+00 -1.645323E-03
  1.125000E+00 -1.638156E-03
  1.126000E+00 -1.624032E-03
  1.127000E+00 -1.603047E-03
  1.128000E+00 -1.575423E-03
  1.129000E+00 -1.541503E-03
  1.130000E+00 -1.501743E-03
  1.131000E+00 -1.456701E-03
  1.132000E+00 -1.407028E-03
  1.133000E+00 -1.353447E-03
  1.134000E+00 -1.296739E-03
  1.135000E+00 -1.237726E-03
  1.136000E+00 -1.177249E-03
  1.137000E+00 -1.116150E-03
  1.138000E+00 -1.055253E-03
  1.139000E+00 -9.953437E-04
  1.140000E+00 -9.371510E-04
  1.141000E+00 -8.813314E-04
  1.142000E+00 -8.284532E-04
  1.143000E+00 -7.789837E-04
  1.144000E+00 -7.332790E-04
  1.145000E+00 -6.915766E-04
  1.146000E+00 -6.539900E-04
  1.147000E+00 -6.205077E-04
  1.148000E+00 -5.909944E-04
  1.149000E+00 -5.651954E-04
  1.150000E+00 -5.427436E-04
  1.151000E+00 -5.231699E-04
  1.152000E+00 -5.059157E-04
  1.153000E+00 -4.903469E-04
  1.154000E+00 -4.757709E-04
  1.155000E+00 -4.614538E-04
  1.156000E+00 -4.466391E-04
  1.157000E+00 -4.305666E-04
  1.158000E+00 -4.124918E-04
  1.159000E+00 -3.917038E-04
  1.160000E+00 -3.675433E-04
  1.161000E+00 -3.394186E-04
  1.162000E+00 -3.068204E-04
  1.163000E+00 -2.693340E-04
  1.164000E+00 -2.266494E-04
  1.165000E+00 -1.785691E-04
  1.166000E+00 -1.250127E-04
  1.167000E+00 -6.601923E-05
  1.168000E+00 -1.746012E-06
  1.169000E+00  6.753459E-05
  1.170000E+00  1.414415E-04
  1.171000E+00  2.194935E-04
  1.172000E+00  3.011203E-04
  1.173000E+00  3.856755E-04
  1.174000E+00  4.724508E-04
  1.175000E+00  5.606922E-04
  1.176000E+00  6.496169E-04
  1.177000E+00  7.384302E-04
  1.178000E+00  8.263435E-04
  1.179000E+00  9.125911E-04
  1.180000E+00  9.964474E-04
  1.181000E+00  1.077242E-03
  1.182000E+00  1.154374E-03
  1.183000E+00  1.227325E-03
  1.184000E+00  1.295669E-03
  1.185000E+00  1.359082E-03
  1.186000E+00  1.417348E-03
  1.187000E+00  1.470361E-03
  1.188000E+00  1.518129E-03
  1.189000E+00  1.560770E-03
  1.190000E+00  1.598510E-03
  1.191000E+00  1.631677E-03
  1.192000E+00  1.660690E-03
  1.193000E+00  1.686050E-03
  1.194000E+00  1.708329E-03
  1.195000E+00  1.728152E-03
  1.196000E+00  1.746186E-03
  1.197000E+00  1.763123E-03
  1.198000E+00  1.779663E-03
  1.199000E+00  1.796495E-03
  1.200000E+00  1.814286E-03
  1.201000E+00  1.833662E-03
  1.202000E+00  1.855194E-03
  1.203000E+00  1.879386E-03
  1.204000E+00  1.906664E-03
  1.205000E+00  1.937364E-03
  1.206000E+00  1.971728E-03
  1.207000E+00  2.009898E-03
  1.208000E+00  2.051911E-03
  1.209000E+00  2.097704E-03
  1.210000E+00  2.147112E-03
  1.211000E+00  2.199877E-03
  1.212000E+00  2.255647E-03
  1.213000E+00  2.313997E-03
  1.214000E+00  2.374428E-03
  1.215000E+00  2.436386E-03
  1.216000E+00  2.499275E-03
  1.217000E+00  2.562468E-03
  1.218000E+00  2.625327E-03
  1.219000E+00  2.687212E-03
  1.220000E+00  2.747503E-03
  1.221000E+00  2.805610E-03
  1.222000E+00  2.860986E-03
  1.223000E+00  2.913146E-03
  1.224000E+00  2.961669E-03
  1.225000E+00  3.006216E-03
  1.226000E+00  3.046532E-03
  1.227000E+00  3.082454E-03
  1.228000E+00  3.113914E-03
  1.229000E+00  3.140938E-03
  1.230000E+00  3.163647E-03
  1.231000E+00  3.182251E-03
  1.232000E+00  3.197045E-03
  1.233000E+00  3.208398E-03
  1.234000E+00  3.216746E-03
  1.235000E+00  3.222578E-03
  1.236000E+00  3.226424E-03
  1.237000E+00  3.228841E-03
  1.238000E+00  3.230400E-03
  1.239000E+00  3.231667E-03
  1.240000E+00  3.233193E-03
  1.241000E+00  3.235500E-03
  1.242000E+00  3.239063E-03
  1.243000E+00  3.244305E-03
  1.244000E+00  3.251581E-03
  1.245000E+00  3.261173E-03
  1.246000E+00  3.273282E-03
  1.247000E+00  3.288025E-03
  1.248000E+00  3.305430E-03
  1.249000E+00  3.325441E-03
  1.250000E+00  3.347914E-03
  1.251000E+00  3.372629E-03
  1.252000E+00  3.399290E-03
  1.253000E+00  3.427537E-03
  1.254000E+00  3.456954E-03
  1.255000E+00  3.487085E-03
  1.256000E+00  3.517443E-03
  1.257000E+00  3.547523E-03
  1.258000E+00  3.576819E-03
  1.259000E+00  3.604837E-03
  1.260000E+00  3.631110E-03
  1.261000E+00  3.655209E-03
  1.262000E+00  3.676758E-03
  1.263000E+00  3.695444E-03
  1.264000E+00  3.711028E-03
  1.265000E+00  3.723349E-03
  1.266000E+00  3.732337E-03
  1.267000E+00  3.738009E-03
  1.268000E+00  3.740473E-03
  1.269000E+00  3.739928E-03
  1.270000E+00  3.736660E-03
  1.271000E+00  3.731033E-03
  1.272000E+00  3.723485E-03
  1.273000E+00  3.714515E-03
  1.274000E+00  3.704671E-03
  1.275000E+00  3.694540E-03
  1.276000E+00  3.684727E-03
  1.277000E+00  3.675844E-03
  1.278000E+00  3.668495E-03
  1.279000E+00  3.663254E-03
  1.280000E+00  3.660658E-03
  1.281000E+00  3.661183E-03
  1.282000E+00  3.665237E-03
  1.283000E+00  3.673144E-03
  1.284000E+00  3.685135E-03
  1.285000E+00  3.701341E-03
  1.286000E+00  3.721781E-03
  1.287000E+00  3.746366E-03
  1.288000E+00  3.774892E-03
  1.289000E+00  3.807045E-03
  1.290000E+00  3.842403E-03
  1.291000E+00  3.880443E-03
  1.292000E+00  3.920551E-03
  1.293000E+00  3.962034E-03
  1.294000E+00  4.004131E-03
  1.295000E+00  4.046032E-03
  1.296000E+00  4.086891E-03
  1.297000E+00  4.125847E-03
  1.298000E+00  4.162041E-03
  1.299000E+00  4.194638E-03
  1.300000E+00  4.222839E-03
  1.301000E+00  4.245906E-03
  1.302000E+00  4.263176E-03
  1.303000E+00  4.274076E-03
  1.304000E+00  4.278139E-03
  1.305000E+00  4.275012E-03
  1.306000E+00  4.264467E-03
  1.307000E+00  4.246405E-03
  1.308000E+00  4.220862E-03
  1.309000E+00  4.188004E-03
  1.310000E+00  4.148127E-03
  1.311000E+00  4.101647E-03
  1.312000E+00  4.049094E-03
  1.313000E+00  3.991094E-03
  1.314000E+00  3.928360E-03
  1.315000E+00  3.861669E-03
  1.316000E+00  3.791847E-03
  1.317000E+00  3.719745E-03
  1.318000E+00  3.646221E-03
  1.319000E+00  3.572117E-03
  1.320000E+00  3.498239E-03
  1.321000E+00  3.425336E-03
  1.322000E+00  3.354085E-03
  1.323000E+00  3.285070E-03
  1.324000E+00  3.218772E-03
  1.325000E+00  3.155557E-03
  1.326000E+00  3.095667E-03
  1.327000E+00  3.039220E-03
  1.328000E+00  2.986205E-03
  1.329000E+00  2.936485E-03
  1.330000E+00  2.889810E-03
  1.331000E+00  2.845818E-03
  1.332000E+00  2.804054E-03
  1.333000E+00  2.763982E-03
  1.334000E+00  2.725008E-03
  1.335000E+00  2.686492E-03
  1.336000E+00  2.647776E-03
  1.337000E+00  2.608199E-03
  1.338000E+00  2.567126E-03
  1.339000E+00  2.523960E-03
  1.340000E+00  2.478167E-03
  1.341000E+00  2.429292E-03
  1.342000E+00  2.376975E-03
  1.343000E+00  2.320961E-03
  1.344000E+00  2.261114E-03
  1.345000E+00  2.197417E-03
  1.346000E+00  2.129980E-03
  1.347000E+00  2.059032E-03
  1.348000E+00  1.984925E-03
  1.349000E+00  1.908116E-03
  1.350000E+00  1.829160E-03
  1.351000E+00  1.748693E-03
  1.352000E+00  1.667417E-03
  1.353000E+00  1.586076E-03
  1.354000E+00  1.505438E-03
  1.355000E+00  1.426269E-03
  1.356000E+00  1.349315E-03
  1.357000E+00  1.275272E-03
  1.358000E+00  1.204773E-03
  1.359000E+00  1.138361E-03
  1.360000E+00  1.076474E-03
  1.361000E+00  1.019429E-03
  1.362000E+00  9.674094E-04
  1.363000E+00  9.204586E-04
  1.364000E+00  8.784726E-04
  1.365000E+00  8.412006E-04
  1.366000E+00  8.082490E-04
  1.367000E+00  7.790880E-04
  1.368000E+00  7.530640E-04
  1.369000E+00  7.294147E-04
  1.370000E+00  7.072873E-04
  1.371000E+00  6.857602E-04
  1.372000E+00  6.638666E-04
  1.373000E+00  6.406199E-04
  1.374000E+00  6.150396E-04
  1.375000E+00  5.861780E-04
  1.376000E+00  5.531459E-04
  1.377000E+00  5.151376E-04
  1.378000E+00  4.714534E-04
  1.379000E+00  4.215198E-04
  1.380000E+00  3.649064E-04
  1.381000E+00  3.013396E-04
  1.382000E+00  2.307113E-04
  1.383000E+00  1.530843E-04
  1.384000E+00  6.869238E-05
  1.385000E+00 -2.206404E-05
  1.386000E+00 -1.186263E-04
  1.387000E+00 -2.202909E-04
  1.388000E+00 -3.262262E-04
  1.389000E+00 -4.354931E-04
  1.390000E+00 -5.470687E-04
  1.391000E+00 -6.598723E-04
  1.392000E+00 -7.727927E-04
  1.393000E+00 -8.847172E-04
  1.394000E+00 -9.945600E-04
  1.395000E+00 -1.101291E-03
  1.396000E+00 -1.203960E-03
  1.397000E+00 -1.301727E-03
  1.398000E+00 -1.393877E-03
  1.399000E+00 -1.479841E-03
  1.400000E+00 -1.559214E-03
  1.401000E+00 -1.631758E-03
  1.402000E+00 -1.697411E-03
  1.403000E+00 -1.756290E-03
  1.404000E+00 -1.808679E-03
  1.405000E+00 -1.855026E-03
  1.406000E+00 -1.895927E-03
  1.407000E+00 -1.932107E-03
  1.408000E+00 -1.964398E-03
  1.409000E+00 -1.993718E-03
  1.410000E+00 -2.021038E-03
  1.411000E+00 -2.047359E-03
  1.412000E+00 -2.073678E-03
  1.413000E+00 -2.100961E-03
  1.414000E+00 -2.130114E-03
  1.415000E+00 -2.161957E-03
  1.416000E+00 -2.197197E-03
  1.417000E+00 -2.236408E-03
  1.418000E+00 -2.280017E-03
  1.419000E+00 -2.328283E-03
  1.420000E+00 -2.381295E-03
  1.421000E+00 -2.438965E-03
  1.422000E+00 -2.501029E-03
  1.423000E+00 -2.567053E-03
  1.424000E+00 -2.636443E-03
  1.425000E+00 -2.708462E-03
  1.426000E+00 -2.782247E-03
  1.427000E+00 -2.856832E-03
  1.428000E+00 -2.931174E-03
  1.429000E+00 -3.004180E-03
  1.430000E+00 -3.074737E-03
  1.431000E+00 -3.141739E-03
  1.432000E+00 -3.204121E-03
  1.433000E+00 -3.260884E-03
  1.434000E+00 -3.311121E-03
  1.435000E+00 -3.354045E-03
  1.436000E+00 -3.389004E-03
  1.437000E+00 -3.415506E-03
  1.438000E+00 -3.433223E-03
  1.439000E+00 -3.442007E-03
  1.440000E+00 -3.441889E-03
  1.441000E+00 -3.433082E-03
  1.442000E+00 -3.415970E-03
  1.443000E+00 -3.391102E-03
  1.444000E+00 -3.359175E-03
  1.445000E+00 -3.321015E-03
  1.446000E+00 -3.277558E-03
  1.447000E+00 -3.229823E-03
  1.448000E+00 -3.178885E-03
  1.449000E+00 -3.125849E-03
  1.450000E+00 -3.071820E-03
  1.451000E+00 -3.017878E-03
  1.452000E+00 -2.965046E-03
  1.453000E+00 -2.914270E-03
  1.454000E+00 -2.866395E-03
  1.455000E+00 -2.822143E-03
  1.456000E+00 -2.782103E-03
  1.457000E+00 -2.746712E-03
  1.458000E+00 -2.716254E-03
  1.459000E+00 -2.690855E-03
  1.460000E+00 -2.670482E-03
  1.461000E+00 -2.654954E-03
  1.462000E+00 -2.643949E-03
  1.463000E+00 -2.637017E-03
  1.464000E+00 -2.633602E-03
  1.465000E+00 -2.633057E-03
  1.466000E+00 -2.634671E-03
  1.467000E+00 -2.637691E-03
  1.468000E+00 -2.641349E-03
  1.469000E+00 -2.644884E-03
  1.470000E+00 -2.647570E-03
  1.471000E+00 -2.648738E-03
  1.472000E+00 -2.647800E-03
  1.473000E+00 -2.644263E-03
  1.474000E+00 -2.637751E-03
  1.475000E+00 -2.628014E-03
  1.476000E+00 -2.614937E-03
  1.477000E+00 -2.598545E-03
  1.478000E+00 -2.579005E-03
  1.479000E+00 -2.556619E-03
  1.480000E+00 -2.531818E-03
  1.481000E+00 -2.505150E-03
  1.482000E+00 -2.477264E-03
  1.483000E+00 -2.448894E-03
  1.484000E+00 -2.420831E-03
  1.485000E+00 -2.393910E-03
  1.486000E+00 -2.368977E-03
  1.487000E+00 -2.346868E-03
  1.488000E+00 -2.328385E-03
  1.489000E+00 -2.314270E-03
  1.490000E+00 -2.305184E-03
  1.491000E+00 -2.301685E-03
  1.492000E+00 -2.304214E-03
  1.493000E+00 -2.313079E-03
  1.494000E+00 -2.328443E-03
  1.495000E+00 -2.350320E-03
  1.496000E+00 -2.378573E-03
  1.497000E+00 -2.412914E-03
  1.498000E+00 -2.452912E-03
  1.499000E+00 -2.498003E-03
  1.500000E+00 -2.547500E-03
  1.501000E+00 -2.600617E-03
  1.502000E+00 -2.656483E-03
  1.503000E+00 -2.714166E-03
  1.504000E+00 -2.772699E-03
  1.505000E+00 -2.831101E-03
  1.506000E+00 -2.888404E-03
  1.507000E+00 -2.943676E-03
  1.508000E+00 -2.996047E-03
  1.509000E+00 -3.044729E-03
  1.510000E+00 -3.089035E-03
  1.511000E+00 -3.128397E-03
  1.512000E+00 -3.162379E-03
  1.513000E+00 -3.190688E-03
  1.514000E+00 -3.213179E-03
  1.515000E+00 -3.229857E-03
  1.516000E+00 -3.240878E-03
  1.517000E+00 -3.246542E-03
  1.518000E+00 -3.247285E-03
  1.519000E+00 -3.243664E-03
  1.520000E+00 -3.236350E-03
  1.521000E+00 -3.226099E-03
  1.522000E+00 -3.213743E-03
  1.523000E+00 -3.200161E-03
  1.524000E+00 -3.186263E-03
  1.525000E+00 -3.172962E-03
  1.526000E+00 -3.161157E-03
  1.527000E+00 -3.151707E-03
  1.528000E+00 -3.145413E-03
  1.529000E+00 -3.143000E-03
  1.530000E+00 -3.145097E-03
  1.531000E+00 -3.152230E-03
  1.532000E+00 -3.164802E-03
  1.533000E+00 -3.183096E-03
  1.534000E+00 -3.207261E-03
  1.535000E+00 -3.237316E-03
  1.536000E+00 -3.273152E-03
  1.537000E+00 -3.314534E-03
  1.538000E+00 -3.361114E-03
  1.539000E+00 -3.412437E-03
  1.540000E+00 -3.467959E-03
  1.541000E+00 -3.527059E-03
  1.542000E+00 -3.589056E-03
  1.543000E+00 -3.653228E-03
  1.544000E+00 -3.718828E-03
  1.545000E+00 -3.785106E-03
  1.546000E+00 -3.851322E-03
  1.547000E+00 -3.916765E-03
  1.548000E+00 -3.980771E-03
  1.549000E+00 -4.042731E-03
  1.550000E+00 -4.102106E-03
  1.551000E+00 -4.158436E-03
  1.552000E+00 -4.211345E-03
  1.553000E+00 -4.260546E-03
  1.554000E+00 -4.305841E-03
  1.555000E+00 -4.347120E-03
  1.556000E+00 -4.384358E-03
  1.557000E+00 -4.417604E-03
  1.558000E+00 -4.446979E-03
  1.559000E+00 -4.472660E-03
  1.560000E+00 -4.494871E-03
  1.561000E+00 -4.513869E-03
  1.562000E+00 -4.529930E-03
  1.563000E+00 -4.543336E-03
  1.564000E+00 -4.554364E-03
  1.565000E+00 -4.563266E-03
  1.566000E+00 -4.570266E-03
  1.567000E+00 -4.575542E-03
  1.568000E+00 -4.579222E-03
  1.569000E+00 -4.581378E-03
  1.570000E+00 -4.582016E-03
  1.571000E+00 -4.581080E-03
  1.572000E+00 -4.578449E-03
  1.573000E+00 -4.573941E-03
  1.574000E+00 -4.567318E-03
  1.575000E+00 -4.558290E-03
  1.576000E+00 -4.546530E-03
  1.577000E+00 -4.531678E-03
  1.578000E+00 -4.513359E-03
  1.579000E+00 -4.491192E-03
  1.580000E+00 -4.464805E-03
  1.581000E+00 -4.433849E-03
  1.582000E+00 -4.398012E-03
  1.583000E+00 -4.357030E-03
  1.584000E+00 -4.310703E-03
  1.585000E+00 -4.258902E-03
  1.586000E+00 -4.201579E-03
  1.587000E+00 -4.138775E-03
  1.588000E+00 -4.070626E-03
  1.589000E+00 -3.997361E-03
  1.590000E+00 -3.919306E-03
  1.591000E+00 -3.836881E-03
  1.592000E+00 -3.750594E-03
  1.593000E+00 -3.661033E-03
  1.594000E+00 -3.568859E-03
  1.595000E+00 -3.474788E-03
  1.596000E+00 -3.379588E-03
  1.597000E+00 -3.284053E-03
  1.598000E+00 -3.188994E-03
  1.599000E+00 -3.095223E-03
  1.600000E+00 -3.003529E-03
  1.601000E+00 -2.914672E-03
  1.602000E+00 -2.829357E-03
  1.603000E+00 -2.748227E-03
  1.604000E+00 -2.671846E-03
  1.605000E+00 -2.600685E-03
  1.606000E+00 -2.535119E-03
  1.607000E+00 -2.475410E-03
  1.608000E+00 -2.421711E-03
  1.609000E+00 -2.374057E-03
  1.610000E+00 -2.332367E-03
  1.611000E+00 -2.296444E-03
  1.612000E+00 -2.265984E-03
  1.613000E+00 -2.240579E-03
  1.614000E+00 -2.219728E-03
  1.615000E+00 -2.202844E-03
  1.616000E+00 -2.189274E-03
  1.617000E+00 -2.178307E-03
  1.618000E+00 -2.169188E-03
  1.619000E+00 -2.161138E-03
  1.620000E+00 -2.153367E-03
  1.621000E+00 -2.145089E-03
  1.622000E+00 -2.135539E-03
  1.623000E+00 -2.123985E-03
  1.624000E+00 -2.109745E-03
  1.625000E+00 -2.092192E-03
  1.626000E+00 -2.070773E-03
  1.627000E+00 -2.045011E-03
  1.628000E+00 -2.014513E-03
  1.629000E+00 -1.978976E-03
  1.630000E+00 -1.938189E-03
  1.631000E+00 -1.892029E-03
  1.632000E+00 -1.840466E-03
  1.633000E+00 -1.783552E-03
  1.634000E+00 -1.721423E-03
  1.635000E+00 -1.654282E-03
  1.636000E+00 -1.582399E-03
  1.637000E+00 -1.506096E-03
  1.638000E+00 -1.425738E-03
  1.639000E+00 -1.341721E-03
  1.640000E+00 -1.254462E-03
  1.641000E+00 -1.164384E-03
  1.642000E+00 -1.071911E-03
  1.643000E+00 -9.774527E-04
  1.644000E+00 -8.813976E-04
  1.645000E+00 -7.841058E-04
  1.646000E+00 -6.859022E-04
  1.647000E+00 -5.870716E-04
  1.648000E+00 -4.878565E-04
  1.649000E+00 -3.884554E-04
  1.650000E+00 -2.890238E-04
  1.651000E+00 -1.896761E-04
  1.652000E+00 -9.048927E-05
  1.653000E+00  8.491677E-06
  1.654000E+00  1.072478E-04
  1.655000E+00  2.057792E-04
  1.656000E+00  3.040968E-04
  1.657000E+00  4.022148E-04
  1.658000E+00  5.001424E-04
  1.659000E+00  5.978756E-04
  1.660000E+00  6.953905E-04
  1.661000E+00  7.926362E-04
  1.662000E+00  8.895297E-04
  1.663000E+00  9.859515E-04
  1.664000E+00  1.081743E-03
  1.665000E+00  1.176705E-03
  1.666000E+00  1.270600E-03
  1.667000E+00  1.363149E-03
  1.668000E+00  1.454042E-03
  1.669000E+00  1.542939E-03
  1.670000E+00  1.629476E-03
  1.671000E+00  1.713275E-03
  1.672000E+00  1.793952E-03
  1.673000E+00  1.871125E-03
  1.674000E+00  1.944424E-03
  1.675000E+00  2.013500E-03
  1.676000E+00  2.078037E-03
  1.677000E+00  2.137760E-03
  1.678000E+00  2.192440E-03
  1.679000E+00  2.241906E-03
  1.680000E+00  2.286046E-03
  1.681000E+00  2.324817E-03
  1.682000E+00  2.358241E-03
  1.683000E+00  2.386410E-03
  1.684000E+00  2.409487E-03
  1.685000E+00  2.427698E-03
  1.686000E+00  2.441330E-03
  1.687000E+00  2.450727E-03
  1.688000E+00  2.456280E-03
  1.689000E+00  2.458416E-03
  1.690000E+00  2.457593E-03
  1.691000E+00  2.454288E-03
  1.692000E+00  2.448981E-03
  1.693000E+00  2.442151E-03
  1.694000E+00  2.434257E-03
  1.695000E+00  2.425733E-03
  1.696000E+00  2.416978E-03
  1.697000E+00  2.408339E-03
  1.698000E+00  2.400116E-03
  1.699000E+00  2.392542E-03
  1.700000E+00  2.385791E-03
  1.701000E+00  2.379966E-03
  1.702000E+00  2.375102E-03
  1.703000E+00  2.371168E-03
  1.704000E+00  2.368067E-03
  1.705000E+00  2.365642E-03
  1.706000E+00  2.363686E-03
  1.707000E+00  2.361943E-03
  1.708000E+00  2.360125E-03
  1.709000E+00  2.357915E-03
  1.710000E+00  2.354984E-03
  1.711000E+00  2.350999E-03
  1.712000E+00  2.345637E-03
  1.713000E+00  2.338594E-03
  1.714000E+00  2.329596E-03
  1.715000E+00  2.318411E-03
  1.716000E+00  2.304855E-03
  1.717000E+00  2.288802E-03
  1.718000E+00  2.270185E-03
  1.719000E+00  2.249006E-03
  1.720000E+00  2.225333E-03
  1.721000E+00  2.199301E-03
  1.722000E+00  2.171112E-03
  1.723000E+00  2.141028E-03
  1.724000E+00  2.109369E-03
  1.725000E+00  2.076502E-03
  1.726000E+00  2.042837E-03
  1.727000E+00  2.008813E-03
  1.728000E+00  1.974890E-03
  1.729000E+00  1.941538E-03
  1.730000E+00  1.909223E-03
  1.731000E+00  1.878401E-03
  1.732000E+00  1.849503E-03
  1.733000E+00  1.822927E-03
  1.734000E+00  1.799027E-03
  1.735000E+00  1.778110E-03
  1.736000E+00  1.760424E-03
  1.737000E+00  1.746155E-03
  1.738000E+00  1.735425E-03
  1.739000E+00  1.728292E-03
  1.740000E+00  1.724746E-03
  1.741000E+00  1.724715E-03
  1.742000E+00  1.728068E-03
  1.743000E+00  1.734619E-03
  1.744000E+00  1.744136E-03
  1.745000E+00  1.756346E-03
  1.746000E+00  1.770947E-03
  1.747000E+00  1.787616E-03
  1.748000E+00  1.806018E-03
  1.749000E+00  1.825820E-03
  1.750000E+00  1.846696E-03
  1.751000E+00  1.868338E-03
  1.752000E+00  1.890468E-03
  1.753000E+00  1.912841E-03
  1.754000E+00  1.935254E-03
  1.755000E+00  1.957551E-03
  1.756000E+00  1.979624E-03
  1.757000E+00  2.001419E-03
  1.758000E+00  2.022932E-03
  1.759000E+00  2.044208E-03
  1.760000E+00  2.065340E-03
  1.761000E+00  2.086464E-03
  1.762000E+00  2.107750E-03
  1.763000E+00  2.129397E-03
  1.764000E+00  2.151626E-03
  1.765000E+00  2.174671E-03
  1.766000E+00  2.198766E-03
  1.767000E+00  2.224141E-03
  1.768000E+00  2.251012E-03
  1.769000E+00  2.279571E-03
  1.770000E+00  2.309979E-03
  1.771000E+00  2.342359E-03
  1.772000E+00  2.376790E-03
  1.773000E+00  2.413305E-03
  1.774000E+00  2.451884E-03
  1.775000E+00  2.492455E-03
  1.776000E+00  2.534894E-03
  1.777000E+00  2.579023E-03
  1.778000E+00  2.624618E-03
  1.779000E+00  2.671408E-03
  1.780000E+00  2.719084E-03
  1.781000E+00  2.767303E-03
  1.782000E+00  2.815694E-03
  1.783000E+00  2.863868E-03
  1.784000E+00  2.911425E-03
  1.785000E+00  2.957962E-03
  1.786000E+00  3.003080E-03
  1.787000E+00  3.046396E-03
  1.788000E+00  3.087544E-03
  1.789000E+00  3.126188E-03
  1.790000E+00  3.162024E-03
  1.791000E+00  3.194788E-03
  1.792000E+00  3.224260E-03
  1.793000E+00  3.250267E-03
  1.794000E+00  3.272687E-03
  1.795000E+00  3.291447E-03
  1.796000E+00  3.306528E-03
  1.797000E+00  3.317960E-03
  1.798000E+00  3.325826E-03
  1.799000E+00  3.330252E-03
  1.800000E+00  3.331412E-03
  1.801000E+00  3.329519E-03
  1.802000E+00  3.324819E-03
  1.803000E+00  3.317592E-03
  1.804000E+00  3.308142E-03
  1.805000E+00  3.296790E-03
  1.806000E+00  3.283874E-03
  1.807000E+00  3.269738E-03
  1.808000E+00  3.254727E-03
  1.809000E+00  3.239182E-03
  1.810000E+00  3.223435E-03
  1.811000E+00  3.207804E-03
  1.812000E+00  3.192586E-03
  1.813000E+00  3.178056E-03
  1.814000E+00  3.164459E-03
  1.815000E+00  3.152011E-03
  1.816000E+00  3.140894E-03
  1.817000E+00  3.131255E-03
  1.818000E+00  3.123203E-03
  1.819000E+00  3.116810E-03
  1.820000E+00  3.112111E-03
  1.821000E+00  3.109104E-03
  1.822000E+00  3.107749E-03
  1.823000E+00  3.107973E-03
  1.824000E+00  3.109671E-03
  1.825000E+00  3.112709E-03
  1.826000E+00  3.116925E-03
  1.827000E+00  3.122134E-03
  1.828000E+00  3.128135E-03
  1.829000E+00  3.134709E-03
  1.830000E+00  3.141628E-03
  1.831000E+00  3.148658E-03
  1.832000E+00  3.155565E-03
  1.833000E+00  3.162116E-03
  1.834000E+00  3.168088E-03
  1.835000E+00  3.173271E-03
  1.836000E+00  3.177470E-03
  1.837000E+00  3.180512E-03
  1.838000E+00  3.182245E-03
  1.839000E+00  3.182546E-03
  1.840000E+00  3.181318E-03
  1.841000E+00  3.178496E-03
  1.842000E+00  3.174042E-03
  1.843000E+00  3.167952E-03
  1.844000E+00  3.160248E-03
  1.845000E+00  3.150981E-03
  1.846000E+00  3.140227E-03
  1.847000E+00  3.128083E-03
  1.848000E+00  3.114665E-03
  1.849000E+00  3.100102E-03
  1.850000E+00  3.084531E-03
  1.851000E+00  3.068096E-03
  1.852000E+00  3.050934E-03
  1.853000E+00  3.033177E-03
  1.854000E+00  3.014944E-03
  1.855000E+00  2.996335E-03
  1.856000E+00  2.977425E-03
  1.857000E+00  2.958262E-03
  1.858000E+00  2.938864E-03
  1.859000E+00  2.919210E-03
  1.860000E+00  2.899245E-03
  1.861000E+00  2.878877E-03
  1.862000E+00  2.857972E-03
  1.863000E+00  2.836365E-03
  1.864000E+00  2.813852E-03
  1.865000E+00  2.790201E-03
  1.866000E+00  2.765153E-03
  1.867000E+00  2.738429E-03
  1.868000E+00  2.709735E-03
  1.869000E+00  2.678771E-03
  1.870000E+00  2.645236E-03
  1.871000E+00  2.608838E-03
  1.872000E+00  2.569302E-03
  1.873000E+00  2.526377E-03
  1.874000E+00  2.479846E-03
  1.875000E+00  2.429530E-03
  1.876000E+00  2.375299E-03
  1.877000E+00  2.317076E-03
  1.878000E+00  2.254843E-03
  1.879000E+00  2.188644E-03
  1.880000E+00  2.118588E-03
  1.881000E+00  2.044850E-03
  1.882000E+00  1.967674E-03
  1.883000E+00  1.887368E-03
  1.884000E+00  1.804299E-03
  1.885000E+00  1.718895E-03
  1.886000E+00  1.631631E-03
  1.887000E+00  1.543026E-03
  1.888000E+00  1.453633E-03
  1.889000E+00  1.364027E-03
  1.890000E+00  1.274793E-03
  1.891000E+00  1.186519E-03
  1.892000E+00  1.099779E-03
  1.893000E+00  1.015122E-03
  1.894000E+00  9.330582E-04
  1.895000E+00  8.540512E-04
  1.896000E+00  7.785042E-04
  1.897000E+00  7.067513E-04
  1.898000E+00  6.390501E-04
  1.899000E+00  5.755752E-04
  1.900000E+00  5.164139E-04
  1.901000E+00  4.615649E-04
  1.902000E+00  4.109378E-04
  1.903000E+00  3.643556E-04
  1.904000E+00  3.215598E-04
  1.905000E+00  2.822167E-04
  1.906000E+00  2.459262E-04
  1.907000E+00  2.122324E-04
  1.908000E+00  1.806348E-04
  1.909000E+00  1.506019E-04
  1.910000E+00  1.215843E-04
  1.911000E+00  9.302934E-05
  1.912000E+00  6.439435E-05
  1.913000E+00  3.516092E-05
  1.914000E+00  4.847464E-06
  1.915000E+00 -2.697903E-05
  1.916000E+00 -6.069271E-05
  1.917000E+00 -9.660027E-05
  1.918000E+00 -1.349343E-04
  1.919000E+00 -1.758488E-04
  1.920000E+00 -2.194165E-04
  1.921000E+00 -2.656290E-04
  1.922000E+00 -3.143983E-04
  1.923000E+00 -3.655614E-04
  1.924000E+00 -4.188856E-04
  1.925000E+00 -4.740767E-04
  1.926000E+00 -5.307880E-04
  1.927000E+00 -5.886306E-04
  1.928000E+00 -6.471852E-04
  1.929000E+00 -7.060134E-04
  1.930000E+00 -7.646703E-04
  1.931000E+00 -8.227166E-04
  1.932000E+00 -8.797299E-04
  1.933000E+00 -9.353155E-04
  1.934000E+00 -9.891168E-04
  1.935000E+00 -1.040823E-03
  1.936000E+00 -1.090176E-03
  1.937000E+00 -1.136976E-03
  1.938000E+00 -1.181084E-03
  1.939000E+00 -1.222426E-03
  1.940000E+00 -1.260988E-03
  1.941000E+00 -1.296817E-03
  1.942000E+00 -1.330016E-03
  1.943000E+00 -1.360739E-03
  1.944000E+00 -1.389183E-03
  1.945000E+00 -1.415580E-03
  1.946000E+00 -1.440189E-03
  1.947000E+00 -1.463284E-03
  1.948000E+00 -1.485147E-03
  1.949000E+00 -1.506056E-03
  1.950000E+00 -1.526275E-03
  1.951000E+00 -1.546047E-03
  1.952000E+00 -1.565583E-03
  1.953000E+00 -1.585057E-03
  1.954000E+00 -1.604598E-03
  1.955000E+00 -1.624287E-03
  1.956000E+00 -1.644154E-03
  1.957000E+00 -1.664174E-03
  1.958000E+00 -1.684274E-03
  1.959000E+00 -1.704326E-03
  1.960000E+00 -1.724158E-03
  1.961000E+00 -1.743554E-03
  1.962000E+00 -1.762263E-03
  1.963000E+00 -1.780008E-03
  1.964000E+00 -1.796490E-03
  1.965000E+00 -1.811399E-03
  1.966000E+00 -1.824426E-03
  1.967000E+00 -1.835268E-03
  1.968000E+00 -1.843640E-03
  1.969000E+00 -1.849284E-03
  1.970000E+00 -1.851977E-03
  1.971000E+00 -1.851539E-03
  1.972000E+00 -1.847836E-03
  1.973000E+00 -1.840790E-03
  1.974000E+00 -1.830381E-03
  1.975000E+00 -1.816646E-03
  1.976000E+00 -1.799685E-03
  1.977000E+00 -1.779658E-03
  1.978000E+00 -1.756780E-03
  1.979000E+00 -1.731323E-03
  1.980000E+00 -1.703608E-03
  1.981000E+00 -1.673997E-03
  1.982000E+00 -1.642893E-03
  1.983000E+00 -1.610723E-03
  1.984000E+00 -1.577940E-03
  1.985000E+00 -1.545007E-03
  1.986000E+00 -1.512392E-03
  1.987000E+00 -1.480559E-03
  1.988000E+00 -1.449960E-03
  1.989000E+00 -1.421029E-03
  1.990000E+00 -1.394171E-03
  1.991000E+00 -1.369764E-03
  1.992000E+00 -1.348146E-03
  1.993000E+00 -1.329616E-03
  1.994000E+00 -1.314432E-03
  1.995000E+00 -1.302806E-03
  1.996000E+00 -1.294907E-03
  1.997000E+00 -1.290861E-03
  1.998000E+00 -1.290753E-03
  1.999000E+00 -1.294629E-03
  2.000000E+00  3.459010E-02
