; material = LLZO                                                       
La            2000  1.30390398E+01          580.000000
  0.000000E+00  1.000000E+00
  1.000000E-03  9.991678E-01
  2.000000E-03  9.966779E-01
  3.000000E-03  9.925500E-01
  4.000000E-03  9.868162E-01
  5.000000E-03  9.795209E-01
  6.000000E-03  9.707193E-01
  7.000000E-03  9.604766E-01
  8.000000E-03  9.488665E-01
  9.000000E-03  9.359698E-01
  1.000000E-02  9.218727E-01
  1.100000E-02  9.066653E-01
  1.200000E-02  8.904398E-01
  1.300000E-02  8.732891E-01
  1.400000E-02  8.553048E-01
  1.500000E-02  8.365759E-01
  1.600000E-02  8.171876E-01
  1.700000E-02  7.972199E-01
  1.800000E-02  7.767468E-01
  1.900000E-02  7.558352E-01
  2.000000E-02  7.345448E-01
  2.100000E-02  7.129273E-01
  2.200000E-02  6.910266E-01
  2.300000E-02  6.688789E-01
  2.400000E-02  6.465129E-01
  2.500000E-02  6.239504E-01
  2.600000E-02  6.012070E-01
  2.700000E-02  5.782930E-01
  2.800000E-02  5.552141E-01
  2.900000E-02  5.319729E-01
  3.000000E-02  5.085695E-01
  3.100000E-02  4.850029E-01
  3.200000E-02  4.612721E-01
  3.300000E-02  4.373769E-01
  3.400000E-02  4.133190E-01
  3.500000E-02  3.891031E-01
  3.600000E-02  3.647372E-01
  3.700000E-02  3.402334E-01
  3.800000E-02  3.156085E-01
  3.900000E-02  2.908839E-01
  4.000000E-02  2.660859E-01
  4.100000E-02  2.412457E-01
  4.200000E-02  2.163988E-01
  4.300000E-02  1.915853E-01
  4.400000E-02  1.668484E-01
  4.500000E-02  1.422346E-01
  4.600000E-02  1.177923E-01
  4.700000E-02  9.357164E-02
  4.800000E-02  6.962290E-02
  4.900000E-02  4.599609E-02
  5.000000E-02  2.273988E-02
  5.100000E-02 -9.925417E-05
  5.200000E-02 -2.247782E-02
  5.300000E-02 -4.435606E-02
  5.400000E-02 -6.569859E-02
  5.500000E-02 -8.647491E-02
  5.600000E-02 -1.066598E-01
  5.700000E-02 -1.262336E-01
  5.800000E-02 -1.451824E-01
  5.900000E-02 -1.634977E-01
  6.000000E-02 -1.811767E-01
  6.100000E-02 -1.982218E-01
  6.200000E-02 -2.146401E-01
  6.300000E-02 -2.304431E-01
  6.400000E-02 -2.456458E-01
  6.500000E-02 -2.602664E-01
  6.600000E-02 -2.743253E-01
  6.700000E-02 -2.878445E-01
  6.800000E-02 -3.008469E-01
  6.900000E-02 -3.133552E-01
  7.000000E-02 -3.253919E-01
  7.100000E-02 -3.369779E-01
  7.200000E-02 -3.481324E-01
  7.300000E-02 -3.588723E-01
  7.400000E-02 -3.692117E-01
  7.500000E-02 -3.791617E-01
  7.600000E-02 -3.887305E-01
  7.700000E-02 -3.979227E-01
  7.800000E-02 -4.067398E-01
  7.900000E-02 -4.151804E-01
  8.000000E-02 -4.232401E-01
  8.100000E-02 -4.309122E-01
  8.200000E-02 -4.381876E-01
  8.300000E-02 -4.450558E-01
  8.400000E-02 -4.515050E-01
  8.500000E-02 -4.575228E-01
  8.600000E-02 -4.630966E-01
  8.700000E-02 -4.682143E-01
  8.800000E-02 -4.728646E-01
  8.900000E-02 -4.770377E-01
  9.000000E-02 -4.807252E-01
  9.100000E-02 -4.839210E-01
  9.200000E-02 -4.866215E-01
  9.300000E-02 -4.888254E-01
  9.400000E-02 -4.905342E-01
  9.500000E-02 -4.917520E-01
  9.600000E-02 -4.924857E-01
  9.700000E-02 -4.927446E-01
  9.800000E-02 -4.925406E-01
  9.900000E-02 -4.918874E-01
  1.000000E-01 -4.908007E-01
  1.010000E-01 -4.892977E-01
  1.020000E-01 -4.873966E-01
  1.030000E-01 -4.851164E-01
  1.040000E-01 -4.824764E-01
  1.050000E-01 -4.794959E-01
  1.060000E-01 -4.761936E-01
  1.070000E-01 -4.725878E-01
  1.080000E-01 -4.686955E-01
  1.090000E-01 -4.645326E-01
  1.100000E-01 -4.601134E-01
  1.110000E-01 -4.554506E-01
  1.120000E-01 -4.505555E-01
  1.130000E-01 -4.454374E-01
  1.140000E-01 -4.401040E-01
  1.150000E-01 -4.345617E-01
  1.160000E-01 -4.288151E-01
  1.170000E-01 -4.228680E-01
  1.180000E-01 -4.167230E-01
  1.190000E-01 -4.103819E-01
  1.200000E-01 -4.038461E-01
  1.210000E-01 -3.971168E-01
  1.220000E-01 -3.901952E-01
  1.230000E-01 -3.830830E-01
  1.240000E-01 -3.757823E-01
  1.250000E-01 -3.682961E-01
  1.260000E-01 -3.606282E-01
  1.270000E-01 -3.527839E-01
  1.280000E-01 -3.447694E-01
  1.290000E-01 -3.365923E-01
  1.300000E-01 -3.282616E-01
  1.310000E-01 -3.197875E-01
  1.320000E-01 -3.111816E-01
  1.330000E-01 -3.024565E-01
  1.340000E-01 -2.936257E-01
  1.350000E-01 -2.847038E-01
  1.360000E-01 -2.757059E-01
  1.370000E-01 -2.666474E-01
  1.380000E-01 -2.575441E-01
  1.390000E-01 -2.484117E-01
  1.400000E-01 -2.392657E-01
  1.410000E-01 -2.301212E-01
  1.420000E-01 -2.209927E-01
  1.430000E-01 -2.118937E-01
  1.440000E-01 -2.028371E-01
  1.450000E-01 -1.938344E-01
  1.460000E-01 -1.848963E-01
  1.470000E-01 -1.760320E-01
  1.480000E-01 -1.672498E-01
  1.490000E-01 -1.585567E-01
  1.500000E-01 -1.499585E-01
  1.510000E-01 -1.414601E-01
  1.520000E-01 -1.330653E-01
  1.530000E-01 -1.247770E-01
  1.540000E-01 -1.165978E-01
  1.550000E-01 -1.085292E-01
  1.560000E-01 -1.005727E-01
  1.570000E-01 -9.272932E-02
  1.580000E-01 -8.500007E-02
  1.590000E-01 -7.738594E-02
  1.600000E-01 -6.988810E-02
  1.610000E-01 -6.250797E-02
  1.620000E-01 -5.524732E-02
  1.630000E-01 -4.810833E-02
  1.640000E-01 -4.109366E-02
  1.650000E-01 -3.420643E-02
  1.660000E-01 -2.745028E-02
  1.670000E-01 -2.082928E-02
  1.680000E-01 -1.434795E-02
  1.690000E-01 -8.011157E-03
  1.700000E-01 -1.824066E-03
  1.710000E-01  4.207959E-03
  1.720000E-01  1.007945E-02
  1.730000E-01  1.578493E-02
  1.740000E-01  2.131903E-02
  1.750000E-01  2.667657E-02
  1.760000E-01  3.185268E-02
  1.770000E-01  3.684288E-02
  1.780000E-01  4.164316E-02
  1.790000E-01  4.625005E-02
  1.800000E-01  5.066068E-02
  1.810000E-01  5.487284E-02
  1.820000E-01  5.888495E-02
  1.830000E-01  6.269615E-02
  1.840000E-01  6.630625E-02
  1.850000E-01  6.971572E-02
  1.860000E-01  7.292567E-02
  1.870000E-01  7.593781E-02
  1.880000E-01  7.875442E-02
  1.890000E-01  8.137824E-02
  1.900000E-01  8.381248E-02
  1.910000E-01  8.606071E-02
  1.920000E-01  8.812683E-02
  1.930000E-01  9.001495E-02
  1.940000E-01  9.172939E-02
  1.950000E-01  9.327460E-02
  1.960000E-01  9.465508E-02
  1.970000E-01  9.587536E-02
  1.980000E-01  9.693995E-02
  1.990000E-01  9.785333E-02
  2.000000E-01  9.861985E-02
  2.010000E-01  9.924380E-02
  2.020000E-01  9.972930E-02
  2.030000E-01  1.000804E-01
  2.040000E-01  1.003009E-01
  2.050000E-01  1.003946E-01
  2.060000E-01  1.003651E-01
  2.070000E-01  1.002158E-01
  2.080000E-01  9.994998E-02
  2.090000E-01  9.957094E-02
  2.100000E-01  9.908172E-02
  2.110000E-01  9.848530E-02
  2.120000E-01  9.778459E-02
  2.130000E-01  9.698239E-02
  2.140000E-01  9.608142E-02
  2.150000E-01  9.508437E-02
  2.160000E-01  9.399385E-02
  2.170000E-01  9.281245E-02
  2.180000E-01  9.154272E-02
  2.190000E-01  9.018720E-02
  2.200000E-01  8.874846E-02
  2.210000E-01  8.722906E-02
  2.220000E-01  8.563163E-02
  2.230000E-01  8.395885E-02
  2.240000E-01  8.221351E-02
  2.250000E-01  8.039850E-02
  2.260000E-01  7.851686E-02
  2.270000E-01  7.657181E-02
  2.280000E-01  7.456674E-02
  2.290000E-01  7.250530E-02
  2.300000E-01  7.039134E-02
  2.310000E-01  6.822901E-02
  2.320000E-01  6.602271E-02
  2.330000E-01  6.377714E-02
  2.340000E-01  6.149729E-02
  2.350000E-01  5.918841E-02
  2.360000E-01  5.685603E-02
  2.370000E-01  5.450594E-02
  2.380000E-01  5.214412E-02
  2.390000E-01  4.977675E-02
  2.400000E-01  4.741013E-02
  2.410000E-01  4.505062E-02
  2.420000E-01  4.270461E-02
  2.430000E-01  4.037845E-02
  2.440000E-01  3.807833E-02
  2.450000E-01  3.581027E-02
  2.460000E-01  3.358001E-02
  2.470000E-01  3.139295E-02
  2.480000E-01  2.925411E-02
  2.490000E-01  2.716800E-02
  2.500000E-01  2.513864E-02
  2.510000E-01  2.316949E-02
  2.520000E-01  2.126339E-02
  2.530000E-01  1.942259E-02
  2.540000E-01  1.764872E-02
  2.550000E-01  1.594280E-02
  2.560000E-01  1.430525E-02
  2.570000E-01  1.273596E-02
  2.580000E-01  1.123431E-02
  2.590000E-01  9.799260E-03
  2.600000E-01  8.429397E-03
  2.610000E-01  7.123033E-03
  2.620000E-01  5.878292E-03
  2.630000E-01  4.693203E-03
  2.640000E-01  3.565789E-03
  2.650000E-01  2.494165E-03
  2.660000E-01  1.476624E-03
  2.670000E-01  5.117162E-04
  2.680000E-01 -4.016818E-04
  2.690000E-01 -1.264306E-03
  2.700000E-01 -2.076466E-03
  2.710000E-01 -2.838012E-03
  2.720000E-01 -3.548331E-03
  2.730000E-01 -4.206354E-03
  2.740000E-01 -4.810579E-03
  2.750000E-01 -5.359120E-03
  2.760000E-01 -5.849764E-03
  2.770000E-01 -6.280050E-03
  2.780000E-01 -6.647358E-03
  2.790000E-01 -6.949009E-03
  2.800000E-01 -7.182371E-03
  2.810000E-01 -7.344976E-03
  2.820000E-01 -7.434626E-03
  2.830000E-01 -7.449514E-03
  2.840000E-01 -7.388321E-03
  2.850000E-01 -7.250315E-03
  2.860000E-01 -7.035438E-03
  2.870000E-01 -6.744367E-03
  2.880000E-01 -6.378573E-03
  2.890000E-01 -5.940346E-03
  2.900000E-01 -5.432807E-03
  2.910000E-01 -4.859895E-03
  2.920000E-01 -4.226334E-03
  2.930000E-01 -3.537575E-03
  2.940000E-01 -2.799723E-03
  2.950000E-01 -2.019440E-03
  2.960000E-01 -1.203833E-03
  2.970000E-01 -3.603339E-04
  2.980000E-01  5.034413E-04
  2.990000E-01  1.379828E-03
  3.000000E-01  2.261259E-03
  3.010000E-01  3.140407E-03
  3.020000E-01  4.010319E-03
  3.030000E-01  4.864546E-03
  3.040000E-01  5.697256E-03
  3.050000E-01  6.503333E-03
  3.060000E-01  7.278459E-03
  3.070000E-01  8.019168E-03
  3.080000E-01  8.722882E-03
  3.090000E-01  9.387927E-03
  3.100000E-01  1.001352E-02
  3.110000E-01  1.059972E-02
  3.120000E-01  1.114739E-02
  3.130000E-01  1.165810E-02
  3.140000E-01  1.213405E-02
  3.150000E-01  1.257792E-02
  3.160000E-01  1.299279E-02
  3.170000E-01  1.338196E-02
  3.180000E-01  1.374886E-02
  3.190000E-01  1.409685E-02
  3.200000E-01  1.442916E-02
  3.210000E-01  1.474869E-02
  3.220000E-01  1.505795E-02
  3.230000E-01  1.535892E-02
  3.240000E-01  1.565301E-02
  3.250000E-01  1.594093E-02
  3.260000E-01  1.622274E-02
  3.270000E-01  1.649776E-02
  3.280000E-01  1.676459E-02
  3.290000E-01  1.702120E-02
  3.300000E-01  1.726488E-02
  3.310000E-01  1.749240E-02
  3.320000E-01  1.770008E-02
  3.330000E-01  1.788386E-02
  3.340000E-01  1.803947E-02
  3.350000E-01  1.816253E-02
  3.360000E-01  1.824868E-02
  3.370000E-01  1.829374E-02
  3.380000E-01  1.829382E-02
  3.390000E-01  1.824543E-02
  3.400000E-01  1.814563E-02
  3.410000E-01  1.799209E-02
  3.420000E-01  1.778322E-02
  3.430000E-01  1.751817E-02
  3.440000E-01  1.719690E-02
  3.450000E-01  1.682022E-02
  3.460000E-01  1.638975E-02
  3.470000E-01  1.590790E-02
  3.480000E-01  1.537782E-02
  3.490000E-01  1.480336E-02
  3.500000E-01  1.418894E-02
  3.510000E-01  1.353945E-02
  3.520000E-01  1.286017E-02
  3.530000E-01  1.215660E-02
  3.540000E-01  1.143437E-02
  3.550000E-01  1.069908E-02
  3.560000E-01  9.956173E-03
  3.570000E-01  9.210827E-03
  3.580000E-01  8.467832E-03
  3.590000E-01  7.731491E-03
  3.600000E-01  7.005533E-03
  3.610000E-01  6.293048E-03
  3.620000E-01  5.596441E-03
  3.630000E-01  4.917403E-03
  3.640000E-01  4.256906E-03
  3.650000E-01  3.615221E-03
  3.660000E-01  2.991954E-03
  3.670000E-01  2.386101E-03
  3.680000E-01  1.796120E-03
  3.690000E-01  1.220021E-03
  3.700000E-01  6.554649E-04
  3.710000E-01  9.986888E-05
  3.720000E-01 -4.494756E-04
  3.730000E-01 -9.952895E-04
  3.740000E-01 -1.540191E-03
  3.750000E-01 -2.086585E-03
  3.760000E-01 -2.636567E-03
  3.770000E-01 -3.191824E-03
  3.780000E-01 -3.753567E-03
  3.790000E-01 -4.322464E-03
  3.800000E-01 -4.898600E-03
  3.810000E-01 -5.481452E-03
  3.820000E-01 -6.069880E-03
  3.830000E-01 -6.662144E-03
  3.840000E-01 -7.255933E-03
  3.850000E-01 -7.848414E-03
  3.860000E-01 -8.436295E-03
  3.870000E-01 -9.015907E-03
  3.880000E-01 -9.583286E-03
  3.890000E-01 -1.013427E-02
  3.900000E-01 -1.066462E-02
  3.910000E-01 -1.117008E-02
  3.920000E-01 -1.164653E-02
  3.930000E-01 -1.209006E-02
  3.940000E-01 -1.249706E-02
  3.950000E-01 -1.286431E-02
  3.960000E-01 -1.318906E-02
  3.970000E-01 -1.346907E-02
  3.980000E-01 -1.370267E-02
  3.990000E-01 -1.388878E-02
  4.000000E-01 -1.402691E-02
  4.010000E-01 -1.411720E-02
  4.020000E-01 -1.416034E-02
  4.030000E-01 -1.415756E-02
  4.040000E-01 -1.411059E-02
  4.050000E-01 -1.402159E-02
  4.060000E-01 -1.389308E-02
  4.070000E-01 -1.372784E-02
  4.080000E-01 -1.352887E-02
  4.090000E-01 -1.329927E-02
  4.100000E-01 -1.304216E-02
  4.110000E-01 -1.276061E-02
  4.120000E-01 -1.245755E-02
  4.130000E-01 -1.213569E-02
  4.140000E-01 -1.179748E-02
  4.150000E-01 -1.144506E-02
  4.160000E-01 -1.108019E-02
  4.170000E-01 -1.070426E-02
  4.180000E-01 -1.031827E-02
  4.190000E-01 -9.922815E-03
  4.200000E-01 -9.518109E-03
  4.210000E-01 -9.104021E-03
  4.220000E-01 -8.680100E-03
  4.230000E-01 -8.245632E-03
  4.240000E-01 -7.799688E-03
  4.250000E-01 -7.341193E-03
  4.260000E-01 -6.868984E-03
  4.270000E-01 -6.381885E-03
  4.280000E-01 -5.878771E-03
  4.290000E-01 -5.358634E-03
  4.300000E-01 -4.820641E-03
  4.310000E-01 -4.264195E-03
  4.320000E-01 -3.688975E-03
  4.330000E-01 -3.094979E-03
  4.340000E-01 -2.482551E-03
  4.350000E-01 -1.852397E-03
  4.360000E-01 -1.205593E-03
  4.370000E-01 -5.435788E-04
  4.380000E-01  1.318564E-04
  4.390000E-01  8.185987E-04
  4.400000E-01  1.514245E-03
  4.410000E-01  2.216146E-03
  4.420000E-01  2.921452E-03
  4.430000E-01  3.627172E-03
  4.440000E-01  4.330226E-03
  4.450000E-01  5.027504E-03
  4.460000E-01  5.715931E-03
  4.470000E-01  6.392513E-03
  4.480000E-01  7.054399E-03
  4.490000E-01  7.698927E-03
  4.500000E-01  8.323663E-03
  4.510000E-01  8.926440E-03
  4.520000E-01  9.505382E-03
  4.530000E-01  1.005893E-02
  4.540000E-01  1.058582E-02
  4.550000E-01  1.108515E-02
  4.560000E-01  1.155630E-02
  4.570000E-01  1.199896E-02
  4.580000E-01  1.241308E-02
  4.590000E-01  1.279888E-02
  4.600000E-01  1.315675E-02
  4.610000E-01  1.348730E-02
  4.620000E-01  1.379122E-02
  4.630000E-01  1.406932E-02
  4.640000E-01  1.432244E-02
  4.650000E-01  1.455142E-02
  4.660000E-01  1.475706E-02
  4.670000E-01  1.494010E-02
  4.680000E-01  1.510116E-02
  4.690000E-01  1.524073E-02
  4.700000E-01  1.535917E-02
  4.710000E-01  1.545665E-02
  4.720000E-01  1.553320E-02
  4.730000E-01  1.558866E-02
  4.740000E-01  1.562273E-02
  4.750000E-01  1.563495E-02
  4.760000E-01  1.562473E-02
  4.770000E-01  1.559139E-02
  4.780000E-01  1.553417E-02
  4.790000E-01  1.545226E-02
  4.800000E-01  1.534484E-02
  4.810000E-01  1.521112E-02
  4.820000E-01  1.505034E-02
  4.830000E-01  1.486187E-02
  4.840000E-01  1.464516E-02
  4.850000E-01  1.439982E-02
  4.860000E-01  1.412562E-02
  4.870000E-01  1.382253E-02
  4.880000E-01  1.349071E-02
  4.890000E-01  1.313054E-02
  4.900000E-01  1.274261E-02
  4.910000E-01  1.232770E-02
  4.920000E-01  1.188681E-02
  4.930000E-01  1.142114E-02
  4.940000E-01  1.093204E-02
  4.950000E-01  1.042103E-02
  4.960000E-01  9.889721E-03
  4.970000E-01  9.339862E-03
  4.980000E-01  8.773247E-03
  4.990000E-01  8.191713E-03
  5.000000E-01  7.597105E-03
  5.010000E-01  6.991243E-03
  5.020000E-01  6.375896E-03
  5.030000E-01  5.752758E-03
  5.040000E-01  5.123418E-03
  5.050000E-01  4.489348E-03
  5.060000E-01  3.851882E-03
  5.070000E-01  3.212203E-03
  5.080000E-01  2.571342E-03
  5.090000E-01  1.930167E-03
  5.100000E-01  1.289392E-03
  5.110000E-01  6.495770E-04
  5.120000E-01  1.114171E-05
  5.130000E-01 -6.256224E-04
  5.140000E-01 -1.260535E-03
  5.150000E-01 -1.893507E-03
  5.160000E-01 -2.524519E-03
  5.170000E-01 -3.153600E-03
  5.180000E-01 -3.780801E-03
  5.190000E-01 -4.406172E-03
  5.200000E-01 -5.029742E-03
  5.210000E-01 -5.651491E-03
  5.220000E-01 -6.271335E-03
  5.230000E-01 -6.889106E-03
  5.240000E-01 -7.504537E-03
  5.250000E-01 -8.117250E-03
  5.260000E-01 -8.726750E-03
  5.270000E-01 -9.332414E-03
  5.280000E-01 -9.933498E-03
  5.290000E-01 -1.052914E-02
  5.300000E-01 -1.111834E-02
  5.310000E-01 -1.170003E-02
  5.320000E-01 -1.227301E-02
  5.330000E-01 -1.283602E-02
  5.340000E-01 -1.338775E-02
  5.350000E-01 -1.392684E-02
  5.360000E-01 -1.445191E-02
  5.370000E-01 -1.496158E-02
  5.380000E-01 -1.545452E-02
  5.390000E-01 -1.592941E-02
  5.400000E-01 -1.638504E-02
  5.410000E-01 -1.682027E-02
  5.420000E-01 -1.723407E-02
  5.430000E-01 -1.762553E-02
  5.440000E-01 -1.799390E-02
  5.450000E-01 -1.833855E-02
  5.460000E-01 -1.865903E-02
  5.470000E-01 -1.895502E-02
  5.480000E-01 -1.922639E-02
  5.490000E-01 -1.947315E-02
  5.500000E-01 -1.969545E-02
  5.510000E-01 -1.989360E-02
  5.520000E-01 -2.006801E-02
  5.530000E-01 -2.021923E-02
  5.540000E-01 -2.034788E-02
  5.550000E-01 -2.045465E-02
  5.560000E-01 -2.054031E-02
  5.570000E-01 -2.060563E-02
  5.580000E-01 -2.065140E-02
  5.590000E-01 -2.067839E-02
  5.600000E-01 -2.068734E-02
  5.610000E-01 -2.067893E-02
  5.620000E-01 -2.065378E-02
  5.630000E-01 -2.061241E-02
  5.640000E-01 -2.055523E-02
  5.650000E-01 -2.048255E-02
  5.660000E-01 -2.039457E-02
  5.670000E-01 -2.029135E-02
  5.680000E-01 -2.017285E-02
  5.690000E-01 -2.003889E-02
  5.700000E-01 -1.988921E-02
  5.710000E-01 -1.972344E-02
  5.720000E-01 -1.954113E-02
  5.730000E-01 -1.934177E-02
  5.740000E-01 -1.912480E-02
  5.750000E-01 -1.888963E-02
  5.760000E-01 -1.863569E-02
  5.770000E-01 -1.836241E-02
  5.780000E-01 -1.806930E-02
  5.790000E-01 -1.775590E-02
  5.800000E-01 -1.742188E-02
  5.810000E-01 -1.706699E-02
  5.820000E-01 -1.669113E-02
  5.830000E-01 -1.629435E-02
  5.840000E-01 -1.587683E-02
  5.850000E-01 -1.543896E-02
  5.860000E-01 -1.498126E-02
  5.870000E-01 -1.450444E-02
  5.880000E-01 -1.400936E-02
  5.890000E-01 -1.349708E-02
  5.900000E-01 -1.296875E-02
  5.910000E-01 -1.242569E-02
  5.920000E-01 -1.186932E-02
  5.930000E-01 -1.130115E-02
  5.940000E-01 -1.072275E-02
  5.950000E-01 -1.013573E-02
  5.960000E-01 -9.541722E-03
  5.970000E-01 -8.942327E-03
  5.980000E-01 -8.339111E-03
  5.990000E-01 -7.733567E-03
  6.000000E-01 -7.127098E-03
  6.010000E-01 -6.520986E-03
  6.020000E-01 -5.916382E-03
  6.030000E-01 -5.314286E-03
  6.040000E-01 -4.715536E-03
  6.050000E-01 -4.120806E-03
  6.060000E-01 -3.530595E-03
  6.070000E-01 -2.945240E-03
  6.080000E-01 -2.364915E-03
  6.090000E-01 -1.789648E-03
  6.100000E-01 -1.219333E-03
  6.110000E-01 -6.537533E-04
  6.120000E-01 -9.260252E-05
  6.130000E-01  4.644899E-04
  6.140000E-01  1.017931E-03
  6.150000E-01  1.568134E-03
  6.160000E-01  2.115494E-03
  6.170000E-01  2.660354E-03
  6.180000E-01  3.202982E-03
  6.190000E-01  3.743543E-03
  6.200000E-01  4.282080E-03
  6.210000E-01  4.818494E-03
  6.220000E-01  5.352528E-03
  6.230000E-01  5.883762E-03
  6.240000E-01  6.411601E-03
  6.250000E-01  6.935283E-03
  6.260000E-01  7.453878E-03
  6.270000E-01  7.966303E-03
  6.280000E-01  8.471333E-03
  6.290000E-01  8.967626E-03
  6.300000E-01  9.453742E-03
  6.310000E-01  9.928174E-03
  6.320000E-01  1.038937E-02
  6.330000E-01  1.083579E-02
  6.340000E-01  1.126589E-02
  6.350000E-01  1.167819E-02
  6.360000E-01  1.207133E-02
  6.370000E-01  1.244403E-02
  6.380000E-01  1.279518E-02
  6.390000E-01  1.312383E-02
  6.400000E-01  1.342923E-02
  6.410000E-01  1.371083E-02
  6.420000E-01  1.396829E-02
  6.430000E-01  1.420150E-02
  6.440000E-01  1.441058E-02
  6.450000E-01  1.459585E-02
  6.460000E-01  1.475784E-02
  6.470000E-01  1.489728E-02
  6.480000E-01  1.501504E-02
  6.490000E-01  1.511215E-02
  6.500000E-01  1.518975E-02
  6.510000E-01  1.524907E-02
  6.520000E-01  1.529136E-02
  6.530000E-01  1.531793E-02
  6.540000E-01  1.533004E-02
  6.550000E-01  1.532891E-02
  6.560000E-01  1.531567E-02
  6.570000E-01  1.529137E-02
  6.580000E-01  1.525689E-02
  6.590000E-01  1.521300E-02
  6.600000E-01  1.516027E-02
  6.610000E-01  1.509910E-02
  6.620000E-01  1.502973E-02
  6.630000E-01  1.495220E-02
  6.640000E-01  1.486638E-02
  6.650000E-01  1.477200E-02
  6.660000E-01  1.466861E-02
  6.670000E-01  1.455566E-02
  6.680000E-01  1.443251E-02
  6.690000E-01  1.429842E-02
  6.700000E-01  1.415265E-02
  6.710000E-01  1.399442E-02
  6.720000E-01  1.382300E-02
  6.730000E-01  1.363768E-02
  6.740000E-01  1.343787E-02
  6.750000E-01  1.322307E-02
  6.760000E-01  1.299295E-02
  6.770000E-01  1.274729E-02
  6.780000E-01  1.248610E-02
  6.790000E-01  1.220954E-02
  6.800000E-01  1.191797E-02
  6.810000E-01  1.161197E-02
  6.820000E-01  1.129227E-02
  6.830000E-01  1.095983E-02
  6.840000E-01  1.061575E-02
  6.850000E-01  1.026129E-02
  6.860000E-01  9.897820E-03
  6.870000E-01  9.526839E-03
  6.880000E-01  9.149903E-03
  6.890000E-01  8.768613E-03
  6.900000E-01  8.384582E-03
  6.910000E-01  7.999403E-03
  6.920000E-01  7.614619E-03
  6.930000E-01  7.231690E-03
  6.940000E-01  6.851973E-03
  6.950000E-01  6.476691E-03
  6.960000E-01  6.106921E-03
  6.970000E-01  5.743569E-03
  6.980000E-01  5.387366E-03
  6.990000E-01  5.038860E-03
  7.000000E-01  4.698411E-03
  7.010000E-01  4.366199E-03
  7.020000E-01  4.042228E-03
  7.030000E-01  3.726339E-03
  7.040000E-01  3.418231E-03
  7.050000E-01  3.117473E-03
  7.060000E-01  2.823532E-03
  7.070000E-01  2.535795E-03
  7.080000E-01  2.253598E-03
  7.090000E-01  1.976247E-03
  7.100000E-01  1.703051E-03
  7.110000E-01  1.433344E-03
  7.120000E-01  1.166509E-03
  7.130000E-01  9.020003E-04
  7.140000E-01  6.393648E-04
  7.150000E-01  3.782545E-04
  7.160000E-01  1.184404E-04
  7.170000E-01 -1.401793E-04
  7.180000E-01 -3.975750E-04
  7.190000E-01 -6.535854E-04
  7.200000E-01 -9.079216E-04
  7.210000E-01 -1.160174E-03
  7.220000E-01 -1.409824E-03
  7.230000E-01 -1.656258E-03
  7.240000E-01 -1.898784E-03
  7.250000E-01 -2.136649E-03
  7.260000E-01 -2.369062E-03
  7.270000E-01 -2.595215E-03
  7.280000E-01 -2.814300E-03
  7.290000E-01 -3.025538E-03
  7.300000E-01 -3.228191E-03
  7.310000E-01 -3.421585E-03
  7.320000E-01 -3.605128E-03
  7.330000E-01 -3.778321E-03
  7.340000E-01 -3.940770E-03
  7.350000E-01 -4.092197E-03
  7.360000E-01 -4.232443E-03
  7.370000E-01 -4.361472E-03
  7.380000E-01 -4.479368E-03
  7.390000E-01 -4.586332E-03
  7.400000E-01 -4.682675E-03
  7.410000E-01 -4.768807E-03
  7.420000E-01 -4.845230E-03
  7.430000E-01 -4.912518E-03
  7.440000E-01 -4.971304E-03
  7.450000E-01 -5.022269E-03
  7.460000E-01 -5.066117E-03
  7.470000E-01 -5.103566E-03
  7.480000E-01 -5.135327E-03
  7.490000E-01 -5.162093E-03
  7.500000E-01 -5.184522E-03
  7.510000E-01 -5.203226E-03
  7.520000E-01 -5.218761E-03
  7.530000E-01 -5.231620E-03
  7.540000E-01 -5.242222E-03
  7.550000E-01 -5.250915E-03
  7.560000E-01 -5.257971E-03
  7.570000E-01 -5.263584E-03
  7.580000E-01 -5.267879E-03
  7.590000E-01 -5.270913E-03
  7.600000E-01 -5.272681E-03
  7.610000E-01 -5.273126E-03
  7.620000E-01 -5.272147E-03
  7.630000E-01 -5.269607E-03
  7.640000E-01 -5.265344E-03
  7.650000E-01 -5.259184E-03
  7.660000E-01 -5.250947E-03
  7.670000E-01 -5.240456E-03
  7.680000E-01 -5.227550E-03
  7.690000E-01 -5.212088E-03
  7.700000E-01 -5.193957E-03
  7.710000E-01 -5.173076E-03
  7.720000E-01 -5.149400E-03
  7.730000E-01 -5.122925E-03
  7.740000E-01 -5.093684E-03
  7.750000E-01 -5.061750E-03
  7.760000E-01 -5.027234E-03
  7.770000E-01 -4.990280E-03
  7.780000E-01 -4.951063E-03
  7.790000E-01 -4.909785E-03
  7.800000E-01 -4.866665E-03
  7.810000E-01 -4.821940E-03
  7.820000E-01 -4.775852E-03
  7.830000E-01 -4.728648E-03
  7.840000E-01 -4.680570E-03
  7.850000E-01 -4.631852E-03
  7.860000E-01 -4.582713E-03
  7.870000E-01 -4.533356E-03
  7.880000E-01 -4.483962E-03
  7.890000E-01 -4.434685E-03
  7.900000E-01 -4.385658E-03
  7.910000E-01 -4.336983E-03
  7.920000E-01 -4.288739E-03
  7.930000E-01 -4.240976E-03
  7.940000E-01 -4.193721E-03
  7.950000E-01 -4.146979E-03
  7.960000E-01 -4.100734E-03
  7.970000E-01 -4.054955E-03
  7.980000E-01 -4.009598E-03
  7.990000E-01 -3.964609E-03
  8.000000E-01 -3.919925E-03
  8.010000E-01 -3.875484E-03
  8.020000E-01 -3.831223E-03
  8.030000E-01 -3.787081E-03
  8.040000E-01 -3.743003E-03
  8.050000E-01 -3.698940E-03
  8.060000E-01 -3.654853E-03
  8.070000E-01 -3.610712E-03
  8.080000E-01 -3.566497E-03
  8.090000E-01 -3.522195E-03
  8.100000E-01 -3.477804E-03
  8.110000E-01 -3.433330E-03
  8.120000E-01 -3.388782E-03
  8.130000E-01 -3.344176E-03
  8.140000E-01 -3.299530E-03
  8.150000E-01 -3.254861E-03
  8.160000E-01 -3.210186E-03
  8.170000E-01 -3.165517E-03
  8.180000E-01 -3.120861E-03
  8.190000E-01 -3.076219E-03
  8.200000E-01 -3.031581E-03
  8.210000E-01 -2.986930E-03
  8.220000E-01 -2.942237E-03
  8.230000E-01 -2.897464E-03
  8.240000E-01 -2.852562E-03
  8.250000E-01 -2.807472E-03
  8.260000E-01 -2.762125E-03
  8.270000E-01 -2.716445E-03
  8.280000E-01 -2.670349E-03
  8.290000E-01 -2.623748E-03
  8.300000E-01 -2.576552E-03
  8.310000E-01 -2.528667E-03
  8.320000E-01 -2.480000E-03
  8.330000E-01 -2.430463E-03
  8.340000E-01 -2.379969E-03
  8.350000E-01 -2.328439E-03
  8.360000E-01 -2.275802E-03
  8.370000E-01 -2.221997E-03
  8.380000E-01 -2.166972E-03
  8.390000E-01 -2.110688E-03
  8.400000E-01 -2.053116E-03
  8.410000E-01 -1.994244E-03
  8.420000E-01 -1.934067E-03
  8.430000E-01 -1.872598E-03
  8.440000E-01 -1.809860E-03
  8.450000E-01 -1.745886E-03
  8.460000E-01 -1.680724E-03
  8.470000E-01 -1.614427E-03
  8.480000E-01 -1.547062E-03
  8.490000E-01 -1.478699E-03
  8.500000E-01 -1.409416E-03
  8.510000E-01 -1.339297E-03
  8.520000E-01 -1.268428E-03
  8.530000E-01 -1.196896E-03
  8.540000E-01 -1.124791E-03
  8.550000E-01 -1.052201E-03
  8.560000E-01 -9.792112E-04
  8.570000E-01 -9.059037E-04
  8.580000E-01 -8.323563E-04
  8.590000E-01 -7.586405E-04
  8.600000E-01 -6.848212E-04
  8.610000E-01 -6.109553E-04
  8.620000E-01 -5.370911E-04
  8.630000E-01 -4.632675E-04
  8.640000E-01 -3.895135E-04
  8.650000E-01 -3.158475E-04
  8.660000E-01 -2.422774E-04
  8.670000E-01 -1.688000E-04
  8.680000E-01 -9.540167E-05
  8.690000E-01 -2.205807E-05
  8.700000E-01  5.126504E-05
  8.710000E-01  1.246112E-04
  8.720000E-01  1.980323E-04
  8.730000E-01  2.715872E-04
  8.740000E-01  3.453408E-04
  8.750000E-01  4.193615E-04
  8.760000E-01  4.937202E-04
  8.770000E-01  5.684876E-04
  8.780000E-01  6.437321E-04
  8.790000E-01  7.195173E-04
  8.800000E-01  7.958997E-04
  8.810000E-01  8.729259E-04
  8.820000E-01  9.506303E-04
  8.830000E-01  1.029032E-03
  8.840000E-01  1.108135E-03
  8.850000E-01  1.187922E-03
  8.860000E-01  1.268356E-03
  8.870000E-01  1.349380E-03
  8.880000E-01  1.430911E-03
  8.890000E-01  1.512845E-03
  8.900000E-01  1.595055E-03
  8.910000E-01  1.677391E-03
  8.920000E-01  1.759684E-03
  8.930000E-01  1.841745E-03
  8.940000E-01  1.923369E-03
  8.950000E-01  2.004337E-03
  8.960000E-01  2.084423E-03
  8.970000E-01  2.163392E-03
  8.980000E-01  2.241011E-03
  8.990000E-01  2.317046E-03
  9.000000E-01  2.391275E-03
  9.010000E-01  2.463485E-03
  9.020000E-01  2.533482E-03
  9.030000E-01  2.601091E-03
  9.040000E-01  2.666162E-03
  9.050000E-01  2.728574E-03
  9.060000E-01  2.788234E-03
  9.070000E-01  2.845085E-03
  9.080000E-01  2.899101E-03
  9.090000E-01  2.950289E-03
  9.100000E-01  2.998692E-03
  9.110000E-01  3.044382E-03
  9.120000E-01  3.087463E-03
  9.130000E-01  3.128063E-03
  9.140000E-01  3.166333E-03
  9.150000E-01  3.202443E-03
  9.160000E-01  3.236573E-03
  9.170000E-01  3.268914E-03
  9.180000E-01  3.299654E-03
  9.190000E-01  3.328979E-03
  9.200000E-01  3.357064E-03
  9.210000E-01  3.384066E-03
  9.220000E-01  3.410122E-03
  9.230000E-01  3.435343E-03
  9.240000E-01  3.459809E-03
  9.250000E-01  3.483566E-03
  9.260000E-01  3.506625E-03
  9.270000E-01  3.528958E-03
  9.280000E-01  3.550502E-03
  9.290000E-01  3.571156E-03
  9.300000E-01  3.590786E-03
  9.310000E-01  3.609225E-03
  9.320000E-01  3.626279E-03
  9.330000E-01  3.641732E-03
  9.340000E-01  3.655351E-03
  9.350000E-01  3.666893E-03
  9.360000E-01  3.676109E-03
  9.370000E-01  3.682756E-03
  9.380000E-01  3.686600E-03
  9.390000E-01  3.687422E-03
  9.400000E-01  3.685031E-03
  9.410000E-01  3.679261E-03
  9.420000E-01  3.669985E-03
  9.430000E-01  3.657113E-03
  9.440000E-01  3.640598E-03
  9.450000E-01  3.620440E-03
  9.460000E-01  3.596684E-03
  9.470000E-01  3.569421E-03
  9.480000E-01  3.538788E-03
  9.490000E-01  3.504966E-03
  9.500000E-01  3.468172E-03
  9.510000E-01  3.428658E-03
  9.520000E-01  3.386707E-03
  9.530000E-01  3.342620E-03
  9.540000E-01  3.296717E-03
  9.550000E-01  3.249322E-03
  9.560000E-01  3.200761E-03
  9.570000E-01  3.151352E-03
  9.580000E-01  3.101396E-03
  9.590000E-01  3.051174E-03
  9.600000E-01  3.000934E-03
  9.610000E-01  2.950895E-03
  9.620000E-01  2.901233E-03
  9.630000E-01  2.852081E-03
  9.640000E-01  2.803531E-03
  9.650000E-01  2.755623E-03
  9.660000E-01  2.708357E-03
  9.670000E-01  2.661686E-03
  9.680000E-01  2.615520E-03
  9.690000E-01  2.569735E-03
  9.700000E-01  2.524172E-03
  9.710000E-01  2.478649E-03
  9.720000E-01  2.432960E-03
  9.730000E-01  2.386890E-03
  9.740000E-01  2.340218E-03
  9.750000E-01  2.292727E-03
  9.760000E-01  2.244210E-03
  9.770000E-01  2.194478E-03
  9.780000E-01  2.143367E-03
  9.790000E-01  2.090742E-03
  9.800000E-01  2.036507E-03
  9.810000E-01  1.980602E-03
  9.820000E-01  1.923010E-03
  9.830000E-01  1.863761E-03
  9.840000E-01  1.802923E-03
  9.850000E-01  1.740613E-03
  9.860000E-01  1.676984E-03
  9.870000E-01  1.612227E-03
  9.880000E-01  1.546565E-03
  9.890000E-01  1.480246E-03
  9.900000E-01  1.413540E-03
  9.910000E-01  1.346728E-03
  9.920000E-01  1.280094E-03
  9.930000E-01  1.213923E-03
  9.940000E-01  1.148487E-03
  9.950000E-01  1.084041E-03
  9.960000E-01  1.020815E-03
  9.970000E-01  9.590080E-04
  9.980000E-01  8.987817E-04
  9.990000E-01  8.402577E-04
  1.000000E+00  7.835127E-04
  1.001000E+00  7.285770E-04
  1.002000E+00  6.754339E-04
  1.003000E+00  6.240194E-04
  1.004000E+00  5.742247E-04
  1.005000E+00  5.258991E-04
  1.006000E+00  4.788537E-04
  1.007000E+00  4.328673E-04
  1.008000E+00  3.876919E-04
  1.009000E+00  3.430598E-04
  1.010000E+00  2.986909E-04
  1.011000E+00  2.543002E-04
  1.012000E+00  2.096058E-04
  1.013000E+00  1.643364E-04
  1.014000E+00  1.182388E-04
  1.015000E+00  7.108475E-05
  1.016000E+00  2.267701E-05
  1.017000E+00 -2.714511E-05
  1.018000E+00 -7.850148E-05
  1.019000E+00 -1.314679E-04
  1.020000E+00 -1.860738E-04
  1.021000E+00 -2.423016E-04
  1.022000E+00 -3.000872E-04
  1.023000E+00 -3.593210E-04
  1.024000E+00 -4.198513E-04
  1.025000E+00 -4.814880E-04
  1.026000E+00 -5.440071E-04
  1.027000E+00 -6.071568E-04
  1.028000E+00 -6.706636E-04
  1.029000E+00 -7.342397E-04
  1.030000E+00 -7.975895E-04
  1.031000E+00 -8.604177E-04
  1.032000E+00 -9.224361E-04
  1.033000E+00 -9.833709E-04
  1.034000E+00 -1.042970E-03
  1.035000E+00 -1.101007E-03
  1.036000E+00 -1.157290E-03
  1.037000E+00 -1.211663E-03
  1.038000E+00 -1.264011E-03
  1.039000E+00 -1.314261E-03
  1.040000E+00 -1.362385E-03
  1.041000E+00 -1.408401E-03
  1.042000E+00 -1.452369E-03
  1.043000E+00 -1.494390E-03
  1.044000E+00 -1.534606E-03
  1.045000E+00 -1.573192E-03
  1.046000E+00 -1.610356E-03
  1.047000E+00 -1.646327E-03
  1.048000E+00 -1.681356E-03
  1.049000E+00 -1.715705E-03
  1.050000E+00 -1.749642E-03
  1.051000E+00 -1.783436E-03
  1.052000E+00 -1.817348E-03
  1.053000E+00 -1.851625E-03
  1.054000E+00 -1.886496E-03
  1.055000E+00 -1.922166E-03
  1.056000E+00 -1.958809E-03
  1.057000E+00 -1.996569E-03
  1.058000E+00 -2.035550E-03
  1.059000E+00 -2.075821E-03
  1.060000E+00 -2.117411E-03
  1.061000E+00 -2.160308E-03
  1.062000E+00 -2.204462E-03
  1.063000E+00 -2.249782E-03
  1.064000E+00 -2.296145E-03
  1.065000E+00 -2.343393E-03
  1.066000E+00 -2.391341E-03
  1.067000E+00 -2.439779E-03
  1.068000E+00 -2.488475E-03
  1.069000E+00 -2.537185E-03
  1.070000E+00 -2.585655E-03
  1.071000E+00 -2.633628E-03
  1.072000E+00 -2.680848E-03
  1.073000E+00 -2.727064E-03
  1.074000E+00 -2.772041E-03
  1.075000E+00 -2.815557E-03
  1.076000E+00 -2.857413E-03
  1.077000E+00 -2.897433E-03
  1.078000E+00 -2.935466E-03
  1.079000E+00 -2.971395E-03
  1.080000E+00 -3.005129E-03
  1.081000E+00 -3.036609E-03
  1.082000E+00 -3.065810E-03
  1.083000E+00 -3.092734E-03
  1.084000E+00 -3.117413E-03
  1.085000E+00 -3.139905E-03
  1.086000E+00 -3.160294E-03
  1.087000E+00 -3.178680E-03
  1.088000E+00 -3.195184E-03
  1.089000E+00 -3.209936E-03
  1.090000E+00 -3.223077E-03
  1.091000E+00 -3.234750E-03
  1.092000E+00 -3.245096E-03
  1.093000E+00 -3.254252E-03
  1.094000E+00 -3.262345E-03
  1.095000E+00 -3.269487E-03
  1.096000E+00 -3.275773E-03
  1.097000E+00 -3.281277E-03
  1.098000E+00 -3.286050E-03
  1.099000E+00 -3.290116E-03
  1.100000E+00 -3.293470E-03
  1.101000E+00 -3.296082E-03
  1.102000E+00 -3.297891E-03
  1.103000E+00 -3.298807E-03
  1.104000E+00 -3.298713E-03
  1.105000E+00 -3.297467E-03
  1.106000E+00 -3.294905E-03
  1.107000E+00 -3.290838E-03
  1.108000E+00 -3.285065E-03
  1.109000E+00 -3.277369E-03
  1.110000E+00 -3.267523E-03
  1.111000E+00 -3.255298E-03
  1.112000E+00 -3.240463E-03
  1.113000E+00 -3.222790E-03
  1.114000E+00 -3.202060E-03
  1.115000E+00 -3.178069E-03
  1.116000E+00 -3.150627E-03
  1.117000E+00 -3.119566E-03
  1.118000E+00 -3.084741E-03
  1.119000E+00 -3.046033E-03
  1.120000E+00 -3.003353E-03
  1.121000E+00 -2.956642E-03
  1.122000E+00 -2.905871E-03
  1.123000E+00 -2.851046E-03
  1.124000E+00 -2.792199E-03
  1.125000E+00 -2.729398E-03
  1.126000E+00 -2.662737E-03
  1.127000E+00 -2.592338E-03
  1.128000E+00 -2.518345E-03
  1.129000E+00 -2.440927E-03
  1.130000E+00 -2.360266E-03
  1.131000E+00 -2.276560E-03
  1.132000E+00 -2.190018E-03
  1.133000E+00 -2.100852E-03
  1.134000E+00 -2.009276E-03
  1.135000E+00 -1.915502E-03
  1.136000E+00 -1.819736E-03
  1.137000E+00 -1.722172E-03
  1.138000E+00 -1.622991E-03
  1.139000E+00 -1.522359E-03
  1.140000E+00 -1.420423E-03
  1.141000E+00 -1.317309E-03
  1.142000E+00 -1.213121E-03
  1.143000E+00 -1.107943E-03
  1.144000E+00 -1.001836E-03
  1.145000E+00 -8.948399E-04
  1.146000E+00 -7.869749E-04
  1.147000E+00 -6.782434E-04
  1.148000E+00 -5.686319E-04
  1.149000E+00 -4.581144E-04
  1.150000E+00 -3.466552E-04
  1.151000E+00 -2.342124E-04
  1.152000E+00 -1.207414E-04
  1.153000E+00 -6.198992E-06
  1.154000E+00  1.094536E-04
  1.155000E+00  2.262468E-04
  1.156000E+00  3.441996E-04
  1.157000E+00  4.633167E-04
  1.158000E+00  5.835858E-04
  1.159000E+00  7.049756E-04
  1.160000E+00  8.274345E-04
  1.161000E+00  9.508895E-04
  1.162000E+00  1.075246E-03
  1.163000E+00  1.200387E-03
  1.164000E+00  1.326177E-03
  1.165000E+00  1.452460E-03
  1.166000E+00  1.579064E-03
  1.167000E+00  1.705802E-03
  1.168000E+00  1.832475E-03
  1.169000E+00  1.958878E-03
  1.170000E+00  2.084799E-03
  1.171000E+00  2.210026E-03
  1.172000E+00  2.334351E-03
  1.173000E+00  2.457572E-03
  1.174000E+00  2.579495E-03
  1.175000E+00  2.699943E-03
  1.176000E+00  2.818753E-03
  1.177000E+00  2.935782E-03
  1.178000E+00  3.050907E-03
  1.179000E+00  3.164030E-03
  1.180000E+00  3.275074E-03
  1.181000E+00  3.383987E-03
  1.182000E+00  3.490741E-03
  1.183000E+00  3.595330E-03
  1.184000E+00  3.697769E-03
  1.185000E+00  3.798093E-03
  1.186000E+00  3.896354E-03
  1.187000E+00  3.992617E-03
  1.188000E+00  4.086958E-03
  1.189000E+00  4.179459E-03
  1.190000E+00  4.270209E-03
  1.191000E+00  4.359293E-03
  1.192000E+00  4.446795E-03
  1.193000E+00  4.532793E-03
  1.194000E+00  4.617351E-03
  1.195000E+00  4.700526E-03
  1.196000E+00  4.782355E-03
  1.197000E+00  4.862861E-03
  1.198000E+00  4.942049E-03
  1.199000E+00  5.019903E-03
  1.200000E+00  5.096390E-03
  1.201000E+00  5.171458E-03
  1.202000E+00  5.245035E-03
  1.203000E+00  5.317036E-03
  1.204000E+00  5.387358E-03
  1.205000E+00  5.455890E-03
  1.206000E+00  5.522509E-03
  1.207000E+00  5.587087E-03
  1.208000E+00  5.649492E-03
  1.209000E+00  5.709592E-03
  1.210000E+00  5.767261E-03
  1.211000E+00  5.822377E-03
  1.212000E+00  5.874830E-03
  1.213000E+00  5.924522E-03
  1.214000E+00  5.971371E-03
  1.215000E+00  6.015310E-03
  1.216000E+00  6.056296E-03
  1.217000E+00  6.094300E-03
  1.218000E+00  6.129319E-03
  1.219000E+00  6.161369E-03
  1.220000E+00  6.190485E-03
  1.221000E+00  6.216723E-03
  1.222000E+00  6.240157E-03
  1.223000E+00  6.260876E-03
  1.224000E+00  6.278986E-03
  1.225000E+00  6.294600E-03
  1.226000E+00  6.307841E-03
  1.227000E+00  6.318841E-03
  1.228000E+00  6.327729E-03
  1.229000E+00  6.334638E-03
  1.230000E+00  6.339697E-03
  1.231000E+00  6.343029E-03
  1.232000E+00  6.344749E-03
  1.233000E+00  6.344962E-03
  1.234000E+00  6.343763E-03
  1.235000E+00  6.341231E-03
  1.236000E+00  6.337436E-03
  1.237000E+00  6.332431E-03
  1.238000E+00  6.326255E-03
  1.239000E+00  6.318936E-03
  1.240000E+00  6.310489E-03
  1.241000E+00  6.300917E-03
  1.242000E+00  6.290215E-03
  1.243000E+00  6.278369E-03
  1.244000E+00  6.265363E-03
  1.245000E+00  6.251174E-03
  1.246000E+00  6.235780E-03
  1.247000E+00  6.219158E-03
  1.248000E+00  6.201292E-03
  1.249000E+00  6.182166E-03
  1.250000E+00  6.161775E-03
  1.251000E+00  6.140120E-03
  1.252000E+00  6.117211E-03
  1.253000E+00  6.093068E-03
  1.254000E+00  6.067722E-03
  1.255000E+00  6.041214E-03
  1.256000E+00  6.013596E-03
  1.257000E+00  5.984929E-03
  1.258000E+00  5.955281E-03
  1.259000E+00  5.924730E-03
  1.260000E+00  5.893358E-03
  1.261000E+00  5.861254E-03
  1.262000E+00  5.828508E-03
  1.263000E+00  5.795210E-03
  1.264000E+00  5.761451E-03
  1.265000E+00  5.727319E-03
  1.266000E+00  5.692897E-03
  1.267000E+00  5.658264E-03
  1.268000E+00  5.623488E-03
  1.269000E+00  5.588633E-03
  1.270000E+00  5.553752E-03
  1.271000E+00  5.518887E-03
  1.272000E+00  5.484072E-03
  1.273000E+00  5.449330E-03
  1.274000E+00  5.414673E-03
  1.275000E+00  5.380106E-03
  1.276000E+00  5.345623E-03
  1.277000E+00  5.311211E-03
  1.278000E+00  5.276850E-03
  1.279000E+00  5.242514E-03
  1.280000E+00  5.208174E-03
  1.281000E+00  5.173797E-03
  1.282000E+00  5.139348E-03
  1.283000E+00  5.104792E-03
  1.284000E+00  5.070095E-03
  1.285000E+00  5.035224E-03
  1.286000E+00  5.000150E-03
  1.287000E+00  4.964846E-03
  1.288000E+00  4.929290E-03
  1.289000E+00  4.893464E-03
  1.290000E+00  4.857355E-03
  1.291000E+00  4.820953E-03
  1.292000E+00  4.784255E-03
  1.293000E+00  4.747259E-03
  1.294000E+00  4.709968E-03
  1.295000E+00  4.672389E-03
  1.296000E+00  4.634529E-03
  1.297000E+00  4.596397E-03
  1.298000E+00  4.558005E-03
  1.299000E+00  4.519363E-03
  1.300000E+00  4.480481E-03
  1.301000E+00  4.441367E-03
  1.302000E+00  4.402029E-03
  1.303000E+00  4.362472E-03
  1.304000E+00  4.322700E-03
  1.305000E+00  4.282712E-03
  1.306000E+00  4.242508E-03
  1.307000E+00  4.202083E-03
  1.308000E+00  4.161432E-03
  1.309000E+00  4.120547E-03
  1.310000E+00  4.079420E-03
  1.311000E+00  4.038042E-03
  1.312000E+00  3.996404E-03
  1.313000E+00  3.954498E-03
  1.314000E+00  3.912317E-03
  1.315000E+00  3.869856E-03
  1.316000E+00  3.827114E-03
  1.317000E+00  3.784090E-03
  1.318000E+00  3.740788E-03
  1.319000E+00  3.697214E-03
  1.320000E+00  3.653381E-03
  1.321000E+00  3.609300E-03
  1.322000E+00  3.564991E-03
  1.323000E+00  3.520471E-03
  1.324000E+00  3.475763E-03
  1.325000E+00  3.430892E-03
  1.326000E+00  3.385880E-03
  1.327000E+00  3.340753E-03
  1.328000E+00  3.295534E-03
  1.329000E+00  3.250244E-03
  1.330000E+00  3.204902E-03
  1.331000E+00  3.159523E-03
  1.332000E+00  3.114118E-03
  1.333000E+00  3.068692E-03
  1.334000E+00  3.023244E-03
  1.335000E+00  2.977769E-03
  1.336000E+00  2.932254E-03
  1.337000E+00  2.886680E-03
  1.338000E+00  2.841022E-03
  1.339000E+00  2.795250E-03
  1.340000E+00  2.749327E-03
  1.341000E+00  2.703213E-03
  1.342000E+00  2.656864E-03
  1.343000E+00  2.610232E-03
  1.344000E+00  2.563269E-03
  1.345000E+00  2.515924E-03
  1.346000E+00  2.468150E-03
  1.347000E+00  2.419897E-03
  1.348000E+00  2.371121E-03
  1.349000E+00  2.321779E-03
  1.350000E+00  2.271833E-03
  1.351000E+00  2.221249E-03
  1.352000E+00  2.169999E-03
  1.353000E+00  2.118060E-03
  1.354000E+00  2.065413E-03
  1.355000E+00  2.012047E-03
  1.356000E+00  1.957953E-03
  1.357000E+00  1.903129E-03
  1.358000E+00  1.847576E-03
  1.359000E+00  1.791297E-03
  1.360000E+00  1.734299E-03
  1.361000E+00  1.676590E-03
  1.362000E+00  1.618176E-03
  1.363000E+00  1.559066E-03
  1.364000E+00  1.499264E-03
  1.365000E+00  1.438775E-03
  1.366000E+00  1.377596E-03
  1.367000E+00  1.315726E-03
  1.368000E+00  1.253155E-03
  1.369000E+00  1.189870E-03
  1.370000E+00  1.125856E-03
  1.371000E+00  1.061090E-03
  1.372000E+00  9.955483E-04
  1.373000E+00  9.292013E-04
  1.374000E+00  8.620187E-04
  1.375000E+00  7.939681E-04
  1.376000E+00  7.250165E-04
  1.377000E+00  6.551320E-04
  1.378000E+00  5.842842E-04
  1.379000E+00  5.124460E-04
  1.380000E+00  4.395944E-04
  1.381000E+00  3.657120E-04
  1.382000E+00  2.907876E-04
  1.383000E+00  2.148174E-04
  1.384000E+00  1.378055E-04
  1.385000E+00  5.976414E-05
  1.386000E+00 -1.928550E-05
  1.387000E+00 -9.931379E-05
  1.388000E+00 -1.802826E-04
  1.389000E+00 -2.621460E-04
  1.390000E+00 -3.448507E-04
  1.391000E+00 -4.283370E-04
  1.392000E+00 -5.125402E-04
  1.393000E+00 -5.973914E-04
  1.394000E+00 -6.828189E-04
  1.395000E+00 -7.687502E-04
  1.396000E+00 -8.551126E-04
  1.397000E+00 -9.418352E-04
  1.398000E+00 -1.028850E-03
  1.399000E+00 -1.116094E-03
  1.400000E+00 -1.203509E-03
  1.401000E+00 -1.291042E-03
  1.402000E+00 -1.378649E-03
  1.403000E+00 -1.466293E-03
  1.404000E+00 -1.553943E-03
  1.405000E+00 -1.641577E-03
  1.406000E+00 -1.729179E-03
  1.407000E+00 -1.816740E-03
  1.408000E+00 -1.904257E-03
  1.409000E+00 -1.991730E-03
  1.410000E+00 -2.079162E-03
  1.411000E+00 -2.166558E-03
  1.412000E+00 -2.253923E-03
  1.413000E+00 -2.341259E-03
  1.414000E+00 -2.428566E-03
  1.415000E+00 -2.515837E-03
  1.416000E+00 -2.603060E-03
  1.417000E+00 -2.690214E-03
  1.418000E+00 -2.777268E-03
  1.419000E+00 -2.864181E-03
  1.420000E+00 -2.950903E-03
  1.421000E+00 -3.037371E-03
  1.422000E+00 -3.123511E-03
  1.423000E+00 -3.209238E-03
  1.424000E+00 -3.294456E-03
  1.425000E+00 -3.379062E-03
  1.426000E+00 -3.462941E-03
  1.427000E+00 -3.545973E-03
  1.428000E+00 -3.628033E-03
  1.429000E+00 -3.708992E-03
  1.430000E+00 -3.788720E-03
  1.431000E+00 -3.867087E-03
  1.432000E+00 -3.943965E-03
  1.433000E+00 -4.019234E-03
  1.434000E+00 -4.092775E-03
  1.435000E+00 -4.164483E-03
  1.436000E+00 -4.234260E-03
  1.437000E+00 -4.302019E-03
  1.438000E+00 -4.367687E-03
  1.439000E+00 -4.431203E-03
  1.440000E+00 -4.492520E-03
  1.441000E+00 -4.551607E-03
  1.442000E+00 -4.608443E-03
  1.443000E+00 -4.663025E-03
  1.444000E+00 -4.715359E-03
  1.445000E+00 -4.765466E-03
  1.446000E+00 -4.813374E-03
  1.447000E+00 -4.859125E-03
  1.448000E+00 -4.902765E-03
  1.449000E+00 -4.944348E-03
  1.450000E+00 -4.983932E-03
  1.451000E+00 -5.021578E-03
  1.452000E+00 -5.057348E-03
  1.453000E+00 -5.091305E-03
  1.454000E+00 -5.123508E-03
  1.455000E+00 -5.154015E-03
  1.456000E+00 -5.182879E-03
  1.457000E+00 -5.210148E-03
  1.458000E+00 -5.235865E-03
  1.459000E+00 -5.260068E-03
  1.460000E+00 -5.282790E-03
  1.461000E+00 -5.304055E-03
  1.462000E+00 -5.323887E-03
  1.463000E+00 -5.342303E-03
  1.464000E+00 -5.359317E-03
  1.465000E+00 -5.374944E-03
  1.466000E+00 -5.389195E-03
  1.467000E+00 -5.402084E-03
  1.468000E+00 -5.413626E-03
  1.469000E+00 -5.423841E-03
  1.470000E+00 -5.432754E-03
  1.471000E+00 -5.440395E-03
  1.472000E+00 -5.446804E-03
  1.473000E+00 -5.452027E-03
  1.474000E+00 -5.456121E-03
  1.475000E+00 -5.459149E-03
  1.476000E+00 -5.461189E-03
  1.477000E+00 -5.462324E-03
  1.478000E+00 -5.462648E-03
  1.479000E+00 -5.462263E-03
  1.480000E+00 -5.461279E-03
  1.481000E+00 -5.459813E-03
  1.482000E+00 -5.457985E-03
  1.483000E+00 -5.455921E-03
  1.484000E+00 -5.453747E-03
  1.485000E+00 -5.451589E-03
  1.486000E+00 -5.449574E-03
  1.487000E+00 -5.447823E-03
  1.488000E+00 -5.446452E-03
  1.489000E+00 -5.445571E-03
  1.490000E+00 -5.445281E-03
  1.491000E+00 -5.445674E-03
  1.492000E+00 -5.446831E-03
  1.493000E+00 -5.448821E-03
  1.494000E+00 -5.451700E-03
  1.495000E+00 -5.455513E-03
  1.496000E+00 -5.460291E-03
  1.497000E+00 -5.466051E-03
  1.498000E+00 -5.472801E-03
  1.499000E+00 -5.480534E-03
  1.500000E+00 -5.489235E-03
  1.501000E+00 -5.498877E-03
  1.502000E+00 -5.509424E-03
  1.503000E+00 -5.520836E-03
  1.504000E+00 -5.533063E-03
  1.505000E+00 -5.546053E-03
  1.506000E+00 -5.559748E-03
  1.507000E+00 -5.574090E-03
  1.508000E+00 -5.589020E-03
  1.509000E+00 -5.604477E-03
  1.510000E+00 -5.620405E-03
  1.511000E+00 -5.636746E-03
  1.512000E+00 -5.653447E-03
  1.513000E+00 -5.670459E-03
  1.514000E+00 -5.687733E-03
  1.515000E+00 -5.705228E-03
  1.516000E+00 -5.722904E-03
  1.517000E+00 -5.740726E-03
  1.518000E+00 -5.758661E-03
  1.519000E+00 -5.776681E-03
  1.520000E+00 -5.794759E-03
  1.521000E+00 -5.812870E-03
  1.522000E+00 -5.830991E-03
  1.523000E+00 -5.849101E-03
  1.524000E+00 -5.867177E-03
  1.525000E+00 -5.885198E-03
  1.526000E+00 -5.903142E-03
  1.527000E+00 -5.920984E-03
  1.528000E+00 -5.938701E-03
  1.529000E+00 -5.956265E-03
  1.530000E+00 -5.973647E-03
  1.531000E+00 -5.990819E-03
  1.532000E+00 -6.007746E-03
  1.533000E+00 -6.024395E-03
  1.534000E+00 -6.040729E-03
  1.535000E+00 -6.056711E-03
  1.536000E+00 -6.072303E-03
  1.537000E+00 -6.087465E-03
  1.538000E+00 -6.102156E-03
  1.539000E+00 -6.116338E-03
  1.540000E+00 -6.129972E-03
  1.541000E+00 -6.143020E-03
  1.542000E+00 -6.155445E-03
  1.543000E+00 -6.167214E-03
  1.544000E+00 -6.178294E-03
  1.545000E+00 -6.188656E-03
  1.546000E+00 -6.198276E-03
  1.547000E+00 -6.207128E-03
  1.548000E+00 -6.215195E-03
  1.549000E+00 -6.222458E-03
  1.550000E+00 -6.228905E-03
  1.551000E+00 -6.234525E-03
  1.552000E+00 -6.239309E-03
  1.553000E+00 -6.243250E-03
  1.554000E+00 -6.246345E-03
  1.555000E+00 -6.248587E-03
  1.556000E+00 -6.249975E-03
  1.557000E+00 -6.250504E-03
  1.558000E+00 -6.250168E-03
  1.559000E+00 -6.248960E-03
  1.560000E+00 -6.246872E-03
  1.561000E+00 -6.243890E-03
  1.562000E+00 -6.239999E-03
  1.563000E+00 -6.235180E-03
  1.564000E+00 -6.229407E-03
  1.565000E+00 -6.222651E-03
  1.566000E+00 -6.214879E-03
  1.567000E+00 -6.206050E-03
  1.568000E+00 -6.196121E-03
  1.569000E+00 -6.185042E-03
  1.570000E+00 -6.172758E-03
  1.571000E+00 -6.159211E-03
  1.572000E+00 -6.144338E-03
  1.573000E+00 -6.128073E-03
  1.574000E+00 -6.110347E-03
  1.575000E+00 -6.091088E-03
  1.576000E+00 -6.070224E-03
  1.577000E+00 -6.047681E-03
  1.578000E+00 -6.023386E-03
  1.579000E+00 -5.997267E-03
  1.580000E+00 -5.969254E-03
  1.581000E+00 -5.939280E-03
  1.582000E+00 -5.907279E-03
  1.583000E+00 -5.873193E-03
  1.584000E+00 -5.836966E-03
  1.585000E+00 -5.798550E-03
  1.586000E+00 -5.757902E-03
  1.587000E+00 -5.714986E-03
  1.588000E+00 -5.669774E-03
  1.589000E+00 -5.622244E-03
  1.590000E+00 -5.572384E-03
  1.591000E+00 -5.520188E-03
  1.592000E+00 -5.465661E-03
  1.593000E+00 -5.408813E-03
  1.594000E+00 -5.349663E-03
  1.595000E+00 -5.288240E-03
  1.596000E+00 -5.224576E-03
  1.597000E+00 -5.158712E-03
  1.598000E+00 -5.090697E-03
  1.599000E+00 -5.020582E-03
  1.600000E+00 -4.948426E-03
  1.601000E+00 -4.874289E-03
  1.602000E+00 -4.798236E-03
  1.603000E+00 -4.720333E-03
  1.604000E+00 -4.640647E-03
  1.605000E+00 -4.559248E-03
  1.606000E+00 -4.476200E-03
  1.607000E+00 -4.391570E-03
  1.608000E+00 -4.305420E-03
  1.609000E+00 -4.217809E-03
  1.610000E+00 -4.128793E-03
  1.611000E+00 -4.038422E-03
  1.612000E+00 -3.946741E-03
  1.613000E+00 -3.853791E-03
  1.614000E+00 -3.759604E-03
  1.615000E+00 -3.664211E-03
  1.616000E+00 -3.567633E-03
  1.617000E+00 -3.469889E-03
  1.618000E+00 -3.370991E-03
  1.619000E+00 -3.270948E-03
  1.620000E+00 -3.169765E-03
  1.621000E+00 -3.067446E-03
  1.622000E+00 -2.963991E-03
  1.623000E+00 -2.859403E-03
  1.624000E+00 -2.753683E-03
  1.625000E+00 -2.646836E-03
  1.626000E+00 -2.538871E-03
  1.627000E+00 -2.429799E-03
  1.628000E+00 -2.319640E-03
  1.629000E+00 -2.208419E-03
  1.630000E+00 -2.096169E-03
  1.631000E+00 -1.982932E-03
  1.632000E+00 -1.868761E-03
  1.633000E+00 -1.753714E-03
  1.634000E+00 -1.637864E-03
  1.635000E+00 -1.521290E-03
  1.636000E+00 -1.404082E-03
  1.637000E+00 -1.286338E-03
  1.638000E+00 -1.168165E-03
  1.639000E+00 -1.049677E-03
  1.640000E+00 -9.309928E-04
  1.641000E+00 -8.122370E-04
  1.642000E+00 -6.935374E-04
  1.643000E+00 -5.750235E-04
  1.644000E+00 -4.568249E-04
  1.645000E+00 -3.390702E-04
  1.646000E+00 -2.218851E-04
  1.647000E+00 -1.053911E-04
  1.648000E+00  1.029567E-05
  1.649000E+00  1.250660E-04
  1.650000E+00  2.388180E-04
  1.651000E+00  3.514587E-04
  1.652000E+00  4.629038E-04
  1.653000E+00  5.730785E-04
  1.654000E+00  6.819175E-04
  1.655000E+00  7.893651E-04
  1.656000E+00  8.953741E-04
  1.657000E+00  9.999060E-04
  1.658000E+00  1.102930E-03
  1.659000E+00  1.204421E-03
  1.660000E+00  1.304359E-03
  1.661000E+00  1.402731E-03
  1.662000E+00  1.499521E-03
  1.663000E+00  1.594720E-03
  1.664000E+00  1.688314E-03
  1.665000E+00  1.780291E-03
  1.666000E+00  1.870632E-03
  1.667000E+00  1.959319E-03
  1.668000E+00  2.046325E-03
  1.669000E+00  2.131618E-03
  1.670000E+00  2.215162E-03
  1.671000E+00  2.296911E-03
  1.672000E+00  2.376817E-03
  1.673000E+00  2.454822E-03
  1.674000E+00  2.530864E-03
  1.675000E+00  2.604879E-03
  1.676000E+00  2.676795E-03
  1.677000E+00  2.746541E-03
  1.678000E+00  2.814044E-03
  1.679000E+00  2.879232E-03
  1.680000E+00  2.942036E-03
  1.681000E+00  3.002390E-03
  1.682000E+00  3.060235E-03
  1.683000E+00  3.115520E-03
  1.684000E+00  3.168201E-03
  1.685000E+00  3.218245E-03
  1.686000E+00  3.265633E-03
  1.687000E+00  3.310354E-03
  1.688000E+00  3.352415E-03
  1.689000E+00  3.391833E-03
  1.690000E+00  3.428639E-03
  1.691000E+00  3.462879E-03
  1.692000E+00  3.494611E-03
  1.693000E+00  3.523905E-03
  1.694000E+00  3.550842E-03
  1.695000E+00  3.575514E-03
  1.696000E+00  3.598021E-03
  1.697000E+00  3.618468E-03
  1.698000E+00  3.636966E-03
  1.699000E+00  3.653630E-03
  1.700000E+00  3.668575E-03
  1.701000E+00  3.681916E-03
  1.702000E+00  3.693764E-03
  1.703000E+00  3.704226E-03
  1.704000E+00  3.713404E-03
  1.705000E+00  3.721392E-03
  1.706000E+00  3.728276E-03
  1.707000E+00  3.734132E-03
  1.708000E+00  3.739026E-03
  1.709000E+00  3.743015E-03
  1.710000E+00  3.746146E-03
  1.711000E+00  3.748454E-03
  1.712000E+00  3.749968E-03
  1.713000E+00  3.750706E-03
  1.714000E+00  3.750682E-03
  1.715000E+00  3.749901E-03
  1.716000E+00  3.748368E-03
  1.717000E+00  3.746082E-03
  1.718000E+00  3.743043E-03
  1.719000E+00  3.739252E-03
  1.720000E+00  3.734713E-03
  1.721000E+00  3.729433E-03
  1.722000E+00  3.723427E-03
  1.723000E+00  3.716715E-03
  1.724000E+00  3.709327E-03
  1.725000E+00  3.701301E-03
  1.726000E+00  3.692685E-03
  1.727000E+00  3.683537E-03
  1.728000E+00  3.673926E-03
  1.729000E+00  3.663931E-03
  1.730000E+00  3.653638E-03
  1.731000E+00  3.643144E-03
  1.732000E+00  3.632554E-03
  1.733000E+00  3.621977E-03
  1.734000E+00  3.611529E-03
  1.735000E+00  3.601328E-03
  1.736000E+00  3.591494E-03
  1.737000E+00  3.582146E-03
  1.738000E+00  3.573402E-03
  1.739000E+00  3.565378E-03
  1.740000E+00  3.558180E-03
  1.741000E+00  3.551912E-03
  1.742000E+00  3.546667E-03
  1.743000E+00  3.542529E-03
  1.744000E+00  3.539573E-03
  1.745000E+00  3.537862E-03
  1.746000E+00  3.537449E-03
  1.747000E+00  3.538375E-03
  1.748000E+00  3.540668E-03
  1.749000E+00  3.544348E-03
  1.750000E+00  3.549424E-03
  1.751000E+00  3.555894E-03
  1.752000E+00  3.563751E-03
  1.753000E+00  3.572978E-03
  1.754000E+00  3.583554E-03
  1.755000E+00  3.595453E-03
  1.756000E+00  3.608646E-03
  1.757000E+00  3.623104E-03
  1.758000E+00  3.638796E-03
  1.759000E+00  3.655693E-03
  1.760000E+00  3.673769E-03
  1.761000E+00  3.693000E-03
  1.762000E+00  3.713368E-03
  1.763000E+00  3.734857E-03
  1.764000E+00  3.757460E-03
  1.765000E+00  3.781171E-03
  1.766000E+00  3.805994E-03
  1.767000E+00  3.831933E-03
  1.768000E+00  3.859002E-03
  1.769000E+00  3.887214E-03
  1.770000E+00  3.916588E-03
  1.771000E+00  3.947145E-03
  1.772000E+00  3.978906E-03
  1.773000E+00  4.011892E-03
  1.774000E+00  4.046121E-03
  1.775000E+00  4.081610E-03
  1.776000E+00  4.118370E-03
  1.777000E+00  4.156408E-03
  1.778000E+00  4.195723E-03
  1.779000E+00  4.236305E-03
  1.780000E+00  4.278136E-03
  1.781000E+00  4.321188E-03
  1.782000E+00  4.365422E-03
  1.783000E+00  4.410788E-03
  1.784000E+00  4.457224E-03
  1.785000E+00  4.504658E-03
  1.786000E+00  4.553005E-03
  1.787000E+00  4.602171E-03
  1.788000E+00  4.652049E-03
  1.789000E+00  4.702527E-03
  1.790000E+00  4.753481E-03
  1.791000E+00  4.804782E-03
  1.792000E+00  4.856295E-03
  1.793000E+00  4.907881E-03
  1.794000E+00  4.959398E-03
  1.795000E+00  5.010702E-03
  1.796000E+00  5.061653E-03
  1.797000E+00  5.112109E-03
  1.798000E+00  5.161934E-03
  1.799000E+00  5.210996E-03
  1.800000E+00  5.259172E-03
  1.801000E+00  5.306342E-03
  1.802000E+00  5.352398E-03
  1.803000E+00  5.397240E-03
  1.804000E+00  5.440779E-03
  1.805000E+00  5.482934E-03
  1.806000E+00  5.523636E-03
  1.807000E+00  5.562827E-03
  1.808000E+00  5.600457E-03
  1.809000E+00  5.636488E-03
  1.810000E+00  5.670888E-03
  1.811000E+00  5.703635E-03
  1.812000E+00  5.734712E-03
  1.813000E+00  5.764109E-03
  1.814000E+00  5.791820E-03
  1.815000E+00  5.817841E-03
  1.816000E+00  5.842172E-03
  1.817000E+00  5.864810E-03
  1.818000E+00  5.885754E-03
  1.819000E+00  5.904997E-03
  1.820000E+00  5.922532E-03
  1.821000E+00  5.938347E-03
  1.822000E+00  5.952423E-03
  1.823000E+00  5.964735E-03
  1.824000E+00  5.975255E-03
  1.825000E+00  5.983946E-03
  1.826000E+00  5.990763E-03
  1.827000E+00  5.995658E-03
  1.828000E+00  5.998577E-03
  1.829000E+00  5.999458E-03
  1.830000E+00  5.998238E-03
  1.831000E+00  5.994850E-03
  1.832000E+00  5.989225E-03
  1.833000E+00  5.981295E-03
  1.834000E+00  5.970990E-03
  1.835000E+00  5.958247E-03
  1.836000E+00  5.943003E-03
  1.837000E+00  5.925204E-03
  1.838000E+00  5.904800E-03
  1.839000E+00  5.881750E-03
  1.840000E+00  5.856024E-03
  1.841000E+00  5.827601E-03
  1.842000E+00  5.796469E-03
  1.843000E+00  5.762630E-03
  1.844000E+00  5.726095E-03
  1.845000E+00  5.686890E-03
  1.846000E+00  5.645047E-03
  1.847000E+00  5.600613E-03
  1.848000E+00  5.553642E-03
  1.849000E+00  5.504196E-03
  1.850000E+00  5.452347E-03
  1.851000E+00  5.398170E-03
  1.852000E+00  5.341745E-03
  1.853000E+00  5.283154E-03
  1.854000E+00  5.222483E-03
  1.855000E+00  5.159812E-03
  1.856000E+00  5.095223E-03
  1.857000E+00  5.028790E-03
  1.858000E+00  4.960586E-03
  1.859000E+00  4.890674E-03
  1.860000E+00  4.819110E-03
  1.861000E+00  4.745942E-03
  1.862000E+00  4.671210E-03
  1.863000E+00  4.594943E-03
  1.864000E+00  4.517163E-03
  1.865000E+00  4.437883E-03
  1.866000E+00  4.357109E-03
  1.867000E+00  4.274838E-03
  1.868000E+00  4.191064E-03
  1.869000E+00  4.105777E-03
  1.870000E+00  4.018962E-03
  1.871000E+00  3.930606E-03
  1.872000E+00  3.840696E-03
  1.873000E+00  3.749223E-03
  1.874000E+00  3.656182E-03
  1.875000E+00  3.561575E-03
  1.876000E+00  3.465412E-03
  1.877000E+00  3.367713E-03
  1.878000E+00  3.268510E-03
  1.879000E+00  3.167844E-03
  1.880000E+00  3.065772E-03
  1.881000E+00  2.962361E-03
  1.882000E+00  2.857693E-03
  1.883000E+00  2.751861E-03
  1.884000E+00  2.644972E-03
  1.885000E+00  2.537142E-03
  1.886000E+00  2.428497E-03
  1.887000E+00  2.319172E-03
  1.888000E+00  2.209309E-03
  1.889000E+00  2.099054E-03
  1.890000E+00  1.988556E-03
  1.891000E+00  1.877965E-03
  1.892000E+00  1.767428E-03
  1.893000E+00  1.657090E-03
  1.894000E+00  1.547090E-03
  1.895000E+00  1.437560E-03
  1.896000E+00  1.328622E-03
  1.897000E+00  1.220388E-03
  1.898000E+00  1.112959E-03
  1.899000E+00  1.006421E-03
  1.900000E+00  9.008495E-04
  1.901000E+00  7.963046E-04
  1.902000E+00  6.928332E-04
  1.903000E+00  5.904690E-04
  1.904000E+00  4.892330E-04
  1.905000E+00  3.891345E-04
  1.906000E+00  2.901725E-04
  1.907000E+00  1.923366E-04
  1.908000E+00  9.560926E-05
  1.909000E+00 -3.299205E-08
  1.910000E+00 -9.461747E-05
  1.911000E+00 -1.881735E-04
  1.912000E+00 -2.807307E-04
  1.913000E+00 -3.723167E-04
  1.914000E+00 -4.629563E-04
  1.915000E+00 -5.526689E-04
  1.916000E+00 -6.414680E-04
  1.917000E+00 -7.293595E-04
  1.918000E+00 -8.163412E-04
  1.919000E+00 -9.024021E-04
  1.920000E+00 -9.875219E-04
  1.921000E+00 -1.071671E-03
  1.922000E+00 -1.154812E-03
  1.923000E+00 -1.236898E-03
  1.924000E+00 -1.317874E-03
  1.925000E+00 -1.397681E-03
  1.926000E+00 -1.476253E-03
  1.927000E+00 -1.553521E-03
  1.928000E+00 -1.629412E-03
  1.929000E+00 -1.703856E-03
  1.930000E+00 -1.776779E-03
  1.931000E+00 -1.848115E-03
  1.932000E+00 -1.917799E-03
  1.933000E+00 -1.985771E-03
  1.934000E+00 -2.051981E-03
  1.935000E+00 -2.116385E-03
  1.936000E+00 -2.178949E-03
  1.937000E+00 -2.239648E-03
  1.938000E+00 -2.298469E-03
  1.939000E+00 -2.355409E-03
  1.940000E+00 -2.410475E-03
  1.941000E+00 -2.463685E-03
  1.942000E+00 -2.515068E-03
  1.943000E+00 -2.564661E-03
  1.944000E+00 -2.612510E-03
  1.945000E+00 -2.658669E-03
  1.946000E+00 -2.703199E-03
  1.947000E+00 -2.746164E-03
  1.948000E+00 -2.787634E-03
  1.949000E+00 -2.827679E-03
  1.950000E+00 -2.866374E-03
  1.951000E+00 -2.903789E-03
  1.952000E+00 -2.939997E-03
  1.953000E+00 -2.975066E-03
  1.954000E+00 -3.009060E-03
  1.955000E+00 -3.042040E-03
  1.956000E+00 -3.074061E-03
  1.957000E+00 -3.105172E-03
  1.958000E+00 -3.135416E-03
  1.959000E+00 -3.164829E-03
  1.960000E+00 -3.193440E-03
  1.961000E+00 -3.221274E-03
  1.962000E+00 -3.248347E-03
  1.963000E+00 -3.274670E-03
  1.964000E+00 -3.300251E-03
  1.965000E+00 -3.325090E-03
  1.966000E+00 -3.349185E-03
  1.967000E+00 -3.372533E-03
  1.968000E+00 -3.395126E-03
  1.969000E+00 -3.416956E-03
  1.970000E+00 -3.438015E-03
  1.971000E+00 -3.458297E-03
  1.972000E+00 -3.477797E-03
  1.973000E+00 -3.496510E-03
  1.974000E+00 -3.514439E-03
  1.975000E+00 -3.531588E-03
  1.976000E+00 -3.547966E-03
  1.977000E+00 -3.563588E-03
  1.978000E+00 -3.578474E-03
  1.979000E+00 -3.592649E-03
  1.980000E+00 -3.606146E-03
  1.981000E+00 -3.619002E-03
  1.982000E+00 -3.631260E-03
  1.983000E+00 -3.642970E-03
  1.984000E+00 -3.654185E-03
  1.985000E+00 -3.664965E-03
  1.986000E+00 -3.675372E-03
  1.987000E+00 -3.685472E-03
  1.988000E+00 -3.695334E-03
  1.989000E+00 -3.705029E-03
  1.990000E+00 -3.714627E-03
  1.991000E+00 -3.724200E-03
  1.992000E+00 -3.733817E-03
  1.993000E+00 -3.743546E-03
  1.994000E+00 -3.753451E-03
  1.995000E+00 -3.763593E-03
  1.996000E+00 -3.774026E-03
  1.997000E+00 -3.784801E-03
  1.998000E+00 -3.795960E-03
  1.999000E+00 -3.807540E-03
  2.000000E+00  3.243940E-02
