; material = LLZO                                                       
La            2000  1.55862312E+01          580.000000
  0.000000E+00  1.000000E+00
  1.000000E-03  9.991732E-01
  2.000000E-03  9.966993E-01
  3.000000E-03  9.925981E-01
  4.000000E-03  9.869023E-01
  5.000000E-03  9.796563E-01
  6.000000E-03  9.709160E-01
  7.000000E-03  9.607469E-01
  8.000000E-03  9.492235E-01
  9.000000E-03  9.364268E-01
  1.000000E-02  9.224439E-01
  1.100000E-02  9.073653E-01
  1.200000E-02  8.912836E-01
  1.300000E-02  8.742921E-01
  1.400000E-02  8.564828E-01
  1.500000E-02  8.379450E-01
  1.600000E-02  8.187638E-01
  1.700000E-02  7.990195E-01
  1.800000E-02  7.787859E-01
  1.900000E-02  7.581298E-01
  2.000000E-02  7.371106E-01
  2.100000E-02  7.157796E-01
  2.200000E-02  6.941803E-01
  2.300000E-02  6.723482E-01
  2.400000E-02  6.503115E-01
  2.500000E-02  6.280912E-01
  2.600000E-02  6.057020E-01
  2.700000E-02  5.831533E-01
  2.800000E-02  5.604497E-01
  2.900000E-02  5.375927E-01
  3.000000E-02  5.145811E-01
  3.100000E-02  4.914125E-01
  3.200000E-02  4.680845E-01
  3.300000E-02  4.445953E-01
  3.400000E-02  4.209451E-01
  3.500000E-02  3.971367E-01
  3.600000E-02  3.731763E-01
  3.700000E-02  3.490741E-01
  3.800000E-02  3.248449E-01
  3.900000E-02  3.005081E-01
  4.000000E-02  2.760882E-01
  4.100000E-02  2.516141E-01
  4.200000E-02  2.271196E-01
  4.300000E-02  2.026425E-01
  4.400000E-02  1.782246E-01
  4.500000E-02  1.539103E-01
  4.600000E-02  1.297468E-01
  4.700000E-02  1.057824E-01
  4.800000E-02  8.206640E-02
  4.900000E-02  5.864774E-02
  5.000000E-02  3.557428E-02
  5.100000E-02  1.289193E-02
  5.200000E-02 -9.356120E-03
  5.300000E-02 -3.113018E-02
  5.400000E-02 -5.239468E-02
  5.500000E-02 -7.311868E-02
  5.600000E-02 -9.327630E-02
  5.700000E-02 -1.128470E-01
  5.800000E-02 -1.318157E-01
  5.900000E-02 -1.501728E-01
  6.000000E-02 -1.679141E-01
  6.100000E-02 -1.850405E-01
  6.200000E-02 -2.015575E-01
  6.300000E-02 -2.174749E-01
  6.400000E-02 -2.328064E-01
  6.500000E-02 -2.475684E-01
  6.600000E-02 -2.617800E-01
  6.700000E-02 -2.754616E-01
  6.800000E-02 -2.886350E-01
  6.900000E-02 -3.013218E-01
  7.000000E-02 -3.135434E-01
  7.100000E-02 -3.253201E-01
  7.200000E-02 -3.366704E-01
  7.300000E-02 -3.476108E-01
  7.400000E-02 -3.581554E-01
  7.500000E-02 -3.683151E-01
  7.600000E-02 -3.780982E-01
  7.700000E-02 -3.875097E-01
  7.800000E-02 -3.965516E-01
  7.900000E-02 -4.052228E-01
  8.000000E-02 -4.135197E-01
  8.100000E-02 -4.214359E-01
  8.200000E-02 -4.289633E-01
  8.300000E-02 -4.360917E-01
  8.400000E-02 -4.428101E-01
  8.500000E-02 -4.491064E-01
  8.600000E-02 -4.549686E-01
  8.700000E-02 -4.603847E-01
  8.800000E-02 -4.653437E-01
  8.900000E-02 -4.698355E-01
  9.000000E-02 -4.738519E-01
  9.100000E-02 -4.773864E-01
  9.200000E-02 -4.804349E-01
  9.300000E-02 -4.829955E-01
  9.400000E-02 -4.850691E-01
  9.500000E-02 -4.866589E-01
  9.600000E-02 -4.877710E-01
  9.700000E-02 -4.884137E-01
  9.800000E-02 -4.885977E-01
  9.900000E-02 -4.883360E-01
  1.000000E-01 -4.876432E-01
  1.010000E-01 -4.865354E-01
  1.020000E-01 -4.850300E-01
  1.030000E-01 -4.831452E-01
  1.040000E-01 -4.808995E-01
  1.050000E-01 -4.783117E-01
  1.060000E-01 -4.754001E-01
  1.070000E-01 -4.721825E-01
  1.080000E-01 -4.686758E-01
  1.090000E-01 -4.648957E-01
  1.100000E-01 -4.608567E-01
  1.110000E-01 -4.565718E-01
  1.120000E-01 -4.520523E-01
  1.130000E-01 -4.473080E-01
  1.140000E-01 -4.423472E-01
  1.150000E-01 -4.371764E-01
  1.160000E-01 -4.318012E-01
  1.170000E-01 -4.262255E-01
  1.180000E-01 -4.204524E-01
  1.190000E-01 -4.144843E-01
  1.200000E-01 -4.083228E-01
  1.210000E-01 -4.019694E-01
  1.220000E-01 -3.954255E-01
  1.230000E-01 -3.886928E-01
  1.240000E-01 -3.817731E-01
  1.250000E-01 -3.746694E-01
  1.260000E-01 -3.673851E-01
  1.270000E-01 -3.599248E-01
  1.280000E-01 -3.522942E-01
  1.290000E-01 -3.445002E-01
  1.300000E-01 -3.365509E-01
  1.310000E-01 -3.284557E-01
  1.320000E-01 -3.202250E-01
  1.330000E-01 -3.118704E-01
  1.340000E-01 -3.034046E-01
  1.350000E-01 -2.948410E-01
  1.360000E-01 -2.861935E-01
  1.370000E-01 -2.774769E-01
  1.380000E-01 -2.687058E-01
  1.390000E-01 -2.598953E-01
  1.400000E-01 -2.510599E-01
  1.410000E-01 -2.422143E-01
  1.420000E-01 -2.333723E-01
  1.430000E-01 -2.245470E-01
  1.440000E-01 -2.157511E-01
  1.450000E-01 -2.069958E-01
  1.460000E-01 -1.982918E-01
  1.470000E-01 -1.896483E-01
  1.480000E-01 -1.810737E-01
  1.490000E-01 -1.725751E-01
  1.500000E-01 -1.641587E-01
  1.510000E-01 -1.558294E-01
  1.520000E-01 -1.475914E-01
  1.530000E-01 -1.394481E-01
  1.540000E-01 -1.314020E-01
  1.550000E-01 -1.234552E-01
  1.560000E-01 -1.156092E-01
  1.570000E-01 -1.078654E-01
  1.580000E-01 -1.002247E-01
  1.590000E-01 -9.268826E-02
  1.600000E-01 -8.525721E-02
  1.610000E-01 -7.793286E-02
  1.620000E-01 -7.071681E-02
  1.630000E-01 -6.361102E-02
  1.640000E-01 -5.661784E-02
  1.650000E-01 -4.974006E-02
  1.660000E-01 -4.298092E-02
  1.670000E-01 -3.634410E-02
  1.680000E-01 -2.983368E-02
  1.690000E-01 -2.345411E-02
  1.700000E-01 -1.721013E-02
  1.710000E-01 -1.110673E-02
  1.720000E-01 -5.149026E-03
  1.730000E-01  6.577893E-04
  1.740000E-01  6.308569E-03
  1.750000E-01  1.179829E-02
  1.760000E-01  1.712215E-02
  1.770000E-01  2.227566E-02
  1.780000E-01  2.725469E-02
  1.790000E-01  3.205558E-02
  1.800000E-01  3.667518E-02
  1.810000E-01  4.111089E-02
  1.820000E-01  4.536069E-02
  1.830000E-01  4.942319E-02
  1.840000E-01  5.329758E-02
  1.850000E-01  5.698370E-02
  1.860000E-01  6.048194E-02
  1.870000E-01  6.379328E-02
  1.880000E-01  6.691922E-02
  1.890000E-01  6.986175E-02
  1.900000E-01  7.262328E-02
  1.910000E-01  7.520661E-02
  1.920000E-01  7.761487E-02
  1.930000E-01  7.985145E-02
  1.940000E-01  8.191996E-02
  1.950000E-01  8.382418E-02
  1.960000E-01  8.556799E-02
  1.970000E-01  8.715535E-02
  1.980000E-01  8.859023E-02
  1.990000E-01  8.987663E-02
  2.000000E-01  9.101848E-02
  2.010000E-01  9.201966E-02
  2.020000E-01  9.288396E-02
  2.030000E-01  9.361511E-02
  2.040000E-01  9.421671E-02
  2.050000E-01  9.469224E-02
  2.060000E-01  9.504509E-02
  2.070000E-01  9.527852E-02
  2.080000E-01  9.539570E-02
  2.090000E-01  9.539967E-02
  2.100000E-01  9.529336E-02
  2.110000E-01  9.507962E-02
  2.120000E-01  9.476120E-02
  2.130000E-01  9.434073E-02
  2.140000E-01  9.382080E-02
  2.150000E-01  9.320390E-02
  2.160000E-01  9.249245E-02
  2.170000E-01  9.168882E-02
  2.180000E-01  9.079534E-02
  2.190000E-01  8.981428E-02
  2.200000E-01  8.874791E-02
  2.210000E-01  8.759850E-02
  2.220000E-01  8.636832E-02
  2.230000E-01  8.505969E-02
  2.240000E-01  8.367498E-02
  2.250000E-01  8.221668E-02
  2.260000E-01  8.068735E-02
  2.270000E-01  7.908972E-02
  2.280000E-01  7.742670E-02
  2.290000E-01  7.570137E-02
  2.300000E-01  7.391707E-02
  2.310000E-01  7.207734E-02
  2.320000E-01  7.018603E-02
  2.330000E-01  6.824723E-02
  2.340000E-01  6.626535E-02
  2.350000E-01  6.424505E-02
  2.360000E-01  6.219130E-02
  2.370000E-01  6.010931E-02
  2.380000E-01  5.800454E-02
  2.390000E-01  5.588265E-02
  2.400000E-01  5.374946E-02
  2.410000E-01  5.161094E-02
  2.420000E-01  4.947308E-02
  2.430000E-01  4.734191E-02
  2.440000E-01  4.522336E-02
  2.450000E-01  4.312326E-02
  2.460000E-01  4.104722E-02
  2.470000E-01  3.900058E-02
  2.480000E-01  3.698834E-02
  2.490000E-01  3.501512E-02
  2.500000E-01  3.308505E-02
  2.510000E-01  3.120178E-02
  2.520000E-01  2.936842E-02
  2.530000E-01  2.758751E-02
  2.540000E-01  2.586099E-02
  2.550000E-01  2.419025E-02
  2.560000E-01  2.257608E-02
  2.570000E-01  2.101876E-02
  2.580000E-01  1.951805E-02
  2.590000E-01  1.807327E-02
  2.600000E-01  1.668333E-02
  2.610000E-01  1.534687E-02
  2.620000E-01  1.406227E-02
  2.630000E-01  1.282776E-02
  2.640000E-01  1.164153E-02
  2.650000E-01  1.050179E-02
  2.660000E-01  9.406874E-03
  2.670000E-01  8.355314E-03
  2.680000E-01  7.345915E-03
  2.690000E-01  6.377818E-03
  2.700000E-01  5.450552E-03
  2.710000E-01  4.564070E-03
  2.720000E-01  3.718772E-03
  2.730000E-01  2.915509E-03
  2.740000E-01  2.155570E-03
  2.750000E-01  1.440654E-03
  2.760000E-01  7.728241E-04
  2.770000E-01  1.544480E-04
  2.780000E-01 -4.118793E-04
  2.790000E-01 -9.234196E-04
  2.800000E-01 -1.377388E-03
  2.810000E-01 -1.771056E-03
  2.820000E-01 -2.101854E-03
  2.830000E-01 -2.367482E-03
  2.840000E-01 -2.566009E-03
  2.850000E-01 -2.695971E-03
  2.860000E-01 -2.756460E-03
  2.870000E-01 -2.747196E-03
  2.880000E-01 -2.668595E-03
  2.890000E-01 -2.521803E-03
  2.900000E-01 -2.308732E-03
  2.910000E-01 -2.032057E-03
  2.920000E-01 -1.695209E-03
  2.930000E-01 -1.302335E-03
  2.940000E-01 -8.582466E-04
  2.950000E-01 -3.683457E-04
  2.960000E-01  1.614630E-04
  2.970000E-01  7.248771E-04
  2.980000E-01  1.315312E-03
  2.990000E-01  1.926023E-03
  3.000000E-01  2.550238E-03
  3.010000E-01  3.181286E-03
  3.020000E-01  3.812725E-03
  3.030000E-01  4.438467E-03
  3.040000E-01  5.052895E-03
  3.050000E-01  5.650958E-03
  3.060000E-01  6.228263E-03
  3.070000E-01  6.781144E-03
  3.080000E-01  7.306710E-03
  3.090000E-01  7.802871E-03
  3.100000E-01  8.268351E-03
  3.110000E-01  8.702667E-03
  3.120000E-01  9.106098E-03
  3.130000E-01  9.479620E-03
  3.140000E-01  9.824840E-03
  3.150000E-01  1.014390E-02
  3.160000E-01  1.043936E-02
  3.170000E-01  1.071410E-02
  3.180000E-01  1.097121E-02
  3.190000E-01  1.121380E-02
  3.200000E-01  1.144497E-02
  3.210000E-01  1.166759E-02
  3.220000E-01  1.188427E-02
  3.230000E-01  1.209719E-02
  3.240000E-01  1.230806E-02
  3.250000E-01  1.251802E-02
  3.260000E-01  1.272760E-02
  3.270000E-01  1.293667E-02
  3.280000E-01  1.314446E-02
  3.290000E-01  1.334954E-02
  3.300000E-01  1.354984E-02
  3.310000E-01  1.374275E-02
  3.320000E-01  1.392514E-02
  3.330000E-01  1.409347E-02
  3.340000E-01  1.424389E-02
  3.350000E-01  1.437234E-02
  3.360000E-01  1.447466E-02
  3.370000E-01  1.454674E-02
  3.380000E-01  1.458461E-02
  3.390000E-01  1.458459E-02
  3.400000E-01  1.454336E-02
  3.410000E-01  1.445811E-02
  3.420000E-01  1.432659E-02
  3.430000E-01  1.414720E-02
  3.440000E-01  1.391903E-02
  3.450000E-01  1.364192E-02
  3.460000E-01  1.331646E-02
  3.470000E-01  1.294397E-02
  3.480000E-01  1.252650E-02
  3.490000E-01  1.206677E-02
  3.500000E-01  1.156812E-02
  3.510000E-01  1.103440E-02
  3.520000E-01  1.046990E-02
  3.530000E-01  9.879251E-03
  3.540000E-01  9.267293E-03
  3.550000E-01  8.638970E-03
  3.560000E-01  7.999204E-03
  3.570000E-01  7.352787E-03
  3.580000E-01  6.704266E-03
  3.590000E-01  6.057842E-03
  3.600000E-01  5.417280E-03
  3.610000E-01  4.785833E-03
  3.620000E-01  4.166186E-03
  3.630000E-01  3.560406E-03
  3.640000E-01  2.969925E-03
  3.650000E-01  2.395534E-03
  3.660000E-01  1.837396E-03
  3.670000E-01  1.295079E-03
  3.680000E-01  7.676080E-04
  3.690000E-01  2.535266E-04
  3.700000E-01 -2.490222E-04
  3.710000E-01 -7.422085E-04
  3.720000E-01 -1.228418E-03
  3.730000E-01 -1.710152E-03
  3.740000E-01 -2.189920E-03
  3.750000E-01 -2.670145E-03
  3.760000E-01 -3.153056E-03
  3.770000E-01 -3.640606E-03
  3.780000E-01 -4.134387E-03
  3.790000E-01 -4.635561E-03
  3.800000E-01 -5.144807E-03
  3.810000E-01 -5.662280E-03
  3.820000E-01 -6.187589E-03
  3.830000E-01 -6.719791E-03
  3.840000E-01 -7.257398E-03
  3.850000E-01 -7.798408E-03
  3.860000E-01 -8.340346E-03
  3.870000E-01 -8.880316E-03
  3.880000E-01 -9.415074E-03
  3.890000E-01 -9.941102E-03
  3.900000E-01 -1.045469E-02
  3.910000E-01 -1.095204E-02
  3.920000E-01 -1.142934E-02
  3.930000E-01 -1.188286E-02
  3.940000E-01 -1.230905E-02
  3.950000E-01 -1.270460E-02
  3.960000E-01 -1.306655E-02
  3.970000E-01 -1.339232E-02
  3.980000E-01 -1.367978E-02
  3.990000E-01 -1.392728E-02
  4.000000E-01 -1.413370E-02
  4.010000E-01 -1.429842E-02
  4.020000E-01 -1.442136E-02
  4.030000E-01 -1.450293E-02
  4.040000E-01 -1.454401E-02
  4.050000E-01 -1.454593E-02
  4.060000E-01 -1.451038E-02
  4.070000E-01 -1.443938E-02
  4.080000E-01 -1.433519E-02
  4.090000E-01 -1.420026E-02
  4.100000E-01 -1.403714E-02
  4.110000E-01 -1.384838E-02
  4.120000E-01 -1.363653E-02
  4.130000E-01 -1.340400E-02
  4.140000E-01 -1.315302E-02
  4.150000E-01 -1.288562E-02
  4.160000E-01 -1.260353E-02
  4.170000E-01 -1.230818E-02
  4.180000E-01 -1.200067E-02
  4.190000E-01 -1.168176E-02
  4.200000E-01 -1.135188E-02
  4.210000E-01 -1.101111E-02
  4.220000E-01 -1.065923E-02
  4.230000E-01 -1.029576E-02
  4.240000E-01 -9.919972E-03
  4.250000E-01 -9.530958E-03
  4.260000E-01 -9.127680E-03
  4.270000E-01 -8.709023E-03
  4.280000E-01 -8.273861E-03
  4.290000E-01 -7.821110E-03
  4.300000E-01 -7.349789E-03
  4.310000E-01 -6.859073E-03
  4.320000E-01 -6.348340E-03
  4.330000E-01 -5.817215E-03
  4.340000E-01 -5.265605E-03
  4.350000E-01 -4.693723E-03
  4.360000E-01 -4.102105E-03
  4.370000E-01 -3.491621E-03
  4.380000E-01 -2.863466E-03
  4.390000E-01 -2.219155E-03
  4.400000E-01 -1.560498E-03
  4.410000E-01 -8.895747E-04
  4.420000E-01 -2.086965E-04
  4.430000E-01  4.796337E-04
  4.440000E-01  1.172768E-03
  4.450000E-01  1.867961E-03
  4.460000E-01  2.562424E-03
  4.470000E-01  3.253372E-03
  4.480000E-01  3.938077E-03
  4.490000E-01  4.613912E-03
  4.500000E-01  5.278396E-03
  4.510000E-01  5.929231E-03
  4.520000E-01  6.564336E-03
  4.530000E-01  7.181869E-03
  4.540000E-01  7.780248E-03
  4.550000E-01  8.358161E-03
  4.560000E-01  8.914569E-03
  4.570000E-01  9.448702E-03
  4.580000E-01  9.960044E-03
  4.590000E-01  1.044832E-02
  4.600000E-01  1.091348E-02
  4.610000E-01  1.135565E-02
  4.620000E-01  1.177510E-02
  4.630000E-01  1.217226E-02
  4.640000E-01  1.254761E-02
  4.650000E-01  1.290170E-02
  4.660000E-01  1.323506E-02
  4.670000E-01  1.354825E-02
  4.680000E-01  1.384173E-02
  4.690000E-01  1.411590E-02
  4.700000E-01  1.437106E-02
  4.710000E-01  1.460738E-02
  4.720000E-01  1.482491E-02
  4.730000E-01  1.502354E-02
  4.740000E-01  1.520303E-02
  4.750000E-01  1.536299E-02
  4.760000E-01  1.550291E-02
  4.770000E-01  1.562217E-02
  4.780000E-01  1.572004E-02
  4.790000E-01  1.579573E-02
  4.800000E-01  1.584839E-02
  4.810000E-01  1.587715E-02
  4.820000E-01  1.588115E-02
  4.830000E-01  1.585957E-02
  4.840000E-01  1.581164E-02
  4.850000E-01  1.573669E-02
  4.860000E-01  1.563415E-02
  4.870000E-01  1.550361E-02
  4.880000E-01  1.534480E-02
  4.890000E-01  1.515760E-02
  4.900000E-01  1.494211E-02
  4.910000E-01  1.469857E-02
  4.920000E-01  1.442743E-02
  4.930000E-01  1.412932E-02
  4.940000E-01  1.380503E-02
  4.950000E-01  1.345552E-02
  4.960000E-01  1.308191E-02
  4.970000E-01  1.268542E-02
  4.980000E-01  1.226739E-02
  4.990000E-01  1.182926E-02
  5.000000E-01  1.137250E-02
  5.010000E-01  1.089864E-02
  5.020000E-01  1.040922E-02
  5.030000E-01  9.905745E-03
  5.040000E-01  9.389708E-03
  5.050000E-01  8.862537E-03
  5.060000E-01  8.325587E-03
  5.070000E-01  7.780124E-03
  5.080000E-01  7.227312E-03
  5.090000E-01  6.668205E-03
  5.100000E-01  6.103740E-03
  5.110000E-01  5.534736E-03
  5.120000E-01  4.961895E-03
  5.130000E-01  4.385807E-03
  5.140000E-01  3.806957E-03
  5.150000E-01  3.225734E-03
  5.160000E-01  2.642447E-03
  5.170000E-01  2.057336E-03
  5.180000E-01  1.470591E-03
  5.190000E-01  8.823656E-04
  5.200000E-01  2.927984E-04
  5.210000E-01 -2.979731E-04
  5.220000E-01 -8.897938E-04
  5.230000E-01 -1.482475E-03
  5.240000E-01 -2.075782E-03
  5.250000E-01 -2.669416E-03
  5.260000E-01 -3.263009E-03
  5.270000E-01 -3.856114E-03
  5.280000E-01 -4.448197E-03
  5.290000E-01 -5.038633E-03
  5.300000E-01 -5.626710E-03
  5.310000E-01 -6.211627E-03
  5.320000E-01 -6.792498E-03
  5.330000E-01 -7.368362E-03
  5.340000E-01 -7.938192E-03
  5.350000E-01 -8.500903E-03
  5.360000E-01 -9.055368E-03
  5.370000E-01 -9.600432E-03
  5.380000E-01 -1.013493E-02
  5.390000E-01 -1.065769E-02
  5.400000E-01 -1.116756E-02
  5.410000E-01 -1.166345E-02
  5.420000E-01 -1.214428E-02
  5.430000E-01 -1.260906E-02
  5.440000E-01 -1.305688E-02
  5.450000E-01 -1.348691E-02
  5.460000E-01 -1.389844E-02
  5.470000E-01 -1.429083E-02
  5.480000E-01 -1.466361E-02
  5.490000E-01 -1.501639E-02
  5.500000E-01 -1.534890E-02
  5.510000E-01 -1.566101E-02
  5.520000E-01 -1.595270E-02
  5.530000E-01 -1.622404E-02
  5.540000E-01 -1.647521E-02
  5.550000E-01 -1.670650E-02
  5.560000E-01 -1.691824E-02
  5.570000E-01 -1.711086E-02
  5.580000E-01 -1.728480E-02
  5.590000E-01 -1.744058E-02
  5.600000E-01 -1.757869E-02
  5.610000E-01 -1.769966E-02
  5.620000E-01 -1.780398E-02
  5.630000E-01 -1.789213E-02
  5.640000E-01 -1.796451E-02
  5.650000E-01 -1.802152E-02
  5.660000E-01 -1.806344E-02
  5.670000E-01 -1.809051E-02
  5.680000E-01 -1.810288E-02
  5.690000E-01 -1.810060E-02
  5.700000E-01 -1.808365E-02
  5.710000E-01 -1.805193E-02
  5.720000E-01 -1.800525E-02
  5.730000E-01 -1.794336E-02
  5.740000E-01 -1.786592E-02
  5.750000E-01 -1.777257E-02
  5.760000E-01 -1.766290E-02
  5.770000E-01 -1.753647E-02
  5.780000E-01 -1.739284E-02
  5.790000E-01 -1.723158E-02
  5.800000E-01 -1.705230E-02
  5.810000E-01 -1.685463E-02
  5.820000E-01 -1.663828E-02
  5.830000E-01 -1.640304E-02
  5.840000E-01 -1.614879E-02
  5.850000E-01 -1.587551E-02
  5.860000E-01 -1.558330E-02
  5.870000E-01 -1.527238E-02
  5.880000E-01 -1.494311E-02
  5.890000E-01 -1.459597E-02
  5.900000E-01 -1.423155E-02
  5.910000E-01 -1.385061E-02
  5.920000E-01 -1.345398E-02
  5.930000E-01 -1.304261E-02
  5.940000E-01 -1.261757E-02
  5.950000E-01 -1.217996E-02
  5.960000E-01 -1.173097E-02
  5.970000E-01 -1.127182E-02
  5.980000E-01 -1.080376E-02
  5.990000E-01 -1.032802E-02
  6.000000E-01 -9.845821E-03
  6.010000E-01 -9.358343E-03
  6.020000E-01 -8.866696E-03
  6.030000E-01 -8.371915E-03
  6.040000E-01 -7.874939E-03
  6.050000E-01 -7.376598E-03
  6.060000E-01 -6.877608E-03
  6.070000E-01 -6.378555E-03
  6.080000E-01 -5.879900E-03
  6.090000E-01 -5.381978E-03
  6.100000E-01 -4.884997E-03
  6.110000E-01 -4.389051E-03
  6.120000E-01 -3.894127E-03
  6.130000E-01 -3.400123E-03
  6.140000E-01 -2.906861E-03
  6.150000E-01 -2.414106E-03
  6.160000E-01 -1.921590E-03
  6.170000E-01 -1.429031E-03
  6.180000E-01 -9.361549E-04
  6.190000E-01 -4.427210E-04
  6.200000E-01  5.145904E-05
  6.210000E-01  5.464997E-04
  6.220000E-01  1.042424E-03
  6.230000E-01  1.539145E-03
  6.240000E-01  2.036459E-03
  6.250000E-01  2.534028E-03
  6.260000E-01  3.031379E-03
  6.270000E-01  3.527903E-03
  6.280000E-01  4.022851E-03
  6.290000E-01  4.515349E-03
  6.300000E-01  5.004399E-03
  6.310000E-01  5.488901E-03
  6.320000E-01  5.967663E-03
  6.330000E-01  6.439427E-03
  6.340000E-01  6.902885E-03
  6.350000E-01  7.356710E-03
  6.360000E-01  7.799576E-03
  6.370000E-01  8.230188E-03
  6.380000E-01  8.647302E-03
  6.390000E-01  9.049755E-03
  6.400000E-01  9.436486E-03
  6.410000E-01  9.806554E-03
  6.420000E-01  1.015916E-02
  6.430000E-01  1.049367E-02
  6.440000E-01  1.080958E-02
  6.450000E-01  1.110661E-02
  6.460000E-01  1.138461E-02
  6.470000E-01  1.164363E-02
  6.480000E-01  1.188388E-02
  6.490000E-01  1.210570E-02
  6.500000E-01  1.230962E-02
  6.510000E-01  1.249625E-02
  6.520000E-01  1.266634E-02
  6.530000E-01  1.282068E-02
  6.540000E-01  1.296015E-02
  6.550000E-01  1.308566E-02
  6.560000E-01  1.319810E-02
  6.570000E-01  1.329835E-02
  6.580000E-01  1.338726E-02
  6.590000E-01  1.346559E-02
  6.600000E-01  1.353402E-02
  6.610000E-01  1.359313E-02
  6.620000E-01  1.364337E-02
  6.630000E-01  1.368507E-02
  6.640000E-01  1.371843E-02
  6.650000E-01  1.374349E-02
  6.660000E-01  1.376017E-02
  6.670000E-01  1.376828E-02
  6.680000E-01  1.376749E-02
  6.690000E-01  1.375736E-02
  6.700000E-01  1.373740E-02
  6.710000E-01  1.370703E-02
  6.720000E-01  1.366562E-02
  6.730000E-01  1.361255E-02
  6.740000E-01  1.354718E-02
  6.750000E-01  1.346891E-02
  6.760000E-01  1.337720E-02
  6.770000E-01  1.327158E-02
  6.780000E-01  1.315167E-02
  6.790000E-01  1.301722E-02
  6.800000E-01  1.286810E-02
  6.810000E-01  1.270431E-02
  6.820000E-01  1.252603E-02
  6.830000E-01  1.233356E-02
  6.840000E-01  1.212736E-02
  6.850000E-01  1.190805E-02
  6.860000E-01  1.167637E-02
  6.870000E-01  1.143320E-02
  6.880000E-01  1.117953E-02
  6.890000E-01  1.091644E-02
  6.900000E-01  1.064508E-02
  6.910000E-01  1.036665E-02
  6.920000E-01  1.008238E-02
  6.930000E-01  9.793508E-03
  6.940000E-01  9.501242E-03
  6.950000E-01  9.206752E-03
  6.960000E-01  8.911143E-03
  6.970000E-01  8.615434E-03
  6.980000E-01  8.320546E-03
  6.990000E-01  8.027282E-03
  7.000000E-01  7.736321E-03
  7.010000E-01  7.448208E-03
  7.020000E-01  7.163353E-03
  7.030000E-01  6.882028E-03
  7.040000E-01  6.604373E-03
  7.050000E-01  6.330401E-03
  7.060000E-01  6.060012E-03
  7.070000E-01  5.793000E-03
  7.080000E-01  5.529074E-03
  7.090000E-01  5.267874E-03
  7.100000E-01  5.008988E-03
  7.110000E-01  4.751971E-03
  7.120000E-01  4.496369E-03
  7.130000E-01  4.241734E-03
  7.140000E-01  3.987646E-03
  7.150000E-01  3.733726E-03
  7.160000E-01  3.479658E-03
  7.170000E-01  3.225196E-03
  7.180000E-01  2.970177E-03
  7.190000E-01  2.714531E-03
  7.200000E-01  2.458283E-03
  7.210000E-01  2.201556E-03
  7.220000E-01  1.944571E-03
  7.230000E-01  1.687643E-03
  7.240000E-01  1.431172E-03
  7.250000E-01  1.175637E-03
  7.260000E-01  9.215807E-04
  7.270000E-01  6.696026E-04
  7.280000E-01  4.203388E-04
  7.290000E-01  1.744496E-04
  7.300000E-01 -6.739737E-05
  7.310000E-01 -3.045425E-04
  7.320000E-01 -5.363499E-04
  7.330000E-01 -7.622215E-04
  7.340000E-01 -9.816109E-04
  7.350000E-01 -1.194035E-03
  7.360000E-01 -1.399082E-03
  7.370000E-01 -1.596424E-03
  7.380000E-01 -1.785815E-03
  7.390000E-01 -1.967100E-03
  7.400000E-01 -2.140215E-03
  7.410000E-01 -2.305182E-03
  7.420000E-01 -2.462108E-03
  7.430000E-01 -2.611179E-03
  7.440000E-01 -2.752650E-03
  7.450000E-01 -2.886838E-03
  7.460000E-01 -3.014111E-03
  7.470000E-01 -3.134878E-03
  7.480000E-01 -3.249573E-03
  7.490000E-01 -3.358648E-03
  7.500000E-01 -3.462557E-03
  7.510000E-01 -3.561746E-03
  7.520000E-01 -3.656643E-03
  7.530000E-01 -3.747648E-03
  7.540000E-01 -3.835125E-03
  7.550000E-01 -3.919393E-03
  7.560000E-01 -4.000722E-03
  7.570000E-01 -4.079333E-03
  7.580000E-01 -4.155388E-03
  7.590000E-01 -4.228998E-03
  7.600000E-01 -4.300220E-03
  7.610000E-01 -4.369060E-03
  7.620000E-01 -4.435479E-03
  7.630000E-01 -4.499397E-03
  7.640000E-01 -4.560701E-03
  7.650000E-01 -4.619248E-03
  7.660000E-01 -4.674880E-03
  7.670000E-01 -4.727423E-03
  7.680000E-01 -4.776703E-03
  7.690000E-01 -4.822545E-03
  7.700000E-01 -4.864789E-03
  7.710000E-01 -4.903289E-03
  7.720000E-01 -4.937923E-03
  7.730000E-01 -4.968596E-03
  7.740000E-01 -4.995241E-03
  7.750000E-01 -5.017828E-03
  7.760000E-01 -5.036360E-03
  7.770000E-01 -5.050872E-03
  7.780000E-01 -5.061436E-03
  7.790000E-01 -5.068155E-03
  7.800000E-01 -5.071161E-03
  7.810000E-01 -5.070613E-03
  7.820000E-01 -5.066691E-03
  7.830000E-01 -5.059592E-03
  7.840000E-01 -5.049528E-03
  7.850000E-01 -5.036717E-03
  7.860000E-01 -5.021382E-03
  7.870000E-01 -5.003743E-03
  7.880000E-01 -4.984015E-03
  7.890000E-01 -4.962405E-03
  7.900000E-01 -4.939105E-03
  7.910000E-01 -4.914290E-03
  7.920000E-01 -4.888121E-03
  7.930000E-01 -4.860735E-03
  7.940000E-01 -4.832252E-03
  7.950000E-01 -4.802768E-03
  7.960000E-01 -4.772361E-03
  7.970000E-01 -4.741088E-03
  7.980000E-01 -4.708989E-03
  7.990000E-01 -4.676085E-03
  8.000000E-01 -4.642385E-03
  8.010000E-01 -4.607885E-03
  8.020000E-01 -4.572572E-03
  8.030000E-01 -4.536426E-03
  8.040000E-01 -4.499420E-03
  8.050000E-01 -4.461528E-03
  8.060000E-01 -4.422723E-03
  8.070000E-01 -4.382980E-03
  8.080000E-01 -4.342278E-03
  8.090000E-01 -4.300602E-03
  8.100000E-01 -4.257942E-03
  8.110000E-01 -4.214297E-03
  8.120000E-01 -4.169673E-03
  8.130000E-01 -4.124083E-03
  8.140000E-01 -4.077550E-03
  8.150000E-01 -4.030100E-03
  8.160000E-01 -3.981771E-03
  8.170000E-01 -3.932602E-03
  8.180000E-01 -3.882639E-03
  8.190000E-01 -3.831931E-03
  8.200000E-01 -3.780527E-03
  8.210000E-01 -3.728481E-03
  8.220000E-01 -3.675843E-03
  8.230000E-01 -3.622663E-03
  8.240000E-01 -3.568988E-03
  8.250000E-01 -3.514863E-03
  8.260000E-01 -3.460326E-03
  8.270000E-01 -3.405410E-03
  8.280000E-01 -3.350146E-03
  8.290000E-01 -3.294555E-03
  8.300000E-01 -3.238653E-03
  8.310000E-01 -3.182451E-03
  8.320000E-01 -3.125952E-03
  8.330000E-01 -3.069154E-03
  8.340000E-01 -3.012051E-03
  8.350000E-01 -2.954630E-03
  8.360000E-01 -2.896876E-03
  8.370000E-01 -2.838769E-03
  8.380000E-01 -2.780288E-03
  8.390000E-01 -2.721409E-03
  8.400000E-01 -2.662111E-03
  8.410000E-01 -2.602370E-03
  8.420000E-01 -2.542165E-03
  8.430000E-01 -2.481479E-03
  8.440000E-01 -2.420298E-03
  8.450000E-01 -2.358613E-03
  8.460000E-01 -2.296422E-03
  8.470000E-01 -2.233729E-03
  8.480000E-01 -2.170545E-03
  8.490000E-01 -2.106892E-03
  8.500000E-01 -2.042798E-03
  8.510000E-01 -1.978304E-03
  8.520000E-01 -1.913458E-03
  8.530000E-01 -1.848320E-03
  8.540000E-01 -1.782956E-03
  8.550000E-01 -1.717445E-03
  8.560000E-01 -1.651873E-03
  8.570000E-01 -1.586334E-03
  8.580000E-01 -1.520926E-03
  8.590000E-01 -1.455754E-03
  8.600000E-01 -1.390927E-03
  8.610000E-01 -1.326553E-03
  8.620000E-01 -1.262740E-03
  8.630000E-01 -1.199593E-03
  8.640000E-01 -1.137213E-03
  8.650000E-01 -1.075691E-03
  8.660000E-01 -1.015109E-03
  8.670000E-01 -9.555390E-04
  8.680000E-01 -8.970361E-04
  8.690000E-01 -8.396409E-04
  8.700000E-01 -7.833762E-04
  8.710000E-01 -7.282462E-04
  8.720000E-01 -6.742357E-04
  8.730000E-01 -6.213095E-04
  8.740000E-01 -5.694126E-04
  8.750000E-01 -5.184710E-04
  8.760000E-01 -4.683927E-04
  8.770000E-01 -4.190694E-04
  8.780000E-01 -3.703788E-04
  8.790000E-01 -3.221870E-04
  8.800000E-01 -2.743518E-04
  8.810000E-01 -2.267261E-04
  8.820000E-01 -1.791615E-04
  8.830000E-01 -1.315125E-04
  8.840000E-01 -8.364024E-05
  8.850000E-01 -3.541664E-05
  8.860000E-01  1.327160E-05
  8.870000E-01  6.251942E-05
  8.880000E-01  1.124000E-04
  8.890000E-01  1.629619E-04
  8.900000E-01  2.142266E-04
  8.910000E-01  2.661871E-04
  8.920000E-01  3.188063E-04
  8.930000E-01  3.720177E-04
  8.940000E-01  4.257253E-04
  8.950000E-01  4.798053E-04
  8.960000E-01  5.341087E-04
  8.970000E-01  5.884638E-04
  8.980000E-01  6.426808E-04
  8.990000E-01  6.965558E-04
  9.000000E-01  7.498764E-04
  9.010000E-01  8.024269E-04
  9.020000E-01  8.539942E-04
  9.030000E-01  9.043740E-04
  9.040000E-01  9.533768E-04
  9.050000E-01  1.000833E-03
  9.060000E-01  1.046600E-03
  9.070000E-01  1.090564E-03
  9.080000E-01  1.132647E-03
  9.090000E-01  1.172809E-03
  9.100000E-01  1.211050E-03
  9.110000E-01  1.247410E-03
  9.120000E-01  1.281971E-03
  9.130000E-01  1.314856E-03
  9.140000E-01  1.346223E-03
  9.150000E-01  1.376267E-03
  9.160000E-01  1.405210E-03
  9.170000E-01  1.433299E-03
  9.180000E-01  1.460797E-03
  9.190000E-01  1.487978E-03
  9.200000E-01  1.515119E-03
  9.210000E-01  1.542490E-03
  9.220000E-01  1.570351E-03
  9.230000E-01  1.598936E-03
  9.240000E-01  1.628455E-03
  9.250000E-01  1.659080E-03
  9.260000E-01  1.690942E-03
  9.270000E-01  1.724127E-03
  9.280000E-01  1.758669E-03
  9.290000E-01  1.794550E-03
  9.300000E-01  1.831700E-03
  9.310000E-01  1.869994E-03
  9.320000E-01  1.909256E-03
  9.330000E-01  1.949262E-03
  9.340000E-01  1.989746E-03
  9.350000E-01  2.030402E-03
  9.360000E-01  2.070897E-03
  9.370000E-01  2.110874E-03
  9.380000E-01  2.149964E-03
  9.390000E-01  2.187793E-03
  9.400000E-01  2.223993E-03
  9.410000E-01  2.258212E-03
  9.420000E-01  2.290120E-03
  9.430000E-01  2.319422E-03
  9.440000E-01  2.345864E-03
  9.450000E-01  2.369237E-03
  9.460000E-01  2.389387E-03
  9.470000E-01  2.406217E-03
  9.480000E-01  2.419688E-03
  9.490000E-01  2.429823E-03
  9.500000E-01  2.436703E-03
  9.510000E-01  2.440467E-03
  9.520000E-01  2.441306E-03
  9.530000E-01  2.439460E-03
  9.540000E-01  2.435208E-03
  9.550000E-01  2.428860E-03
  9.560000E-01  2.420750E-03
  9.570000E-01  2.411225E-03
  9.580000E-01  2.400636E-03
  9.590000E-01  2.389324E-03
  9.600000E-01  2.377613E-03
  9.610000E-01  2.365801E-03
  9.620000E-01  2.354147E-03
  9.630000E-01  2.342868E-03
  9.640000E-01  2.332128E-03
  9.650000E-01  2.322035E-03
  9.660000E-01  2.312638E-03
  9.670000E-01  2.303923E-03
  9.680000E-01  2.295815E-03
  9.690000E-01  2.288178E-03
  9.700000E-01  2.280820E-03
  9.710000E-01  2.273498E-03
  9.720000E-01  2.265922E-03
  9.730000E-01  2.257768E-03
  9.740000E-01  2.248686E-03
  9.750000E-01  2.238306E-03
  9.760000E-01  2.226252E-03
  9.770000E-01  2.212156E-03
  9.780000E-01  2.195663E-03
  9.790000E-01  2.176444E-03
  9.800000E-01  2.154208E-03
  9.810000E-01  2.128709E-03
  9.820000E-01  2.099753E-03
  9.830000E-01  2.067205E-03
  9.840000E-01  2.030995E-03
  9.850000E-01  1.991120E-03
  9.860000E-01  1.947644E-03
  9.870000E-01  1.900697E-03
  9.880000E-01  1.850474E-03
  9.890000E-01  1.797229E-03
  9.900000E-01  1.741269E-03
  9.910000E-01  1.682946E-03
  9.920000E-01  1.622648E-03
  9.930000E-01  1.560790E-03
  9.940000E-01  1.497801E-03
  9.950000E-01  1.434113E-03
  9.960000E-01  1.370153E-03
  9.970000E-01  1.306326E-03
  9.980000E-01  1.243011E-03
  9.990000E-01  1.180545E-03
  1.000000E+00  1.119218E-03
  1.001000E+00  1.059266E-03
  1.002000E+00  1.000864E-03
  1.003000E+00  9.441227E-04
  1.004000E+00  8.890854E-04
  1.005000E+00  8.357297E-04
  1.006000E+00  7.839684E-04
  1.007000E+00  7.336536E-04
  1.008000E+00  6.845815E-04
  1.009000E+00  6.365000E-04
  1.010000E+00  5.891172E-04
  1.011000E+00  5.421102E-04
  1.012000E+00  4.951364E-04
  1.013000E+00  4.478435E-04
  1.014000E+00  3.998811E-04
  1.015000E+00  3.509117E-04
  1.016000E+00  3.006206E-04
  1.017000E+00  2.487264E-04
  1.018000E+00  1.949890E-04
  1.019000E+00  1.392175E-04
  1.020000E+00  8.127607E-05
  1.021000E+00  2.108783E-05
  1.022000E+00 -4.136226E-05
  1.023000E+00 -1.060269E-04
  1.024000E+00 -1.727977E-04
  1.025000E+00 -2.415079E-04
  1.026000E+00 -3.119372E-04
  1.027000E+00 -3.838181E-04
  1.028000E+00 -4.568430E-04
  1.029000E+00 -5.306731E-04
  1.030000E+00 -6.049481E-04
  1.031000E+00 -6.792959E-04
  1.032000E+00 -7.533431E-04
  1.033000E+00 -8.267255E-04
  1.034000E+00 -8.990976E-04
  1.035000E+00 -9.701428E-04
  1.036000E+00 -1.039581E-03
  1.037000E+00 -1.107176E-03
  1.038000E+00 -1.172744E-03
  1.039000E+00 -1.236152E-03
  1.040000E+00 -1.297328E-03
  1.041000E+00 -1.356259E-03
  1.042000E+00 -1.412987E-03
  1.043000E+00 -1.467615E-03
  1.044000E+00 -1.520294E-03
  1.045000E+00 -1.571225E-03
  1.046000E+00 -1.620649E-03
  1.047000E+00 -1.668839E-03
  1.048000E+00 -1.716092E-03
  1.049000E+00 -1.762723E-03
  1.050000E+00 -1.809049E-03
  1.051000E+00 -1.855385E-03
  1.052000E+00 -1.902033E-03
  1.053000E+00 -1.949271E-03
  1.054000E+00 -1.997348E-03
  1.055000E+00 -2.046475E-03
  1.056000E+00 -2.096820E-03
  1.057000E+00 -2.148500E-03
  1.058000E+00 -2.201584E-03
  1.059000E+00 -2.256085E-03
  1.060000E+00 -2.311962E-03
  1.061000E+00 -2.369122E-03
  1.062000E+00 -2.427423E-03
  1.063000E+00 -2.486675E-03
  1.064000E+00 -2.546648E-03
  1.065000E+00 -2.607079E-03
  1.066000E+00 -2.667675E-03
  1.067000E+00 -2.728123E-03
  1.068000E+00 -2.788102E-03
  1.069000E+00 -2.847283E-03
  1.070000E+00 -2.905342E-03
  1.071000E+00 -2.961971E-03
  1.072000E+00 -3.016877E-03
  1.073000E+00 -3.069794E-03
  1.074000E+00 -3.120488E-03
  1.075000E+00 -3.168762E-03
  1.076000E+00 -3.214457E-03
  1.077000E+00 -3.257455E-03
  1.078000E+00 -3.297683E-03
  1.079000E+00 -3.335109E-03
  1.080000E+00 -3.369741E-03
  1.081000E+00 -3.401627E-03
  1.082000E+00 -3.430850E-03
  1.083000E+00 -3.457524E-03
  1.084000E+00 -3.481785E-03
  1.085000E+00 -3.503794E-03
  1.086000E+00 -3.523722E-03
  1.087000E+00 -3.541749E-03
  1.088000E+00 -3.558056E-03
  1.089000E+00 -3.572819E-03
  1.090000E+00 -3.586204E-03
  1.091000E+00 -3.598361E-03
  1.092000E+00 -3.609419E-03
  1.093000E+00 -3.619484E-03
  1.094000E+00 -3.628635E-03
  1.095000E+00 -3.636920E-03
  1.096000E+00 -3.644358E-03
  1.097000E+00 -3.650935E-03
  1.098000E+00 -3.656607E-03
  1.099000E+00 -3.661303E-03
  1.100000E+00 -3.664923E-03
  1.101000E+00 -3.667343E-03
  1.102000E+00 -3.668419E-03
  1.103000E+00 -3.667991E-03
  1.104000E+00 -3.665886E-03
  1.105000E+00 -3.661923E-03
  1.106000E+00 -3.655918E-03
  1.107000E+00 -3.647687E-03
  1.108000E+00 -3.637053E-03
  1.109000E+00 -3.623848E-03
  1.110000E+00 -3.607915E-03
  1.111000E+00 -3.589115E-03
  1.112000E+00 -3.567326E-03
  1.113000E+00 -3.542446E-03
  1.114000E+00 -3.514394E-03
  1.115000E+00 -3.483112E-03
  1.116000E+00 -3.448564E-03
  1.117000E+00 -3.410731E-03
  1.118000E+00 -3.369620E-03
  1.119000E+00 -3.325251E-03
  1.120000E+00 -3.277663E-03
  1.121000E+00 -3.226907E-03
  1.122000E+00 -3.173048E-03
  1.123000E+00 -3.116156E-03
  1.124000E+00 -3.056311E-03
  1.125000E+00 -2.993592E-03
  1.126000E+00 -2.928083E-03
  1.127000E+00 -2.859863E-03
  1.128000E+00 -2.789012E-03
  1.129000E+00 -2.715600E-03
  1.130000E+00 -2.639696E-03
  1.131000E+00 -2.561359E-03
  1.132000E+00 -2.480641E-03
  1.133000E+00 -2.397589E-03
  1.134000E+00 -2.312239E-03
  1.135000E+00 -2.224625E-03
  1.136000E+00 -2.134773E-03
  1.137000E+00 -2.042706E-03
  1.138000E+00 -1.948443E-03
  1.139000E+00 -1.852003E-03
  1.140000E+00 -1.753406E-03
  1.141000E+00 -1.652673E-03
  1.142000E+00 -1.549827E-03
  1.143000E+00 -1.444899E-03
  1.144000E+00 -1.337922E-03
  1.145000E+00 -1.228939E-03
  1.146000E+00 -1.118000E-03
  1.147000E+00 -1.005162E-03
  1.148000E+00 -8.904904E-04
  1.149000E+00 -7.740598E-04
  1.150000E+00 -6.559513E-04
  1.151000E+00 -5.362539E-04
  1.152000E+00 -4.150624E-04
  1.153000E+00 -2.924770E-04
  1.154000E+00 -1.686019E-04
  1.155000E+00 -4.354401E-05
  1.156000E+00  8.258814E-05
  1.157000E+00  2.096861E-04
  1.158000E+00  3.376426E-04
  1.159000E+00  4.663528E-04
  1.160000E+00  5.957153E-04
  1.161000E+00  7.256333E-04
  1.162000E+00  8.560153E-04
  1.163000E+00  9.867754E-04
  1.164000E+00  1.117834E-03
  1.165000E+00  1.249118E-03
  1.166000E+00  1.380559E-03
  1.167000E+00  1.512097E-03
  1.168000E+00  1.643675E-03
  1.169000E+00  1.775242E-03
  1.170000E+00  1.906749E-03
  1.171000E+00  2.038150E-03
  1.172000E+00  2.169403E-03
  1.173000E+00  2.300463E-03
  1.174000E+00  2.431287E-03
  1.175000E+00  2.561827E-03
  1.176000E+00  2.692034E-03
  1.177000E+00  2.821857E-03
  1.178000E+00  2.951235E-03
  1.179000E+00  3.080106E-03
  1.180000E+00  3.208401E-03
  1.181000E+00  3.336042E-03
  1.182000E+00  3.462948E-03
  1.183000E+00  3.589030E-03
  1.184000E+00  3.714193E-03
  1.185000E+00  3.838336E-03
  1.186000E+00  3.961356E-03
  1.187000E+00  4.083141E-03
  1.188000E+00  4.203581E-03
  1.189000E+00  4.322561E-03
  1.190000E+00  4.439968E-03
  1.191000E+00  4.555686E-03
  1.192000E+00  4.669604E-03
  1.193000E+00  4.781613E-03
  1.194000E+00  4.891608E-03
  1.195000E+00  4.999491E-03
  1.196000E+00  5.105169E-03
  1.197000E+00  5.208556E-03
  1.198000E+00  5.309576E-03
  1.199000E+00  5.408159E-03
  1.200000E+00  5.504247E-03
  1.201000E+00  5.597790E-03
  1.202000E+00  5.688747E-03
  1.203000E+00  5.777086E-03
  1.204000E+00  5.862784E-03
  1.205000E+00  5.945828E-03
  1.206000E+00  6.026212E-03
  1.207000E+00  6.103936E-03
  1.208000E+00  6.179008E-03
  1.209000E+00  6.251441E-03
  1.210000E+00  6.321251E-03
  1.211000E+00  6.388459E-03
  1.212000E+00  6.453089E-03
  1.213000E+00  6.515165E-03
  1.214000E+00  6.574712E-03
  1.215000E+00  6.631754E-03
  1.216000E+00  6.686315E-03
  1.217000E+00  6.738414E-03
  1.218000E+00  6.788071E-03
  1.219000E+00  6.835298E-03
  1.220000E+00  6.880106E-03
  1.221000E+00  6.922501E-03
  1.222000E+00  6.962484E-03
  1.223000E+00  7.000050E-03
  1.224000E+00  7.035192E-03
  1.225000E+00  7.067896E-03
  1.226000E+00  7.098146E-03
  1.227000E+00  7.125921E-03
  1.228000E+00  7.151199E-03
  1.229000E+00  7.173955E-03
  1.230000E+00  7.194163E-03
  1.231000E+00  7.211799E-03
  1.232000E+00  7.226838E-03
  1.233000E+00  7.239260E-03
  1.234000E+00  7.249047E-03
  1.235000E+00  7.256189E-03
  1.236000E+00  7.260681E-03
  1.237000E+00  7.262524E-03
  1.238000E+00  7.261732E-03
  1.239000E+00  7.258327E-03
  1.240000E+00  7.252341E-03
  1.241000E+00  7.243818E-03
  1.242000E+00  7.232816E-03
  1.243000E+00  7.219402E-03
  1.244000E+00  7.203658E-03
  1.245000E+00  7.185676E-03
  1.246000E+00  7.165558E-03
  1.247000E+00  7.143420E-03
  1.248000E+00  7.119384E-03
  1.249000E+00  7.093580E-03
  1.250000E+00  7.066146E-03
  1.251000E+00  7.037223E-03
  1.252000E+00  7.006954E-03
  1.253000E+00  6.975481E-03
  1.254000E+00  6.942948E-03
  1.255000E+00  6.909492E-03
  1.256000E+00  6.875243E-03
  1.257000E+00  6.840324E-03
  1.258000E+00  6.804848E-03
  1.259000E+00  6.768916E-03
  1.260000E+00  6.732616E-03
  1.261000E+00  6.696021E-03
  1.262000E+00  6.659188E-03
  1.263000E+00  6.622162E-03
  1.264000E+00  6.584968E-03
  1.265000E+00  6.547619E-03
  1.266000E+00  6.510111E-03
  1.267000E+00  6.472426E-03
  1.268000E+00  6.434536E-03
  1.269000E+00  6.396401E-03
  1.270000E+00  6.357970E-03
  1.271000E+00  6.319187E-03
  1.272000E+00  6.279992E-03
  1.273000E+00  6.240320E-03
  1.274000E+00  6.200109E-03
  1.275000E+00  6.159296E-03
  1.276000E+00  6.117824E-03
  1.277000E+00  6.075645E-03
  1.278000E+00  6.032715E-03
  1.279000E+00  5.989005E-03
  1.280000E+00  5.944494E-03
  1.281000E+00  5.899175E-03
  1.282000E+00  5.853053E-03
  1.283000E+00  5.806150E-03
  1.284000E+00  5.758495E-03
  1.285000E+00  5.710136E-03
  1.286000E+00  5.661129E-03
  1.287000E+00  5.611540E-03
  1.288000E+00  5.561444E-03
  1.289000E+00  5.510925E-03
  1.290000E+00  5.460069E-03
  1.291000E+00  5.408964E-03
  1.292000E+00  5.357699E-03
  1.293000E+00  5.306359E-03
  1.294000E+00  5.255025E-03
  1.295000E+00  5.203771E-03
  1.296000E+00  5.152661E-03
  1.297000E+00  5.101747E-03
  1.298000E+00  5.051070E-03
  1.299000E+00  5.000656E-03
  1.300000E+00  4.950518E-03
  1.301000E+00  4.900652E-03
  1.302000E+00  4.851042E-03
  1.303000E+00  4.801655E-03
  1.304000E+00  4.752446E-03
  1.305000E+00  4.703360E-03
  1.306000E+00  4.654328E-03
  1.307000E+00  4.605276E-03
  1.308000E+00  4.556121E-03
  1.309000E+00  4.506779E-03
  1.310000E+00  4.457163E-03
  1.311000E+00  4.407187E-03
  1.312000E+00  4.356772E-03
  1.313000E+00  4.305841E-03
  1.314000E+00  4.254329E-03
  1.315000E+00  4.202179E-03
  1.316000E+00  4.149348E-03
  1.317000E+00  4.095805E-03
  1.318000E+00  4.041536E-03
  1.319000E+00  3.986540E-03
  1.320000E+00  3.930831E-03
  1.321000E+00  3.874440E-03
  1.322000E+00  3.817409E-03
  1.323000E+00  3.759795E-03
  1.324000E+00  3.701667E-03
  1.325000E+00  3.643100E-03
  1.326000E+00  3.584180E-03
  1.327000E+00  3.524997E-03
  1.328000E+00  3.465641E-03
  1.329000E+00  3.406204E-03
  1.330000E+00  3.346775E-03
  1.331000E+00  3.287437E-03
  1.332000E+00  3.228266E-03
  1.333000E+00  3.169327E-03
  1.334000E+00  3.110674E-03
  1.335000E+00  3.052348E-03
  1.336000E+00  2.994376E-03
  1.337000E+00  2.936770E-03
  1.338000E+00  2.879526E-03
  1.339000E+00  2.822625E-03
  1.340000E+00  2.766035E-03
  1.341000E+00  2.709709E-03
  1.342000E+00  2.653590E-03
  1.343000E+00  2.597609E-03
  1.344000E+00  2.541691E-03
  1.345000E+00  2.485752E-03
  1.346000E+00  2.429709E-03
  1.347000E+00  2.373475E-03
  1.348000E+00  2.316965E-03
  1.349000E+00  2.260100E-03
  1.350000E+00  2.202805E-03
  1.351000E+00  2.145017E-03
  1.352000E+00  2.086679E-03
  1.353000E+00  2.027748E-03
  1.354000E+00  1.968195E-03
  1.355000E+00  1.908001E-03
  1.356000E+00  1.847163E-03
  1.357000E+00  1.785692E-03
  1.358000E+00  1.723607E-03
  1.359000E+00  1.660944E-03
  1.360000E+00  1.597744E-03
  1.361000E+00  1.534061E-03
  1.362000E+00  1.469950E-03
  1.363000E+00  1.405473E-03
  1.364000E+00  1.340692E-03
  1.365000E+00  1.275671E-03
  1.366000E+00  1.210466E-03
  1.367000E+00  1.145131E-03
  1.368000E+00  1.079713E-03
  1.369000E+00  1.014247E-03
  1.370000E+00  9.487598E-04
  1.371000E+00  8.832661E-04
  1.372000E+00  8.177682E-04
  1.373000E+00  7.522561E-04
  1.374000E+00  6.867075E-04
  1.375000E+00  6.210885E-04
  1.376000E+00  5.553544E-04
  1.377000E+00  4.894514E-04
  1.378000E+00  4.233177E-04
  1.379000E+00  3.568859E-04
  1.380000E+00  2.900849E-04
  1.381000E+00  2.228419E-04
  1.382000E+00  1.550850E-04
  1.383000E+00  8.674506E-05
  1.384000E+00  1.775840E-05
  1.385000E+00 -5.193166E-05
  1.386000E+00 -1.223728E-04
  1.387000E+00 -1.936020E-04
  1.388000E+00 -2.656449E-04
  1.389000E+00 -3.385140E-04
  1.390000E+00 -4.122090E-04
  1.391000E+00 -4.867164E-04
  1.392000E+00 -5.620095E-04
  1.393000E+00 -6.380495E-04
  1.394000E+00 -7.147863E-04
  1.395000E+00 -7.921600E-04
  1.396000E+00 -8.701024E-04
  1.397000E+00 -9.485388E-04
  1.398000E+00 -1.027390E-03
  1.399000E+00 -1.106576E-03
  1.400000E+00 -1.186014E-03
  1.401000E+00 -1.265625E-03
  1.402000E+00 -1.345336E-03
  1.403000E+00 -1.425076E-03
  1.404000E+00 -1.504784E-03
  1.405000E+00 -1.584409E-03
  1.406000E+00 -1.663909E-03
  1.407000E+00 -1.743251E-03
  1.408000E+00 -1.822418E-03
  1.409000E+00 -1.901400E-03
  1.410000E+00 -1.980200E-03
  1.411000E+00 -2.058831E-03
  1.412000E+00 -2.137314E-03
  1.413000E+00 -2.215680E-03
  1.414000E+00 -2.293965E-03
  1.415000E+00 -2.372209E-03
  1.416000E+00 -2.450457E-03
  1.417000E+00 -2.528752E-03
  1.418000E+00 -2.607139E-03
  1.419000E+00 -2.685658E-03
  1.420000E+00 -2.764344E-03
  1.421000E+00 -2.843227E-03
  1.422000E+00 -2.922328E-03
  1.423000E+00 -3.001660E-03
  1.424000E+00 -3.081225E-03
  1.425000E+00 -3.161014E-03
  1.426000E+00 -3.241010E-03
  1.427000E+00 -3.321181E-03
  1.428000E+00 -3.401486E-03
  1.429000E+00 -3.481875E-03
  1.430000E+00 -3.562286E-03
  1.431000E+00 -3.642650E-03
  1.432000E+00 -3.722892E-03
  1.433000E+00 -3.802928E-03
  1.434000E+00 -3.882671E-03
  1.435000E+00 -3.962033E-03
  1.436000E+00 -4.040921E-03
  1.437000E+00 -4.119244E-03
  1.438000E+00 -4.196913E-03
  1.439000E+00 -4.273839E-03
  1.440000E+00 -4.349940E-03
  1.441000E+00 -4.425134E-03
  1.442000E+00 -4.499349E-03
  1.443000E+00 -4.572514E-03
  1.444000E+00 -4.644568E-03
  1.445000E+00 -4.715453E-03
  1.446000E+00 -4.785119E-03
  1.447000E+00 -4.853520E-03
  1.448000E+00 -4.920616E-03
  1.449000E+00 -4.986370E-03
  1.450000E+00 -5.050752E-03
  1.451000E+00 -5.113733E-03
  1.452000E+00 -5.175286E-03
  1.453000E+00 -5.235386E-03
  1.454000E+00 -5.294011E-03
  1.455000E+00 -5.351138E-03
  1.456000E+00 -5.406742E-03
  1.457000E+00 -5.460801E-03
  1.458000E+00 -5.513291E-03
  1.459000E+00 -5.564187E-03
  1.460000E+00 -5.613462E-03
  1.461000E+00 -5.661092E-03
  1.462000E+00 -5.707048E-03
  1.463000E+00 -5.751306E-03
  1.464000E+00 -5.793839E-03
  1.465000E+00 -5.834623E-03
  1.466000E+00 -5.873636E-03
  1.467000E+00 -5.910856E-03
  1.468000E+00 -5.946267E-03
  1.469000E+00 -5.979856E-03
  1.470000E+00 -6.011613E-03
  1.471000E+00 -6.041534E-03
  1.472000E+00 -6.069619E-03
  1.473000E+00 -6.095873E-03
  1.474000E+00 -6.120306E-03
  1.475000E+00 -6.142935E-03
  1.476000E+00 -6.163781E-03
  1.477000E+00 -6.182870E-03
  1.478000E+00 -6.200231E-03
  1.479000E+00 -6.215898E-03
  1.480000E+00 -6.229911E-03
  1.481000E+00 -6.242310E-03
  1.482000E+00 -6.253138E-03
  1.483000E+00 -6.262441E-03
  1.484000E+00 -6.270265E-03
  1.485000E+00 -6.276658E-03
  1.486000E+00 -6.281668E-03
  1.487000E+00 -6.285343E-03
  1.488000E+00 -6.287731E-03
  1.489000E+00 -6.288879E-03
  1.490000E+00 -6.288833E-03
  1.491000E+00 -6.287638E-03
  1.492000E+00 -6.285340E-03
  1.493000E+00 -6.281982E-03
  1.494000E+00 -6.277606E-03
  1.495000E+00 -6.272256E-03
  1.496000E+00 -6.265973E-03
  1.497000E+00 -6.258799E-03
  1.498000E+00 -6.250775E-03
  1.499000E+00 -6.241942E-03
  1.500000E+00 -6.232342E-03
  1.501000E+00 -6.222015E-03
  1.502000E+00 -6.211003E-03
  1.503000E+00 -6.199348E-03
  1.504000E+00 -6.187089E-03
  1.505000E+00 -6.174269E-03
  1.506000E+00 -6.160927E-03
  1.507000E+00 -6.147102E-03
  1.508000E+00 -6.132833E-03
  1.509000E+00 -6.118154E-03
  1.510000E+00 -6.103101E-03
  1.511000E+00 -6.087705E-03
  1.512000E+00 -6.071996E-03
  1.513000E+00 -6.055999E-03
  1.514000E+00 -6.039738E-03
  1.515000E+00 -6.023233E-03
  1.516000E+00 -6.006501E-03
  1.517000E+00 -5.989557E-03
  1.518000E+00 -5.972412E-03
  1.519000E+00 -5.955076E-03
  1.520000E+00 -5.937557E-03
  1.521000E+00 -5.919863E-03
  1.522000E+00 -5.902000E-03
  1.523000E+00 -5.883977E-03
  1.524000E+00 -5.865801E-03
  1.525000E+00 -5.847485E-03
  1.526000E+00 -5.829043E-03
  1.527000E+00 -5.810492E-03
  1.528000E+00 -5.791854E-03
  1.529000E+00 -5.773155E-03
  1.530000E+00 -5.754427E-03
  1.531000E+00 -5.735706E-03
  1.532000E+00 -5.717033E-03
  1.533000E+00 -5.698454E-03
  1.534000E+00 -5.680018E-03
  1.535000E+00 -5.661778E-03
  1.536000E+00 -5.643788E-03
  1.537000E+00 -5.626106E-03
  1.538000E+00 -5.608788E-03
  1.539000E+00 -5.591887E-03
  1.540000E+00 -5.575455E-03
  1.541000E+00 -5.559540E-03
  1.542000E+00 -5.544181E-03
  1.543000E+00 -5.529413E-03
  1.544000E+00 -5.515259E-03
  1.545000E+00 -5.501734E-03
  1.546000E+00 -5.488839E-03
  1.547000E+00 -5.476567E-03
  1.548000E+00 -5.464895E-03
  1.549000E+00 -5.453788E-03
  1.550000E+00 -5.443198E-03
  1.551000E+00 -5.433065E-03
  1.552000E+00 -5.423315E-03
  1.553000E+00 -5.413866E-03
  1.554000E+00 -5.404623E-03
  1.555000E+00 -5.395483E-03
  1.556000E+00 -5.386338E-03
  1.557000E+00 -5.377074E-03
  1.558000E+00 -5.367572E-03
  1.559000E+00 -5.357716E-03
  1.560000E+00 -5.347388E-03
  1.561000E+00 -5.336476E-03
  1.562000E+00 -5.324870E-03
  1.563000E+00 -5.312470E-03
  1.564000E+00 -5.299185E-03
  1.565000E+00 -5.284934E-03
  1.566000E+00 -5.269646E-03
  1.567000E+00 -5.253265E-03
  1.568000E+00 -5.235747E-03
  1.569000E+00 -5.217062E-03
  1.570000E+00 -5.197193E-03
  1.571000E+00 -5.176136E-03
  1.572000E+00 -5.153898E-03
  1.573000E+00 -5.130499E-03
  1.574000E+00 -5.105966E-03
  1.575000E+00 -5.080337E-03
  1.576000E+00 -5.053653E-03
  1.577000E+00 -5.025960E-03
  1.578000E+00 -4.997307E-03
  1.579000E+00 -4.967740E-03
  1.580000E+00 -4.937306E-03
  1.581000E+00 -4.906047E-03
  1.582000E+00 -4.873996E-03
  1.583000E+00 -4.841184E-03
  1.584000E+00 -4.807628E-03
  1.585000E+00 -4.773338E-03
  1.586000E+00 -4.738313E-03
  1.587000E+00 -4.702543E-03
  1.588000E+00 -4.666005E-03
  1.589000E+00 -4.628668E-03
  1.590000E+00 -4.590491E-03
  1.591000E+00 -4.551427E-03
  1.592000E+00 -4.511421E-03
  1.593000E+00 -4.470413E-03
  1.594000E+00 -4.428344E-03
  1.595000E+00 -4.385150E-03
  1.596000E+00 -4.340771E-03
  1.597000E+00 -4.295152E-03
  1.598000E+00 -4.248242E-03
  1.599000E+00 -4.199998E-03
  1.600000E+00 -4.150388E-03
  1.601000E+00 -4.099388E-03
  1.602000E+00 -4.046990E-03
  1.603000E+00 -3.993195E-03
  1.604000E+00 -3.938020E-03
  1.605000E+00 -3.881494E-03
  1.606000E+00 -3.823659E-03
  1.607000E+00 -3.764569E-03
  1.608000E+00 -3.704291E-03
  1.609000E+00 -3.642898E-03
  1.610000E+00 -3.580473E-03
  1.611000E+00 -3.517108E-03
  1.612000E+00 -3.452893E-03
  1.613000E+00 -3.387926E-03
  1.614000E+00 -3.322300E-03
  1.615000E+00 -3.256109E-03
  1.616000E+00 -3.189440E-03
  1.617000E+00 -3.122377E-03
  1.618000E+00 -3.054993E-03
  1.619000E+00 -2.987353E-03
  1.620000E+00 -2.919511E-03
  1.621000E+00 -2.851510E-03
  1.622000E+00 -2.783382E-03
  1.623000E+00 -2.715144E-03
  1.624000E+00 -2.646805E-03
  1.625000E+00 -2.578359E-03
  1.626000E+00 -2.509792E-03
  1.627000E+00 -2.441078E-03
  1.628000E+00 -2.372185E-03
  1.629000E+00 -2.303071E-03
  1.630000E+00 -2.233691E-03
  1.631000E+00 -2.163997E-03
  1.632000E+00 -2.093935E-03
  1.633000E+00 -2.023457E-03
  1.634000E+00 -1.952510E-03
  1.635000E+00 -1.881050E-03
  1.636000E+00 -1.809035E-03
  1.637000E+00 -1.736428E-03
  1.638000E+00 -1.663200E-03
  1.639000E+00 -1.589331E-03
  1.640000E+00 -1.514807E-03
  1.641000E+00 -1.439625E-03
  1.642000E+00 -1.363789E-03
  1.643000E+00 -1.287310E-03
  1.644000E+00 -1.210208E-03
  1.645000E+00 -1.132511E-03
  1.646000E+00 -1.054251E-03
  1.647000E+00 -9.754642E-04
  1.648000E+00 -8.961910E-04
  1.649000E+00 -8.164733E-04
  1.650000E+00 -7.363531E-04
  1.651000E+00 -6.558717E-04
  1.652000E+00 -5.750674E-04
  1.653000E+00 -4.939754E-04
  1.654000E+00 -4.126256E-04
  1.655000E+00 -3.310423E-04
  1.656000E+00 -2.492435E-04
  1.657000E+00 -1.672401E-04
  1.658000E+00 -8.503607E-05
  1.659000E+00 -2.628203E-06
  1.660000E+00  7.999326E-05
  1.661000E+00  1.628442E-04
  1.662000E+00  2.459455E-04
  1.663000E+00  3.293224E-04
  1.664000E+00  4.130026E-04
  1.665000E+00  4.970154E-04
  1.666000E+00  5.813897E-04
  1.667000E+00  6.661522E-04
  1.668000E+00  7.513262E-04
  1.669000E+00  8.369294E-04
  1.670000E+00  9.229728E-04
  1.671000E+00  1.009459E-03
  1.672000E+00  1.096379E-03
  1.673000E+00  1.183717E-03
  1.674000E+00  1.271440E-03
  1.675000E+00  1.359508E-03
  1.676000E+00  1.447864E-03
  1.677000E+00  1.536440E-03
  1.678000E+00  1.625157E-03
  1.679000E+00  1.713922E-03
  1.680000E+00  1.802633E-03
  1.681000E+00  1.891177E-03
  1.682000E+00  1.979435E-03
  1.683000E+00  2.067280E-03
  1.684000E+00  2.154582E-03
  1.685000E+00  2.241208E-03
  1.686000E+00  2.327026E-03
  1.687000E+00  2.411905E-03
  1.688000E+00  2.495719E-03
  1.689000E+00  2.578349E-03
  1.690000E+00  2.659683E-03
  1.691000E+00  2.739620E-03
  1.692000E+00  2.818071E-03
  1.693000E+00  2.894959E-03
  1.694000E+00  2.970222E-03
  1.695000E+00  3.043811E-03
  1.696000E+00  3.115694E-03
  1.697000E+00  3.185852E-03
  1.698000E+00  3.254281E-03
  1.699000E+00  3.320992E-03
  1.700000E+00  3.386007E-03
  1.701000E+00  3.449360E-03
  1.702000E+00  3.511094E-03
  1.703000E+00  3.571263E-03
  1.704000E+00  3.629924E-03
  1.705000E+00  3.687140E-03
  1.706000E+00  3.742976E-03
  1.707000E+00  3.797497E-03
  1.708000E+00  3.850766E-03
  1.709000E+00  3.902844E-03
  1.710000E+00  3.953784E-03
  1.711000E+00  4.003633E-03
  1.712000E+00  4.052430E-03
  1.713000E+00  4.100205E-03
  1.714000E+00  4.146975E-03
  1.715000E+00  4.192751E-03
  1.716000E+00  4.237528E-03
  1.717000E+00  4.281293E-03
  1.718000E+00  4.324022E-03
  1.719000E+00  4.365681E-03
  1.720000E+00  4.406228E-03
  1.721000E+00  4.445612E-03
  1.722000E+00  4.483777E-03
  1.723000E+00  4.520662E-03
  1.724000E+00  4.556202E-03
  1.725000E+00  4.590331E-03
  1.726000E+00  4.622984E-03
  1.727000E+00  4.654099E-03
  1.728000E+00  4.683617E-03
  1.729000E+00  4.711483E-03
  1.730000E+00  4.737653E-03
  1.731000E+00  4.762088E-03
  1.732000E+00  4.784760E-03
  1.733000E+00  4.805651E-03
  1.734000E+00  4.824755E-03
  1.735000E+00  4.842078E-03
  1.736000E+00  4.857636E-03
  1.737000E+00  4.871457E-03
  1.738000E+00  4.883580E-03
  1.739000E+00  4.894056E-03
  1.740000E+00  4.902945E-03
  1.741000E+00  4.910312E-03
  1.742000E+00  4.916235E-03
  1.743000E+00  4.920791E-03
  1.744000E+00  4.924067E-03
  1.745000E+00  4.926147E-03
  1.746000E+00  4.927120E-03
  1.747000E+00  4.927071E-03
  1.748000E+00  4.926085E-03
  1.749000E+00  4.924239E-03
  1.750000E+00  4.921609E-03
  1.751000E+00  4.918260E-03
  1.752000E+00  4.914253E-03
  1.753000E+00  4.909639E-03
  1.754000E+00  4.904459E-03
  1.755000E+00  4.898745E-03
  1.756000E+00  4.892520E-03
  1.757000E+00  4.885797E-03
  1.758000E+00  4.878581E-03
  1.759000E+00  4.870867E-03
  1.760000E+00  4.862643E-03
  1.761000E+00  4.853889E-03
  1.762000E+00  4.844583E-03
  1.763000E+00  4.834694E-03
  1.764000E+00  4.824191E-03
  1.765000E+00  4.813041E-03
  1.766000E+00  4.801207E-03
  1.767000E+00  4.788659E-03
  1.768000E+00  4.775364E-03
  1.769000E+00  4.761295E-03
  1.770000E+00  4.746428E-03
  1.771000E+00  4.730746E-03
  1.772000E+00  4.714236E-03
  1.773000E+00  4.696893E-03
  1.774000E+00  4.678719E-03
  1.775000E+00  4.659720E-03
  1.776000E+00  4.639912E-03
  1.777000E+00  4.619316E-03
  1.778000E+00  4.597960E-03
  1.779000E+00  4.575878E-03
  1.780000E+00  4.553108E-03
  1.781000E+00  4.529692E-03
  1.782000E+00  4.505678E-03
  1.783000E+00  4.481114E-03
  1.784000E+00  4.456052E-03
  1.785000E+00  4.430545E-03
  1.786000E+00  4.404646E-03
  1.787000E+00  4.378408E-03
  1.788000E+00  4.351886E-03
  1.789000E+00  4.325130E-03
  1.790000E+00  4.298192E-03
  1.791000E+00  4.271121E-03
  1.792000E+00  4.243965E-03
  1.793000E+00  4.216770E-03
  1.794000E+00  4.189580E-03
  1.795000E+00  4.162438E-03
  1.796000E+00  4.135385E-03
  1.797000E+00  4.108463E-03
  1.798000E+00  4.081710E-03
  1.799000E+00  4.055165E-03
  1.800000E+00  4.028867E-03
  1.801000E+00  4.002853E-03
  1.802000E+00  3.977161E-03
  1.803000E+00  3.951830E-03
  1.804000E+00  3.926898E-03
  1.805000E+00  3.902401E-03
  1.806000E+00  3.878379E-03
  1.807000E+00  3.854870E-03
  1.808000E+00  3.831910E-03
  1.809000E+00  3.809536E-03
  1.810000E+00  3.787785E-03
  1.811000E+00  3.766690E-03
  1.812000E+00  3.746284E-03
  1.813000E+00  3.726598E-03
  1.814000E+00  3.707659E-03
  1.815000E+00  3.689494E-03
  1.816000E+00  3.672122E-03
  1.817000E+00  3.655563E-03
  1.818000E+00  3.639830E-03
  1.819000E+00  3.624932E-03
  1.820000E+00  3.610875E-03
  1.821000E+00  3.597658E-03
  1.822000E+00  3.585276E-03
  1.823000E+00  3.573719E-03
  1.824000E+00  3.562971E-03
  1.825000E+00  3.553014E-03
  1.826000E+00  3.543822E-03
  1.827000E+00  3.535366E-03
  1.828000E+00  3.527615E-03
  1.829000E+00  3.520531E-03
  1.830000E+00  3.514077E-03
  1.831000E+00  3.508211E-03
  1.832000E+00  3.502889E-03
  1.833000E+00  3.498069E-03
  1.834000E+00  3.493704E-03
  1.835000E+00  3.489750E-03
  1.836000E+00  3.486162E-03
  1.837000E+00  3.482896E-03
  1.838000E+00  3.479907E-03
  1.839000E+00  3.477155E-03
  1.840000E+00  3.474598E-03
  1.841000E+00  3.472197E-03
  1.842000E+00  3.469913E-03
  1.843000E+00  3.467711E-03
  1.844000E+00  3.465553E-03
  1.845000E+00  3.463407E-03
  1.846000E+00  3.461238E-03
  1.847000E+00  3.459014E-03
  1.848000E+00  3.456701E-03
  1.849000E+00  3.454266E-03
  1.850000E+00  3.451677E-03
  1.851000E+00  3.448900E-03
  1.852000E+00  3.445899E-03
  1.853000E+00  3.442640E-03
  1.854000E+00  3.439085E-03
  1.855000E+00  3.435198E-03
  1.856000E+00  3.430938E-03
  1.857000E+00  3.426267E-03
  1.858000E+00  3.421142E-03
  1.859000E+00  3.415522E-03
  1.860000E+00  3.409364E-03
  1.861000E+00  3.402626E-03
  1.862000E+00  3.395265E-03
  1.863000E+00  3.387239E-03
  1.864000E+00  3.378507E-03
  1.865000E+00  3.369030E-03
  1.866000E+00  3.358769E-03
  1.867000E+00  3.347689E-03
  1.868000E+00  3.335756E-03
  1.869000E+00  3.322941E-03
  1.870000E+00  3.309215E-03
  1.871000E+00  3.294555E-03
  1.872000E+00  3.278940E-03
  1.873000E+00  3.262352E-03
  1.874000E+00  3.244778E-03
  1.875000E+00  3.226206E-03
  1.876000E+00  3.206629E-03
  1.877000E+00  3.186041E-03
  1.878000E+00  3.164441E-03
  1.879000E+00  3.141828E-03
  1.880000E+00  3.118204E-03
  1.881000E+00  3.093572E-03
  1.882000E+00  3.067938E-03
  1.883000E+00  3.041306E-03
  1.884000E+00  3.013683E-03
  1.885000E+00  2.985076E-03
  1.886000E+00  2.955491E-03
  1.887000E+00  2.924936E-03
  1.888000E+00  2.893416E-03
  1.889000E+00  2.860937E-03
  1.890000E+00  2.827506E-03
  1.891000E+00  2.793126E-03
  1.892000E+00  2.757803E-03
  1.893000E+00  2.721540E-03
  1.894000E+00  2.684338E-03
  1.895000E+00  2.646202E-03
  1.896000E+00  2.607131E-03
  1.897000E+00  2.567128E-03
  1.898000E+00  2.526191E-03
  1.899000E+00  2.484320E-03
  1.900000E+00  2.441513E-03
  1.901000E+00  2.397769E-03
  1.902000E+00  2.353083E-03
  1.903000E+00  2.307452E-03
  1.904000E+00  2.260870E-03
  1.905000E+00  2.213330E-03
  1.906000E+00  2.164824E-03
  1.907000E+00  2.115342E-03
  1.908000E+00  2.064870E-03
  1.909000E+00  2.013396E-03
  1.910000E+00  1.960902E-03
  1.911000E+00  1.907369E-03
  1.912000E+00  1.852777E-03
  1.913000E+00  1.797100E-03
  1.914000E+00  1.740312E-03
  1.915000E+00  1.682385E-03
  1.916000E+00  1.623286E-03
  1.917000E+00  1.562982E-03
  1.918000E+00  1.501437E-03
  1.919000E+00  1.438616E-03
  1.920000E+00  1.374481E-03
  1.921000E+00  1.308993E-03
  1.922000E+00  1.242118E-03
  1.923000E+00  1.173817E-03
  1.924000E+00  1.104059E-03
  1.925000E+00  1.032811E-03
  1.926000E+00  9.600484E-04
  1.927000E+00  8.857476E-04
  1.928000E+00  8.098920E-04
  1.929000E+00  7.324714E-04
  1.930000E+00  6.534824E-04
  1.931000E+00  5.729295E-04
  1.932000E+00  4.908255E-04
  1.933000E+00  4.071922E-04
  1.934000E+00  3.220604E-04
  1.935000E+00  2.354707E-04
  1.936000E+00  1.474730E-04
  1.937000E+00  5.812694E-05
  1.938000E+00 -3.249860E-05
  1.939000E+00 -1.243258E-04
  1.940000E+00 -2.172683E-04
  1.941000E+00 -3.112321E-04
  1.942000E+00 -4.061162E-04
  1.943000E+00 -5.018136E-04
  1.944000E+00 -5.982125E-04
  1.945000E+00 -6.951971E-04
  1.946000E+00 -7.926494E-04
  1.947000E+00 -8.904499E-04
  1.948000E+00 -9.884792E-04
  1.949000E+00 -1.086619E-03
  1.950000E+00 -1.184755E-03
  1.951000E+00 -1.282774E-03
  1.952000E+00 -1.380570E-03
  1.953000E+00 -1.478041E-03
  1.954000E+00 -1.575092E-03
  1.955000E+00 -1.671637E-03
  1.956000E+00 -1.767596E-03
  1.957000E+00 -1.862896E-03
  1.958000E+00 -1.957474E-03
  1.959000E+00 -2.051274E-03
  1.960000E+00 -2.144250E-03
  1.961000E+00 -2.236362E-03
  1.962000E+00 -2.327576E-03
  1.963000E+00 -2.417867E-03
  1.964000E+00 -2.507215E-03
  1.965000E+00 -2.595604E-03
  1.966000E+00 -2.683023E-03
  1.967000E+00 -2.769463E-03
  1.968000E+00 -2.854918E-03
  1.969000E+00 -2.939382E-03
  1.970000E+00 -3.022850E-03
  1.971000E+00 -3.105313E-03
  1.972000E+00 -3.186765E-03
  1.973000E+00 -3.267193E-03
  1.974000E+00 -3.346583E-03
  1.975000E+00 -3.424915E-03
  1.976000E+00 -3.502165E-03
  1.977000E+00 -3.578307E-03
  1.978000E+00 -3.653306E-03
  1.979000E+00 -3.727124E-03
  1.980000E+00 -3.799718E-03
  1.981000E+00 -3.871042E-03
  1.982000E+00 -3.941044E-03
  1.983000E+00 -4.009670E-03
  1.984000E+00 -4.076862E-03
  1.985000E+00 -4.142564E-03
  1.986000E+00 -4.206714E-03
  1.987000E+00 -4.269254E-03
  1.988000E+00 -4.330127E-03
  1.989000E+00 -4.389276E-03
  1.990000E+00 -4.446649E-03
  1.991000E+00 -4.502197E-03
  1.992000E+00 -4.555877E-03
  1.993000E+00 -4.607649E-03
  1.994000E+00 -4.657483E-03
  1.995000E+00 -4.705351E-03
  1.996000E+00 -4.751236E-03
  1.997000E+00 -4.795125E-03
  1.998000E+00 -4.837013E-03
  1.999000E+00 -4.876902E-03
  2.000000E+00  3.090336E-02
