; material = LLZO                                                       
Li            2000  3.78643166E+02          580.000000
  0.000000E+00  1.000000E+00
  1.000000E-03  9.954197E-01
  2.000000E-03  9.817607E-01
  3.000000E-03  9.592659E-01
  4.000000E-03  9.283325E-01
  5.000000E-03  8.895007E-01
  6.000000E-03  8.434390E-01
  7.000000E-03  7.909261E-01
  8.000000E-03  7.328312E-01
  9.000000E-03  6.700921E-01
  1.000000E-02  6.036931E-01
  1.100000E-02  5.346426E-01
  1.200000E-02  4.639518E-01
  1.300000E-02  3.926137E-01
  1.400000E-02  3.215853E-01
  1.500000E-02  2.517695E-01
  1.600000E-02  1.840017E-01
  1.700000E-02  1.190363E-01
  1.800000E-02  5.753776E-02
  1.900000E-02  7.292184E-05
  2.000000E-02 -5.289398E-02
  2.100000E-02 -1.010036E-01
  2.200000E-02 -1.440019E-01
  2.300000E-02 -1.817378E-01
  2.400000E-02 -2.141597E-01
  2.500000E-02 -2.413092E-01
  2.600000E-02 -2.633144E-01
  2.700000E-02 -2.803810E-01
  2.800000E-02 -2.927826E-01
  2.900000E-02 -3.008503E-01
  3.000000E-02 -3.049620E-01
  3.100000E-02 -3.055306E-01
  3.200000E-02 -3.029931E-01
  3.300000E-02 -2.977992E-01
  3.400000E-02 -2.904010E-01
  3.500000E-02 -2.812429E-01
  3.600000E-02 -2.707525E-01
  3.700000E-02 -2.593322E-01
  3.800000E-02 -2.473531E-01
  3.900000E-02 -2.351484E-01
  4.000000E-02 -2.230097E-01
  4.100000E-02 -2.111838E-01
  4.200000E-02 -1.998711E-01
  4.300000E-02 -1.892254E-01
  4.400000E-02 -1.793545E-01
  4.500000E-02 -1.703229E-01
  4.600000E-02 -1.621541E-01
  4.700000E-02 -1.548353E-01
  4.800000E-02 -1.483214E-01
  4.900000E-02 -1.425407E-01
  5.000000E-02 -1.373999E-01
  5.100000E-02 -1.327903E-01
  5.200000E-02 -1.285928E-01
  5.300000E-02 -1.246839E-01
  5.400000E-02 -1.209405E-01
  5.500000E-02 -1.172446E-01
  5.600000E-02 -1.134875E-01
  5.700000E-02 -1.095731E-01
  5.800000E-02 -1.054209E-01
  5.900000E-02 -1.009676E-01
  6.000000E-02 -9.616851E-02
  6.100000E-02 -9.099812E-02
  6.200000E-02 -8.544974E-02
  6.300000E-02 -7.953473E-02
  6.400000E-02 -7.328098E-02
  6.500000E-02 -6.673100E-02
  6.600000E-02 -5.993964E-02
  6.700000E-02 -5.297141E-02
  6.800000E-02 -4.589771E-02
  6.900000E-02 -3.879399E-02
  7.000000E-02 -3.173687E-02
  7.100000E-02 -2.480144E-02
  7.200000E-02 -1.805881E-02
  7.300000E-02 -1.157385E-02
  7.400000E-02 -5.403368E-03
  7.500000E-02  4.053547E-04
  7.600000E-02  5.815571E-03
  7.700000E-02  1.080166E-02
  7.800000E-02  1.534926E-02
  7.900000E-02  1.945500E-02
  8.000000E-02  2.312580E-02
  8.100000E-02  2.637785E-02
  8.200000E-02  2.923532E-02
  8.300000E-02  3.172881E-02
  8.400000E-02  3.389361E-02
  8.500000E-02  3.576792E-02
  8.600000E-02  3.739105E-02
  8.700000E-02  3.880161E-02
  8.800000E-02  4.003589E-02
  8.900000E-02  4.112633E-02
  9.000000E-02  4.210030E-02
  9.100000E-02  4.297906E-02
  9.200000E-02  4.377705E-02
  9.300000E-02  4.450148E-02
  9.400000E-02  4.515226E-02
  9.500000E-02  4.572218E-02
  9.600000E-02  4.619741E-02
  9.700000E-02  4.655833E-02
  9.800000E-02  4.678047E-02
  9.900000E-02  4.683574E-02
  1.000000E-01  4.669376E-02
  1.010000E-01  4.632330E-02
  1.020000E-01  4.569374E-02
  1.030000E-01  4.477651E-02
  1.040000E-01  4.354650E-02
  1.050000E-01  4.198329E-02
  1.060000E-01  4.007228E-02
  1.070000E-01  3.780561E-02
  1.080000E-01  3.518277E-02
  1.090000E-01  3.221110E-02
  1.100000E-01  2.890590E-02
  1.110000E-01  2.529034E-02
  1.120000E-01  2.139511E-02
  1.130000E-01  1.725775E-02
  1.140000E-01  1.292186E-02
  1.150000E-01  8.436057E-03
  1.160000E-01  3.852743E-03
  1.170000E-01 -7.731686E-04
  1.180000E-01 -5.385660E-03
  1.190000E-01 -9.929018E-03
  1.200000E-01 -1.434923E-02
  1.210000E-01 -1.859532E-02
  1.220000E-01 -2.262057E-02
  1.230000E-01 -2.638358E-02
  1.240000E-01 -2.984924E-02
  1.250000E-01 -3.298935E-02
  1.260000E-01 -3.578315E-02
  1.270000E-01 -3.821755E-02
  1.280000E-01 -4.028715E-02
  1.290000E-01 -4.199403E-02
  1.300000E-01 -4.334729E-02
  1.310000E-01 -4.436244E-02
  1.320000E-01 -4.506058E-02
  1.330000E-01 -4.546746E-02
  1.340000E-01 -4.561239E-02
  1.350000E-01 -4.552718E-02
  1.360000E-01 -4.524491E-02
  1.370000E-01 -4.479884E-02
  1.380000E-01 -4.422126E-02
  1.390000E-01 -4.354254E-02
  1.400000E-01 -4.279015E-02
  1.410000E-01 -4.198794E-02
  1.420000E-01 -4.115556E-02
  1.430000E-01 -4.030799E-02
  1.440000E-01 -3.945535E-02
  1.450000E-01 -3.860287E-02
  1.460000E-01 -3.775097E-02
  1.470000E-01 -3.689567E-02
  1.480000E-01 -3.602904E-02
  1.490000E-01 -3.513981E-02
  1.500000E-01 -3.421414E-02
  1.510000E-01 -3.323644E-02
  1.520000E-01 -3.219024E-02
  1.530000E-01 -3.105913E-02
  1.540000E-01 -2.982759E-02
  1.550000E-01 -2.848191E-02
  1.560000E-01 -2.701094E-02
  1.570000E-01 -2.540676E-02
  1.580000E-01 -2.366523E-02
  1.590000E-01 -2.178643E-02
  1.600000E-01 -1.977492E-02
  1.610000E-01 -1.763982E-02
  1.620000E-01 -1.539474E-02
  1.630000E-01 -1.305758E-02
  1.640000E-01 -1.065011E-02
  1.650000E-01 -8.197475E-03
  1.660000E-01 -5.727557E-03
  1.670000E-01 -3.270211E-03
  1.680000E-01 -8.564679E-04
  1.690000E-01  1.482327E-03
  1.700000E-01  3.715393E-03
  1.710000E-01  5.813374E-03
  1.720000E-01  7.749165E-03
  1.730000E-01  9.498665E-03
  1.740000E-01  1.104144E-02
  1.750000E-01  1.236129E-02
  1.760000E-01  1.344665E-02
  1.770000E-01  1.429088E-02
  1.780000E-01  1.489241E-02
  1.790000E-01  1.525469E-02
  1.800000E-01  1.538607E-02
  1.810000E-01  1.529943E-02
  1.820000E-01  1.501179E-02
  1.830000E-01  1.454371E-02
  1.840000E-01  1.391867E-02
  1.850000E-01  1.316234E-02
  1.860000E-01  1.230178E-02
  1.870000E-01  1.136468E-02
  1.880000E-01  1.037854E-02
  1.890000E-01  9.369908E-03
  1.900000E-01  8.363677E-03
  1.910000E-01  7.382418E-03
  1.920000E-01  6.445847E-03
  1.930000E-01  5.570371E-03
  1.940000E-01  4.768760E-03
  1.950000E-01  4.049952E-03
  1.960000E-01  3.418975E-03
  1.970000E-01  2.877005E-03
  1.980000E-01  2.421545E-03
  1.990000E-01  2.046717E-03
  2.000000E-01  1.743656E-03
  2.010000E-01  1.500984E-03
  2.020000E-01  1.305363E-03
  2.030000E-01  1.142081E-03
  2.040000E-01  9.956733E-04
  2.050000E-01  8.505443E-04
  2.060000E-01  6.915743E-04
  2.070000E-01  5.046890E-04
  2.080000E-01  2.773736E-04
  2.090000E-01 -8.831381E-07
  2.100000E-01 -3.382296E-04
  2.110000E-01 -7.401860E-04
  2.120000E-01 -1.209480E-03
  2.130000E-01 -1.745983E-03
  2.140000E-01 -2.346757E-03
  2.150000E-01 -3.006189E-03
  2.160000E-01 -3.716226E-03
  2.170000E-01 -4.466686E-03
  2.180000E-01 -5.245639E-03
  2.190000E-01 -6.039839E-03
  2.200000E-01 -6.835194E-03
  2.210000E-01 -7.617257E-03
  2.220000E-01 -8.371714E-03
  2.230000E-01 -9.084865E-03
  2.240000E-01 -9.744061E-03
  2.250000E-01 -1.033811E-02
  2.260000E-01 -1.085761E-02
  2.270000E-01 -1.129520E-02
  2.280000E-01 -1.164581E-02
  2.290000E-01 -1.190668E-02
  2.300000E-01 -1.207746E-02
  2.310000E-01 -1.216010E-02
  2.320000E-01 -1.215873E-02
  2.330000E-01 -1.207945E-02
  2.340000E-01 -1.193004E-02
  2.350000E-01 -1.171964E-02
  2.360000E-01 -1.145839E-02
  2.370000E-01 -1.115703E-02
  2.380000E-01 -1.082648E-02
  2.390000E-01 -1.047749E-02
  2.400000E-01 -1.012023E-02
  2.410000E-01 -9.763959E-03
  2.420000E-01 -9.416726E-03
  2.430000E-01 -9.085130E-03
  2.440000E-01 -8.774143E-03
  2.450000E-01 -8.487003E-03
  2.460000E-01 -8.225177E-03
  2.470000E-01 -7.988402E-03
  2.480000E-01 -7.774791E-03
  2.490000E-01 -7.581004E-03
  2.500000E-01 -7.402486E-03
  2.510000E-01 -7.233739E-03
  2.520000E-01 -7.068643E-03
  2.530000E-01 -6.900798E-03
  2.540000E-01 -6.723874E-03
  2.550000E-01 -6.531961E-03
  2.560000E-01 -6.319903E-03
  2.570000E-01 -6.083595E-03
  2.580000E-01 -5.820249E-03
  2.590000E-01 -5.528598E-03
  2.600000E-01 -5.209040E-03
  2.610000E-01 -4.863717E-03
  2.620000E-01 -4.496521E-03
  2.630000E-01 -4.113020E-03
  2.640000E-01 -3.720327E-03
  2.650000E-01 -3.326881E-03
  2.660000E-01 -2.942184E-03
  2.670000E-01 -2.576476E-03
  2.680000E-01 -2.240374E-03
  2.690000E-01 -1.944477E-03
  2.700000E-01 -1.698960E-03
  2.710000E-01 -1.513167E-03
  2.720000E-01 -1.395221E-03
  2.730000E-01 -1.351654E-03
  2.740000E-01 -1.387091E-03
  2.750000E-01 -1.503982E-03
  2.760000E-01 -1.702401E-03
  2.770000E-01 -1.979921E-03
  2.780000E-01 -2.331567E-03
  2.790000E-01 -2.749857E-03
  2.800000E-01 -3.224925E-03
  2.810000E-01 -3.744726E-03
  2.820000E-01 -4.295326E-03
  2.830000E-01 -4.861256E-03
  2.840000E-01 -5.425925E-03
  2.850000E-01 -5.972094E-03
  2.860000E-01 -6.482366E-03
  2.870000E-01 -6.939713E-03
  2.880000E-01 -7.327994E-03
  2.890000E-01 -7.632462E-03
  2.900000E-01 -7.840245E-03
  2.910000E-01 -7.940780E-03
  2.920000E-01 -7.926183E-03
  2.930000E-01 -7.791552E-03
  2.940000E-01 -7.535186E-03
  2.950000E-01 -7.158709E-03
  2.960000E-01 -6.667106E-03
  2.970000E-01 -6.068654E-03
  2.980000E-01 -5.374753E-03
  2.990000E-01 -4.599672E-03
  3.000000E-01 -3.760201E-03
  3.010000E-01 -2.875222E-03
  3.020000E-01 -1.965222E-03
  3.030000E-01 -1.051744E-03
  3.040000E-01 -1.568123E-04
  3.050000E-01  6.976773E-04
  3.060000E-01  1.490555E-03
  3.070000E-01  2.201971E-03
  3.080000E-01  2.813947E-03
  3.090000E-01  3.310891E-03
  3.100000E-01  3.680037E-03
  3.110000E-01  3.911812E-03
  3.120000E-01  4.000119E-03
  3.130000E-01  3.942518E-03
  3.140000E-01  3.740309E-03
  3.150000E-01  3.398508E-03
  3.160000E-01  2.925721E-03
  3.170000E-01  2.333920E-03
  3.180000E-01  1.638124E-03
  3.190000E-01  8.559929E-04
  3.200000E-01  7.358083E-06
  3.210000E-01 -8.863162E-04
  3.220000E-01 -1.802507E-03
  3.230000E-01 -2.718235E-03
  3.240000E-01 -3.610679E-03
  3.250000E-01 -4.457779E-03
  3.260000E-01 -5.238814E-03
  3.270000E-01 -5.934942E-03
  3.280000E-01 -6.529680E-03
  3.290000E-01 -7.009318E-03
  3.300000E-01 -7.363248E-03
  3.310000E-01 -7.584210E-03
  3.320000E-01 -7.668436E-03
  3.330000E-01 -7.615702E-03
  3.340000E-01 -7.429278E-03
  3.350000E-01 -7.115782E-03
  3.360000E-01 -6.684942E-03
  3.370000E-01 -6.149280E-03
  3.380000E-01 -5.523718E-03
  3.390000E-01 -4.825128E-03
  3.400000E-01 -4.071828E-03
  3.410000E-01 -3.283057E-03
  3.420000E-01 -2.478426E-03
  3.430000E-01 -1.677373E-03
  3.440000E-01 -8.986320E-04
  3.450000E-01 -1.597357E-04
  3.460000E-01  5.234381E-04
  3.470000E-01  1.137063E-03
  3.480000E-01  1.669691E-03
  3.490000E-01  2.112506E-03
  3.500000E-01  2.459493E-03
  3.510000E-01  2.707524E-03
  3.520000E-01  2.856351E-03
  3.530000E-01  2.908526E-03
  3.540000E-01  2.869235E-03
  3.550000E-01  2.746051E-03
  3.560000E-01  2.548639E-03
  3.570000E-01  2.288393E-03
  3.580000E-01  1.978036E-03
  3.590000E-01  1.631191E-03
  3.600000E-01  1.261933E-03
  3.610000E-01  8.843460E-04
  3.620000E-01  5.120842E-04
  3.630000E-01  1.579609E-04
  3.640000E-01 -1.664259E-04
  3.650000E-01 -4.510212E-04
  3.660000E-01 -6.875850E-04
  3.670000E-01 -8.699014E-04
  3.680000E-01 -9.939192E-04
  3.690000E-01 -1.057822E-03
  3.700000E-01 -1.062029E-03
  3.710000E-01 -1.009120E-03
  3.720000E-01 -9.037005E-04
  3.730000E-01 -7.522057E-04
  3.740000E-01 -5.626462E-04
  3.750000E-01 -3.443145E-04
  3.760000E-01 -1.074550E-04
  3.770000E-01  1.370887E-04
  3.780000E-01  3.782389E-04
  3.790000E-01  6.050490E-04
  3.800000E-01  8.070578E-04
  3.810000E-01  9.746221E-04
  3.820000E-01  1.099218E-03
  3.830000E-01  1.173700E-03
  3.840000E-01  1.192517E-03
  3.850000E-01  1.151869E-03
  3.860000E-01  1.049815E-03
  3.870000E-01  8.863109E-04
  3.880000E-01  6.631999E-04
  3.890000E-01  3.841380E-04
  3.900000E-01  5.446783E-05
  3.910000E-01 -3.189565E-04
  3.920000E-01 -7.279875E-04
  3.930000E-01 -1.163438E-03
  3.940000E-01 -1.615359E-03
  3.950000E-01 -2.073342E-03
  3.960000E-01 -2.526820E-03
  3.970000E-01 -2.965377E-03
  3.980000E-01 -3.379042E-03
  3.990000E-01 -3.758562E-03
  4.000000E-01 -4.095659E-03
  4.010000E-01 -4.383240E-03
  4.020000E-01 -4.615579E-03
  4.030000E-01 -4.788447E-03
  4.040000E-01 -4.899203E-03
  4.050000E-01 -4.946833E-03
  4.060000E-01 -4.931936E-03
  4.070000E-01 -4.856675E-03
  4.080000E-01 -4.724673E-03
  4.090000E-01 -4.540873E-03
  4.100000E-01 -4.311363E-03
  4.110000E-01 -4.043174E-03
  4.120000E-01 -3.744051E-03
  4.130000E-01 -3.422214E-03
  4.140000E-01 -3.086111E-03
  4.150000E-01 -2.744172E-03
  4.160000E-01 -2.404571E-03
  4.170000E-01 -2.075005E-03
  4.180000E-01 -1.762496E-03
  4.190000E-01 -1.473214E-03
  4.200000E-01 -1.212345E-03
  4.210000E-01 -9.839823E-04
  4.220000E-01 -7.910608E-04
  4.230000E-01 -6.353312E-04
  4.240000E-01 -5.173688E-04
  4.250000E-01 -4.366206E-04
  4.260000E-01 -3.914849E-04
  4.270000E-01 -3.794211E-04
  4.280000E-01 -3.970838E-04
  4.290000E-01 -4.404772E-04
  4.300000E-01 -5.051228E-04
  4.310000E-01 -5.862351E-04
  4.320000E-01 -6.788990E-04
  4.330000E-01 -7.782428E-04
  4.340000E-01 -8.796012E-04
  4.350000E-01 -9.786641E-04
  4.360000E-01 -1.071605E-03
  4.370000E-01 -1.155185E-03
  4.380000E-01 -1.226839E-03
  4.390000E-01 -1.284722E-03
  4.400000E-01 -1.327735E-03
  4.410000E-01 -1.355525E-03
  4.420000E-01 -1.368454E-03
  4.430000E-01 -1.367541E-03
  4.440000E-01 -1.354386E-03
  4.450000E-01 -1.331077E-03
  4.460000E-01 -1.300075E-03
  4.470000E-01 -1.264094E-03
  4.480000E-01 -1.225973E-03
  4.490000E-01 -1.188553E-03
  4.500000E-01 -1.154541E-03
  4.510000E-01 -1.126404E-03
  4.520000E-01 -1.106256E-03
  4.530000E-01 -1.095770E-03
  4.540000E-01 -1.096106E-03
  4.550000E-01 -1.107860E-03
  4.560000E-01 -1.131031E-03
  4.570000E-01 -1.165020E-03
  4.580000E-01 -1.208642E-03
  4.590000E-01 -1.260166E-03
  4.600000E-01 -1.317376E-03
  4.610000E-01 -1.377645E-03
  4.620000E-01 -1.438032E-03
  4.630000E-01 -1.495389E-03
  4.640000E-01 -1.546473E-03
  4.650000E-01 -1.588067E-03
  4.660000E-01 -1.617106E-03
  4.670000E-01 -1.630788E-03
  4.680000E-01 -1.626686E-03
  4.690000E-01 -1.602852E-03
  4.700000E-01 -1.557897E-03
  4.710000E-01 -1.491059E-03
  4.720000E-01 -1.402250E-03
  4.730000E-01 -1.292085E-03
  4.740000E-01 -1.161880E-03
  4.750000E-01 -1.013636E-03
  4.760000E-01 -8.499938E-04
  4.770000E-01 -6.741708E-04
  4.780000E-01 -4.898781E-04
  4.790000E-01 -3.012196E-04
  4.800000E-01 -1.125778E-04
  4.810000E-01  7.151054E-05
  4.820000E-01  2.464850E-04
  4.830000E-01  4.078951E-04
  4.840000E-01  5.515312E-04
  4.850000E-01  6.735506E-04
  4.860000E-01  7.705934E-04
  4.870000E-01  8.398850E-04
  4.880000E-01  8.793227E-04
  4.890000E-01  8.875431E-04
  4.900000E-01  8.639678E-04
  4.910000E-01  8.088278E-04
  4.920000E-01  7.231639E-04
  4.930000E-01  6.088048E-04
  4.940000E-01  4.683222E-04
  4.950000E-01  3.049660E-04
  4.960000E-01  1.225800E-04
  4.970000E-01 -7.449859E-05
  4.980000E-01 -2.815531E-04
  4.990000E-01 -4.936111E-04
  5.000000E-01 -7.055758E-04
  5.010000E-01 -9.123590E-04
  5.020000E-01 -1.109014E-03
  5.030000E-01 -1.290867E-03
  5.040000E-01 -1.453631E-03
  5.050000E-01 -1.593525E-03
  5.060000E-01 -1.707362E-03
  5.070000E-01 -1.792633E-03
  5.080000E-01 -1.847565E-03
  5.090000E-01 -1.871164E-03
  5.100000E-01 -1.863235E-03
  5.110000E-01 -1.824378E-03
  5.120000E-01 -1.755971E-03
  5.130000E-01 -1.660123E-03
  5.140000E-01 -1.539617E-03
  5.150000E-01 -1.397829E-03
  5.160000E-01 -1.238642E-03
  5.170000E-01 -1.066338E-03
  5.180000E-01 -8.854881E-04
  5.190000E-01 -7.008351E-04
  5.200000E-01 -5.171716E-04
  5.210000E-01 -3.392219E-04
  5.220000E-01 -1.715245E-04
  5.230000E-01 -1.832348E-05
  5.240000E-01  1.165328E-04
  5.250000E-01  2.296798E-04
  5.260000E-01  3.183120E-04
  5.270000E-01  3.802421E-04
  5.280000E-01  4.139435E-04
  5.290000E-01  4.185749E-04
  5.300000E-01  3.939875E-04
  5.310000E-01  3.407131E-04
  5.320000E-01  2.599371E-04
  5.330000E-01  1.534534E-04
  5.340000E-01  2.360697E-05
  5.350000E-01 -1.267772E-04
  5.360000E-01 -2.944749E-04
  5.370000E-01 -4.759506E-04
  5.380000E-01 -6.674519E-04
  5.390000E-01 -8.651052E-04
  5.400000E-01 -1.065012E-03
  5.410000E-01 -1.263342E-03
  5.420000E-01 -1.456425E-03
  5.430000E-01 -1.640829E-03
  5.440000E-01 -1.813435E-03
  5.450000E-01 -1.971502E-03
  5.460000E-01 -2.112718E-03
  5.470000E-01 -2.235237E-03
  5.480000E-01 -2.337710E-03
  5.490000E-01 -2.419292E-03
  5.500000E-01 -2.479649E-03
  5.510000E-01 -2.518941E-03
  5.520000E-01 -2.537798E-03
  5.530000E-01 -2.537291E-03
  5.540000E-01 -2.518877E-03
  5.550000E-01 -2.484357E-03
  5.560000E-01 -2.435809E-03
  5.570000E-01 -2.375529E-03
  5.580000E-01 -2.305960E-03
  5.590000E-01 -2.229629E-03
  5.600000E-01 -2.149073E-03
  5.610000E-01 -2.066778E-03
  5.620000E-01 -1.985117E-03
  5.630000E-01 -1.906291E-03
  5.640000E-01 -1.832281E-03
  5.650000E-01 -1.764805E-03
  5.660000E-01 -1.705282E-03
  5.670000E-01 -1.654809E-03
  5.680000E-01 -1.614140E-03
  5.690000E-01 -1.583683E-03
  5.700000E-01 -1.563498E-03
  5.710000E-01 -1.553309E-03
  5.720000E-01 -1.552521E-03
  5.730000E-01 -1.560248E-03
  5.740000E-01 -1.575345E-03
  5.750000E-01 -1.596449E-03
  5.760000E-01 -1.622018E-03
  5.770000E-01 -1.650384E-03
  5.780000E-01 -1.679801E-03
  5.790000E-01 -1.708495E-03
  5.800000E-01 -1.734718E-03
  5.810000E-01 -1.756791E-03
  5.820000E-01 -1.773158E-03
  5.830000E-01 -1.782427E-03
  5.840000E-01 -1.783404E-03
  5.850000E-01 -1.775129E-03
  5.860000E-01 -1.756905E-03
  5.870000E-01 -1.728308E-03
  5.880000E-01 -1.689210E-03
  5.890000E-01 -1.639773E-03
  5.900000E-01 -1.580453E-03
  5.910000E-01 -1.511982E-03
  5.920000E-01 -1.435357E-03
  5.930000E-01 -1.351807E-03
  5.940000E-01 -1.262768E-03
  5.950000E-01 -1.169842E-03
  5.960000E-01 -1.074757E-03
  5.970000E-01 -9.793230E-04
  5.980000E-01 -8.853837E-04
  5.990000E-01 -7.947693E-04
  6.000000E-01 -7.092487E-04
  6.010000E-01 -6.304828E-04
  6.020000E-01 -5.599806E-04
  6.030000E-01 -4.990598E-04
  6.040000E-01 -4.488104E-04
  6.050000E-01 -4.100657E-04
  6.060000E-01 -3.833783E-04
  6.070000E-01 -3.690038E-04
  6.080000E-01 -3.668915E-04
  6.090000E-01 -3.766827E-04
  6.100000E-01 -3.977176E-04
  6.110000E-01 -4.290485E-04
  6.120000E-01 -4.694627E-04
  6.130000E-01 -5.175104E-04
  6.140000E-01 -5.715410E-04
  6.150000E-01 -6.297442E-04
  6.160000E-01 -6.901967E-04
  6.170000E-01 -7.509112E-04
  6.180000E-01 -8.098896E-04
  6.190000E-01 -8.651756E-04
  6.200000E-01 -9.149075E-04
  6.210000E-01 -9.573689E-04
  6.220000E-01 -9.910357E-04
  6.230000E-01 -1.014618E-03
  6.240000E-01 -1.027098E-03
  6.250000E-01 -1.027755E-03
  6.260000E-01 -1.016193E-03
  6.270000E-01 -9.923451E-04
  6.280000E-01 -9.564852E-04
  6.290000E-01 -9.092166E-04
  6.300000E-01 -8.514601E-04
  6.310000E-01 -7.844311E-04
  6.320000E-01 -7.096080E-04
  6.330000E-01 -6.286948E-04
  6.340000E-01 -5.435766E-04
  6.350000E-01 -4.562705E-04
  6.360000E-01 -3.688730E-04
  6.370000E-01 -2.835043E-04
  6.380000E-01 -2.022523E-04
  6.390000E-01 -1.271169E-04
  6.400000E-01 -5.995599E-05
  6.410000E-01 -2.435082E-06
  6.420000E-01  4.401874E-05
  6.430000E-01  7.825686E-05
  6.440000E-01  9.944227E-05
  6.450000E-01  1.070748E-04
  6.460000E-01  1.010076E-04
  6.470000E-01  8.145461E-05
  6.480000E-01  4.898790E-05
  6.490000E-01  4.526155E-06
  6.500000E-01 -5.068690E-05
  6.510000E-01 -1.151126E-04
  6.520000E-01 -1.869560E-04
  6.530000E-01 -2.642108E-04
  6.540000E-01 -3.447117E-04
  6.550000E-01 -4.261896E-04
  6.560000E-01 -5.063310E-04
  6.570000E-01 -5.828386E-04
  6.580000E-01 -6.534918E-04
  6.590000E-01 -7.162052E-04
  6.600000E-01 -7.690846E-04
  6.610000E-01 -8.104777E-04
  6.620000E-01 -8.390191E-04
  6.630000E-01 -8.536679E-04
  6.640000E-01 -8.537375E-04
  6.650000E-01 -8.389158E-04
  6.660000E-01 -8.092766E-04
  6.670000E-01 -7.652805E-04
  6.680000E-01 -7.077665E-04
  6.690000E-01 -6.379338E-04
  6.700000E-01 -5.573143E-04
  6.710000E-01 -4.677363E-04
  6.720000E-01 -3.712812E-04
  6.730000E-01 -2.702330E-04
  6.740000E-01 -1.670226E-04
  6.750000E-01 -6.416900E-05
  6.760000E-01  3.578307E-05
  6.770000E-01  1.303250E-04
  6.780000E-01  2.170461E-04
  6.790000E-01  2.936927E-04
  6.800000E-01  3.582232E-04
  6.810000E-01  4.088580E-04
  6.820000E-01  4.441231E-04
  6.830000E-01  4.628859E-04
  6.840000E-01  4.643825E-04
  6.850000E-01  4.482360E-04
  6.860000E-01  4.144657E-04
  6.870000E-01  3.634862E-04
  6.880000E-01  2.960975E-04
  6.890000E-01  2.134655E-04
  6.900000E-01  1.170940E-04
  6.910000E-01  8.788813E-06
  6.920000E-01 -1.093850E-04
  6.930000E-01 -2.351525E-04
  6.940000E-01 -3.660822E-04
  6.950000E-01 -4.996440E-04
  6.960000E-01 -6.332674E-04
  6.970000E-01 -7.644026E-04
  6.980000E-01 -8.905781E-04
  6.990000E-01 -1.009458E-03
  7.000000E-01 -1.118893E-03
  7.010000E-01 -1.216971E-03
  7.020000E-01 -1.302053E-03
  7.030000E-01 -1.372811E-03
  7.040000E-01 -1.428251E-03
  7.050000E-01 -1.467732E-03
  7.060000E-01 -1.490972E-03
  7.070000E-01 -1.498048E-03
  7.080000E-01 -1.489389E-03
  7.090000E-01 -1.465756E-03
  7.100000E-01 -1.428220E-03
  7.110000E-01 -1.378130E-03
  7.120000E-01 -1.317074E-03
  7.130000E-01 -1.246841E-03
  7.140000E-01 -1.169373E-03
  7.150000E-01 -1.086718E-03
  7.160000E-01 -1.000983E-03
  7.170000E-01 -9.142796E-04
  7.180000E-01 -8.286799E-04
  7.190000E-01 -7.461692E-04
  7.200000E-01 -6.686029E-04
  7.210000E-01 -5.976677E-04
  7.220000E-01 -5.348481E-04
  7.230000E-01 -4.813979E-04
  7.240000E-01 -4.383184E-04
  7.250000E-01 -4.063428E-04
  7.260000E-01 -3.859277E-04
  7.270000E-01 -3.772500E-04
  7.280000E-01 -3.802118E-04
  7.290000E-01 -3.944500E-04
  7.300000E-01 -4.193526E-04
  7.310000E-01 -4.540793E-04
  7.320000E-01 -4.975864E-04
  7.330000E-01 -5.486560E-04
  7.340000E-01 -6.059273E-04
  7.350000E-01 -6.679297E-04
  7.360000E-01 -7.331183E-04
  7.370000E-01 -7.999080E-04
  7.380000E-01 -8.667090E-04
  7.390000E-01 -9.319602E-04
  7.400000E-01 -9.941609E-04
  7.410000E-01 -1.051901E-03
  7.420000E-01 -1.103888E-03
  7.430000E-01 -1.148970E-03
  7.440000E-01 -1.186156E-03
  7.450000E-01 -1.214633E-03
  7.460000E-01 -1.233774E-03
  7.470000E-01 -1.243154E-03
  7.480000E-01 -1.242545E-03
  7.490000E-01 -1.231922E-03
  7.500000E-01 -1.211455E-03
  7.510000E-01 -1.181504E-03
  7.520000E-01 -1.142607E-03
  7.530000E-01 -1.095465E-03
  7.540000E-01 -1.040925E-03
  7.550000E-01 -9.799651E-04
  7.560000E-01 -9.136671E-04
  7.570000E-01 -8.431997E-04
  7.580000E-01 -7.697929E-04
  7.590000E-01 -6.947148E-04
  7.600000E-01 -6.192472E-04
  7.610000E-01 -5.446617E-04
  7.620000E-01 -4.721959E-04
  7.630000E-01 -4.030314E-04
  7.640000E-01 -3.382722E-04
  7.650000E-01 -2.789257E-04
  7.660000E-01 -2.258854E-04
  7.670000E-01 -1.799158E-04
  7.680000E-01 -1.416406E-04
  7.690000E-01 -1.115328E-04
  7.700000E-01 -8.990862E-05
  7.710000E-01 -7.692384E-05
  7.720000E-01 -7.257312E-05
  7.730000E-01 -7.669259E-05
  7.740000E-01 -8.896502E-05
  7.750000E-01 -1.089279E-04
  7.760000E-01 -1.359837E-04
  7.770000E-01 -1.694133E-04
  7.780000E-01 -2.083901E-04
  7.790000E-01 -2.519976E-04
  7.800000E-01 -2.992472E-04
  7.810000E-01 -3.490977E-04
  7.820000E-01 -4.004754E-04
  7.830000E-01 -4.522945E-04
  7.840000E-01 -5.034772E-04
  7.850000E-01 -5.529732E-04
  7.860000E-01 -5.997787E-04
  7.870000E-01 -6.429535E-04
  7.880000E-01 -6.816364E-04
  7.890000E-01 -7.150599E-04
  7.900000E-01 -7.425612E-04
  7.910000E-01 -7.635919E-04
  7.920000E-01 -7.777253E-04
  7.930000E-01 -7.846612E-04
  7.940000E-01 -7.842286E-04
  7.950000E-01 -7.763858E-04
  7.960000E-01 -7.612189E-04
  7.970000E-01 -7.389382E-04
  7.980000E-01 -7.098731E-04
  7.990000E-01 -6.744649E-04
  8.000000E-01 -6.332589E-04
  8.010000E-01 -5.868950E-04
  8.020000E-01 -5.360968E-04
  8.030000E-01 -4.816602E-04
  8.040000E-01 -4.244405E-04
  8.050000E-01 -3.653386E-04
  8.060000E-01 -3.052866E-04
  8.070000E-01 -2.452319E-04
  8.080000E-01 -1.861215E-04
  8.090000E-01 -1.288856E-04
  8.100000E-01 -7.442073E-05
  8.110000E-01 -2.357401E-05
  8.120000E-01  2.287294E-05
  8.130000E-01  6.421845E-05
  8.140000E-01  9.985420E-05
  8.150000E-01  1.292768E-04
  8.160000E-01  1.520970E-04
  8.170000E-01  1.680471E-04
  8.180000E-01  1.769846E-04
  8.190000E-01  1.788940E-04
  8.200000E-01  1.738848E-04
  8.210000E-01  1.621872E-04
  8.220000E-01  1.441450E-04
  8.230000E-01  1.202061E-04
  8.240000E-01  9.091063E-05
  8.250000E-01  5.687783E-05
  8.260000E-01  1.879143E-05
  8.270000E-01 -2.261597E-05
  8.280000E-01 -6.657908E-05
  8.290000E-01 -1.123163E-04
  8.300000E-01 -1.590458E-04
  8.310000E-01 -2.060015E-04
  8.320000E-01 -2.524482E-04
  8.330000E-01 -2.976953E-04
  8.340000E-01 -3.411100E-04
  8.350000E-01 -3.821285E-04
  8.360000E-01 -4.202655E-04
  8.370000E-01 -4.551222E-04
  8.380000E-01 -4.863920E-04
  8.390000E-01 -5.138642E-04
  8.400000E-01 -5.374255E-04
  8.410000E-01 -5.570593E-04
  8.420000E-01 -5.728431E-04
  8.430000E-01 -5.849434E-04
  8.440000E-01 -5.936090E-04
  8.450000E-01 -5.991622E-04
  8.460000E-01 -6.019884E-04
  8.470000E-01 -6.025243E-04
  8.480000E-01 -6.012448E-04
  8.490000E-01 -5.986495E-04
  8.500000E-01 -5.952483E-04
  8.510000E-01 -5.915470E-04
  8.520000E-01 -5.880339E-04
  8.530000E-01 -5.851668E-04
  8.540000E-01 -5.833608E-04
  8.550000E-01 -5.829782E-04
  8.560000E-01 -5.843200E-04
  8.570000E-01 -5.876193E-04
  8.580000E-01 -5.930364E-04
  8.590000E-01 -6.006573E-04
  8.600000E-01 -6.104926E-04
  8.610000E-01 -6.224808E-04
  8.620000E-01 -6.364921E-04
  8.630000E-01 -6.523344E-04
  8.640000E-01 -6.697619E-04
  8.650000E-01 -6.884836E-04
  8.660000E-01 -7.081742E-04
  8.670000E-01 -7.284842E-04
  8.680000E-01 -7.490515E-04
  8.690000E-01 -7.695112E-04
  8.700000E-01 -7.895060E-04
  8.710000E-01 -8.086944E-04
  8.720000E-01 -8.267587E-04
  8.730000E-01 -8.434104E-04
  8.740000E-01 -8.583951E-04
  8.750000E-01 -8.714953E-04
  8.760000E-01 -8.825321E-04
  8.770000E-01 -8.913658E-04
  8.780000E-01 -8.978952E-04
  8.790000E-01 -9.020562E-04
  8.800000E-01 -9.038200E-04
  8.810000E-01 -9.031899E-04
  8.820000E-01 -9.001987E-04
  8.830000E-01 -8.949056E-04
  8.840000E-01 -8.873924E-04
  8.850000E-01 -8.777609E-04
  8.860000E-01 -8.661292E-04
  8.870000E-01 -8.526293E-04
  8.880000E-01 -8.374045E-04
  8.890000E-01 -8.206076E-04
  8.900000E-01 -8.023986E-04
  8.910000E-01 -7.829440E-04
  8.920000E-01 -7.624153E-04
  8.930000E-01 -7.409883E-04
  8.940000E-01 -7.188431E-04
  8.950000E-01 -6.961630E-04
  8.960000E-01 -6.731349E-04
  8.970000E-01 -6.499494E-04
  8.980000E-01 -6.267999E-04
  8.990000E-01 -6.038835E-04
  9.000000E-01 -5.813999E-04
  9.010000E-01 -5.595512E-04
  9.020000E-01 -5.385408E-04
  9.030000E-01 -5.185724E-04
  9.040000E-01 -4.998478E-04
  9.050000E-01 -4.825651E-04
  9.060000E-01 -4.669164E-04
  9.070000E-01 -4.530840E-04
  9.080000E-01 -4.412379E-04
  9.090000E-01 -4.315317E-04
  9.100000E-01 -4.240987E-04
  9.110000E-01 -4.190482E-04
  9.120000E-01 -4.164609E-04
  9.130000E-01 -4.163858E-04
  9.140000E-01 -4.188355E-04
  9.150000E-01 -4.237833E-04
  9.160000E-01 -4.311598E-04
  9.170000E-01 -4.408511E-04
  9.180000E-01 -4.526968E-04
  9.190000E-01 -4.664904E-04
  9.200000E-01 -4.819802E-04
  9.210000E-01 -4.988721E-04
  9.220000E-01 -5.168336E-04
  9.230000E-01 -5.354996E-04
  9.240000E-01 -5.544792E-04
  9.250000E-01 -5.733636E-04
  9.260000E-01 -5.917350E-04
  9.270000E-01 -6.091763E-04
  9.280000E-01 -6.252804E-04
  9.290000E-01 -6.396606E-04
  9.300000E-01 -6.519595E-04
  9.310000E-01 -6.618589E-04
  9.320000E-01 -6.690870E-04
  9.330000E-01 -6.734266E-04
  9.340000E-01 -6.747207E-04
  9.350000E-01 -6.728780E-04
  9.360000E-01 -6.678764E-04
  9.370000E-01 -6.597654E-04
  9.380000E-01 -6.486671E-04
  9.390000E-01 -6.347748E-04
  9.400000E-01 -6.183511E-04
  9.410000E-01 -5.997231E-04
  9.420000E-01 -5.792765E-04
  9.430000E-01 -5.574475E-04
  9.440000E-01 -5.347139E-04
  9.450000E-01 -5.115837E-04
  9.460000E-01 -4.885841E-04
  9.470000E-01 -4.662482E-04
  9.480000E-01 -4.451021E-04
  9.490000E-01 -4.256520E-04
  9.500000E-01 -4.083708E-04
  9.510000E-01 -3.936853E-04
  9.520000E-01 -3.819651E-04
  9.530000E-01 -3.735117E-04
  9.540000E-01 -3.685496E-04
  9.550000E-01 -3.672190E-04
  9.560000E-01 -3.695700E-04
  9.570000E-01 -3.755594E-04
  9.580000E-01 -3.850495E-04
  9.590000E-01 -3.978083E-04
  9.600000E-01 -4.135134E-04
  9.610000E-01 -4.317566E-04
  9.620000E-01 -4.520518E-04
  9.630000E-01 -4.738442E-04
  9.640000E-01 -4.965219E-04
  9.650000E-01 -5.194283E-04
  9.660000E-01 -5.418761E-04
  9.670000E-01 -5.631627E-04
  9.680000E-01 -5.825853E-04
  9.690000E-01 -5.994571E-04
  9.700000E-01 -6.131226E-04
  9.710000E-01 -6.229734E-04
  9.720000E-01 -6.284630E-04
  9.730000E-01 -6.291204E-04
  9.740000E-01 -6.245635E-04
  9.750000E-01 -6.145102E-04
  9.760000E-01 -5.987882E-04
  9.770000E-01 -5.773427E-04
  9.780000E-01 -5.502418E-04
  9.790000E-01 -5.176792E-04
  9.800000E-01 -4.799743E-04
  9.810000E-01 -4.375689E-04
  9.820000E-01 -3.910212E-04
  9.830000E-01 -3.409967E-04
  9.840000E-01 -2.882562E-04
  9.850000E-01 -2.336410E-04
  9.860000E-01 -1.780558E-04
  9.870000E-01 -1.224498E-04
  9.880000E-01 -6.779612E-05
  9.890000E-01 -1.506993E-05
  9.900000E-01  3.477343E-05
  9.910000E-01  8.082066E-05
  9.920000E-01  1.222218E-04
  9.930000E-01  1.582103E-04
  9.940000E-01  1.881212E-04
  9.950000E-01  2.114068E-04
  9.960000E-01  2.276501E-04
  9.970000E-01  2.365743E-04
  9.980000E-01  2.380500E-04
  9.990000E-01  2.320983E-04
  1.000000E+00  2.188908E-04
  1.001000E+00  1.987464E-04
  1.002000E+00  1.721242E-04
  1.003000E+00  1.396137E-04
  1.004000E+00  1.019223E-04
  1.005000E+00  5.985947E-05
  1.006000E+00  1.431925E-05
  1.007000E+00 -3.373958E-05
  1.008000E+00 -8.331453E-05
  1.009000E+00 -1.333815E-04
  1.010000E+00 -1.829175E-04
  1.011000E+00 -2.309225E-04
  1.012000E+00 -2.764422E-04
  1.013000E+00 -3.185877E-04
  1.014000E+00 -3.565558E-04
  1.015000E+00 -3.896451E-04
  1.016000E+00 -4.172719E-04
  1.017000E+00 -4.389814E-04
  1.018000E+00 -4.544579E-04
  1.019000E+00 -4.635302E-04
  1.020000E+00 -4.661751E-04
  1.021000E+00 -4.625164E-04
  1.022000E+00 -4.528215E-04
  1.023000E+00 -4.374941E-04
  1.024000E+00 -4.170637E-04
  1.025000E+00 -3.921726E-04
  1.026000E+00 -3.635601E-04
  1.027000E+00 -3.320445E-04
  1.028000E+00 -2.985035E-04
  1.029000E+00 -2.638538E-04
  1.030000E+00 -2.290290E-04
  1.031000E+00 -1.949584E-04
  1.032000E+00 -1.625456E-04
  1.033000E+00 -1.326476E-04
  1.034000E+00 -1.060556E-04
  1.035000E+00 -8.347726E-05
  1.036000E+00 -6.552077E-05
  1.037000E+00 -5.268171E-05
  1.038000E+00 -4.533248E-05
  1.039000E+00 -4.371486E-05
  1.040000E+00 -4.793569E-05
  1.041000E+00 -5.796601E-05
  1.042000E+00 -7.364344E-05
  1.043000E+00 -9.467777E-05
  1.044000E+00 -1.206596E-04
  1.045000E+00 -1.510714E-04
  1.046000E+00 -1.853017E-04
  1.047000E+00 -2.226599E-04
  1.048000E+00 -2.623939E-04
  1.049000E+00 -3.037084E-04
  1.050000E+00 -3.457839E-04
  1.051000E+00 -3.877956E-04
  1.052000E+00 -4.289332E-04
  1.053000E+00 -4.684191E-04
  1.054000E+00 -5.055259E-04
  1.055000E+00 -5.395925E-04
  1.056000E+00 -5.700383E-04
  1.057000E+00 -5.963753E-04
  1.058000E+00 -6.182173E-04
  1.059000E+00 -6.352864E-04
  1.060000E+00 -6.474164E-04
  1.061000E+00 -6.545530E-04
  1.062000E+00 -6.567510E-04
  1.063000E+00 -6.541678E-04
  1.064000E+00 -6.470552E-04
  1.065000E+00 -6.357476E-04
  1.066000E+00 -6.206493E-04
  1.067000E+00 -6.022202E-04
  1.068000E+00 -5.809604E-04
  1.069000E+00 -5.573947E-04
  1.070000E+00 -5.320581E-04
  1.071000E+00 -5.054807E-04
  1.072000E+00 -4.781756E-04
  1.073000E+00 -4.506268E-04
  1.074000E+00 -4.232801E-04
  1.075000E+00 -3.965355E-04
  1.076000E+00 -3.707415E-04
  1.077000E+00 -3.461920E-04
  1.078000E+00 -3.231247E-04
  1.079000E+00 -3.017209E-04
  1.080000E+00 -2.821080E-04
  1.081000E+00 -2.643622E-04
  1.082000E+00 -2.485126E-04
  1.083000E+00 -2.345463E-04
  1.084000E+00 -2.224137E-04
  1.085000E+00 -2.120342E-04
  1.086000E+00 -2.033021E-04
  1.087000E+00 -1.960924E-04
  1.088000E+00 -1.902668E-04
  1.089000E+00 -1.856786E-04
  1.090000E+00 -1.821779E-04
  1.091000E+00 -1.796164E-04
  1.092000E+00 -1.778507E-04
  1.093000E+00 -1.767460E-04
  1.094000E+00 -1.761786E-04
  1.095000E+00 -1.760376E-04
  1.096000E+00 -1.762257E-04
  1.097000E+00 -1.766601E-04
  1.098000E+00 -1.772712E-04
  1.099000E+00 -1.780020E-04
  1.100000E+00 -1.788061E-04
  1.101000E+00 -1.796457E-04
  1.102000E+00 -1.804890E-04
  1.103000E+00 -1.813082E-04
  1.104000E+00 -1.820771E-04
  1.105000E+00 -1.827692E-04
  1.106000E+00 -1.833570E-04
  1.107000E+00 -1.838104E-04
  1.108000E+00 -1.840975E-04
  1.109000E+00 -1.841846E-04
  1.110000E+00 -1.840369E-04
  1.111000E+00 -1.836204E-04
  1.112000E+00 -1.829032E-04
  1.113000E+00 -1.818572E-04
  1.114000E+00 -1.804609E-04
  1.115000E+00 -1.787007E-04
  1.116000E+00 -1.765735E-04
  1.117000E+00 -1.740883E-04
  1.118000E+00 -1.712685E-04
  1.119000E+00 -1.681525E-04
  1.120000E+00 -1.647951E-04
  1.121000E+00 -1.612673E-04
  1.122000E+00 -1.576560E-04
  1.123000E+00 -1.540625E-04
  1.124000E+00 -1.506008E-04
  1.125000E+00 -1.473946E-04
  1.126000E+00 -1.445743E-04
  1.127000E+00 -1.422731E-04
  1.128000E+00 -1.406231E-04
  1.129000E+00 -1.397510E-04
  1.130000E+00 -1.397735E-04
  1.131000E+00 -1.407938E-04
  1.132000E+00 -1.428967E-04
  1.133000E+00 -1.461452E-04
  1.134000E+00 -1.505770E-04
  1.135000E+00 -1.562015E-04
  1.136000E+00 -1.629970E-04
  1.137000E+00 -1.709091E-04
  1.138000E+00 -1.798495E-04
  1.139000E+00 -1.896951E-04
  1.140000E+00 -2.002883E-04
  1.141000E+00 -2.114384E-04
  1.142000E+00 -2.229232E-04
  1.143000E+00 -2.344922E-04
  1.144000E+00 -2.458703E-04
  1.145000E+00 -2.567625E-04
  1.146000E+00 -2.668603E-04
  1.147000E+00 -2.758480E-04
  1.148000E+00 -2.834105E-04
  1.149000E+00 -2.892413E-04
  1.150000E+00 -2.930516E-04
  1.151000E+00 -2.945793E-04
  1.152000E+00 -2.935979E-04
  1.153000E+00 -2.899251E-04
  1.154000E+00 -2.834315E-04
  1.155000E+00 -2.740475E-04
  1.156000E+00 -2.617698E-04
  1.157000E+00 -2.466661E-04
  1.158000E+00 -2.288785E-04
  1.159000E+00 -2.086245E-04
  1.160000E+00 -1.861969E-04
  1.161000E+00 -1.619603E-04
  1.162000E+00 -1.363466E-04
  1.163000E+00 -1.098475E-04
  1.164000E+00 -8.300518E-05
  1.165000E+00 -5.640129E-05
  1.166000E+00 -3.064404E-05
  1.167000E+00 -6.354208E-06
  1.168000E+00  1.584979E-05
  1.169000E+00  3.536722E-05
  1.170000E+00  5.163043E-05
  1.171000E+00  6.411959E-05
  1.172000E+00  7.237662E-05
  1.173000E+00  7.601760E-05
  1.174000E+00  7.474332E-05
  1.175000E+00  6.834788E-05
  1.176000E+00  5.672475E-05
  1.177000E+00  3.987048E-05
  1.178000E+00  1.788574E-05
  1.179000E+00 -9.026160E-06
  1.180000E+00 -4.056335E-05
  1.181000E+00 -7.633174E-05
  1.182000E+00 -1.158537E-04
  1.183000E+00 -1.585784E-04
  1.184000E+00 -2.038943E-04
  1.185000E+00 -2.511425E-04
  1.186000E+00 -2.996306E-04
  1.187000E+00 -3.486484E-04
  1.188000E+00 -3.974821E-04
  1.189000E+00 -4.454291E-04
  1.190000E+00 -4.918121E-04
  1.191000E+00 -5.359915E-04
  1.192000E+00 -5.773772E-04
  1.193000E+00 -6.154389E-04
  1.194000E+00 -6.497143E-04
  1.195000E+00 -6.798164E-04
  1.196000E+00 -7.054377E-04
  1.197000E+00 -7.263538E-04
  1.198000E+00 -7.424246E-04
  1.199000E+00 -7.535934E-04
  1.200000E+00 -7.598852E-04
  1.201000E+00 -7.614020E-04
  1.202000E+00 -7.583181E-04
  1.203000E+00 -7.508725E-04
  1.204000E+00 -7.393618E-04
  1.205000E+00 -7.241309E-04
  1.206000E+00 -7.055638E-04
  1.207000E+00 -6.840746E-04
  1.208000E+00 -6.600973E-04
  1.209000E+00 -6.340769E-04
  1.210000E+00 -6.064604E-04
  1.211000E+00 -5.776880E-04
  1.212000E+00 -5.481859E-04
  1.213000E+00 -5.183585E-04
  1.214000E+00 -4.885825E-04
  1.215000E+00 -4.592016E-04
  1.216000E+00 -4.305215E-04
  1.217000E+00 -4.028069E-04
  1.218000E+00 -3.762786E-04
  1.219000E+00 -3.511127E-04
  1.220000E+00 -3.274400E-04
  1.221000E+00 -3.053467E-04
  1.222000E+00 -2.848765E-04
  1.223000E+00 -2.660331E-04
  1.224000E+00 -2.487844E-04
  1.225000E+00 -2.330663E-04
  1.226000E+00 -2.187889E-04
  1.227000E+00 -2.058412E-04
  1.228000E+00 -1.940977E-04
  1.229000E+00 -1.834240E-04
  1.230000E+00 -1.736822E-04
  1.231000E+00 -1.647363E-04
  1.232000E+00 -1.564559E-04
  1.233000E+00 -1.487200E-04
  1.234000E+00 -1.414191E-04
  1.235000E+00 -1.344566E-04
  1.236000E+00 -1.277496E-04
  1.237000E+00 -1.212287E-04
  1.238000E+00 -1.148365E-04
  1.239000E+00 -1.085268E-04
  1.240000E+00 -1.022626E-04
  1.241000E+00 -9.601409E-05
  1.242000E+00 -8.975663E-05
  1.243000E+00 -8.346883E-05
  1.244000E+00 -7.713083E-05
  1.245000E+00 -7.072287E-05
  1.246000E+00 -6.422429E-05
  1.247000E+00 -5.761319E-05
  1.248000E+00 -5.086649E-05
  1.249000E+00 -4.396078E-05
  1.250000E+00 -3.687352E-05
  1.251000E+00 -2.958490E-05
  1.252000E+00 -2.208001E-05
  1.253000E+00 -1.435127E-05
  1.254000E+00 -6.401069E-06
  1.255000E+00  1.755647E-06
  1.256000E+00  1.008905E-05
  1.257000E+00  1.855247E-05
  1.258000E+00  2.708115E-05
  1.259000E+00  3.559175E-05
  1.260000E+00  4.398276E-05
  1.261000E+00  5.213598E-05
  1.262000E+00  5.991893E-05
  1.263000E+00  6.718816E-05
  1.264000E+00  7.379342E-05
  1.265000E+00  7.958249E-05
  1.266000E+00  8.440647E-05
  1.267000E+00  8.812535E-05
  1.268000E+00  9.061358E-05
  1.269000E+00  9.176549E-05
  1.270000E+00  9.150019E-05
  1.271000E+00  8.976598E-05
  1.272000E+00  8.654380E-05
  1.273000E+00  8.184992E-05
  1.274000E+00  7.573732E-05
  1.275000E+00  6.829614E-05
  1.276000E+00  5.965263E-05
  1.277000E+00  4.996704E-05
  1.278000E+00  3.943009E-05
  1.279000E+00  2.825835E-05
  1.280000E+00  1.668841E-05
  1.281000E+00  4.970287E-06
  1.282000E+00 -6.639948E-06
  1.283000E+00 -1.788782E-05
  1.284000E+00 -2.852820E-05
  1.285000E+00 -3.833284E-05
  1.286000E+00 -4.709739E-05
  1.287000E+00 -5.464767E-05
  1.288000E+00 -6.084509E-05
  1.289000E+00 -6.559096E-05
  1.290000E+00 -6.882969E-05
  1.291000E+00 -7.055077E-05
  1.292000E+00 -7.078943E-05
  1.293000E+00 -6.962618E-05
  1.294000E+00 -6.718504E-05
  1.295000E+00 -6.363080E-05
  1.296000E+00 -5.916516E-05
  1.297000E+00 -5.402207E-05
  1.298000E+00 -4.846227E-05
  1.299000E+00 -4.276729E-05
  1.300000E+00 -3.723283E-05
  1.301000E+00 -3.216185E-05
  1.302000E+00 -2.785731E-05
  1.303000E+00 -2.461478E-05
  1.304000E+00 -2.271491E-05
  1.305000E+00 -2.241603E-05
  1.306000E+00 -2.394682E-05
  1.307000E+00 -2.749931E-05
  1.308000E+00 -3.322223E-05
  1.309000E+00 -4.121498E-05
  1.310000E+00 -5.152224E-05
  1.311000E+00 -6.412970E-05
  1.312000E+00 -7.896073E-05
  1.313000E+00 -9.587460E-05
  1.314000E+00 -1.146662E-04
  1.315000E+00 -1.350671E-04
  1.316000E+00 -1.567494E-04
  1.317000E+00 -1.793296E-04
  1.318000E+00 -2.023760E-04
  1.319000E+00 -2.254167E-04
  1.320000E+00 -2.479494E-04
  1.321000E+00 -2.694522E-04
  1.322000E+00 -2.893958E-04
  1.323000E+00 -3.072561E-04
  1.324000E+00 -3.225269E-04
  1.325000E+00 -3.347327E-04
  1.326000E+00 -3.434412E-04
  1.327000E+00 -3.482746E-04
  1.328000E+00 -3.489197E-04
  1.329000E+00 -3.451365E-04
  1.330000E+00 -3.367658E-04
  1.331000E+00 -3.237336E-04
  1.332000E+00 -3.060543E-04
  1.333000E+00 -2.838319E-04
  1.334000E+00 -2.572588E-04
  1.335000E+00 -2.266132E-04
  1.336000E+00 -1.922542E-04
  1.337000E+00 -1.546159E-04
  1.338000E+00 -1.141997E-04
  1.339000E+00 -7.156567E-05
  1.340000E+00 -2.732245E-05
  1.341000E+00  1.788297E-05
  1.342000E+00  6.337662E-05
  1.343000E+00  1.084690E-04
  1.344000E+00  1.524667E-04
  1.345000E+00  1.946839E-04
  1.346000E+00  2.344541E-04
  1.347000E+00  2.711401E-04
  1.348000E+00  3.041450E-04
  1.349000E+00  3.329213E-04
  1.350000E+00  3.569797E-04
  1.351000E+00  3.758964E-04
  1.352000E+00  3.893198E-04
  1.353000E+00  3.969758E-04
  1.354000E+00  3.986719E-04
  1.355000E+00  3.942998E-04
  1.356000E+00  3.838370E-04
  1.357000E+00  3.673468E-04
  1.358000E+00  3.449773E-04
  1.359000E+00  3.169585E-04
  1.360000E+00  2.835989E-04
  1.361000E+00  2.452802E-04
  1.362000E+00  2.024511E-04
  1.363000E+00  1.556200E-04
  1.364000E+00  1.053466E-04
  1.365000E+00  5.223289E-05
  1.366000E+00 -3.086571E-06
  1.367000E+00 -5.995512E-05
  1.368000E+00 -1.177045E-04
  1.369000E+00 -1.756654E-04
  1.370000E+00 -2.331784E-04
  1.371000E+00 -2.896039E-04
  1.372000E+00 -3.443321E-04
  1.373000E+00 -3.967916E-04
  1.374000E+00 -4.464579E-04
  1.375000E+00 -4.928598E-04
  1.376000E+00 -5.355852E-04
  1.377000E+00 -5.742856E-04
  1.378000E+00 -6.086791E-04
  1.379000E+00 -6.385523E-04
  1.380000E+00 -6.637616E-04
  1.381000E+00 -6.842330E-04
  1.382000E+00 -6.999608E-04
  1.383000E+00 -7.110067E-04
  1.384000E+00 -7.174963E-04
  1.385000E+00 -7.196169E-04
  1.386000E+00 -7.176122E-04
  1.387000E+00 -7.117780E-04
  1.388000E+00 -7.024552E-04
  1.389000E+00 -6.900235E-04
  1.390000E+00 -6.748929E-04
  1.391000E+00 -6.574950E-04
  1.392000E+00 -6.382742E-04
  1.393000E+00 -6.176776E-04
  1.394000E+00 -5.961461E-04
  1.395000E+00 -5.741048E-04
  1.396000E+00 -5.519545E-04
  1.397000E+00 -5.300636E-04
  1.398000E+00 -5.087607E-04
  1.399000E+00 -4.883286E-04
  1.400000E+00 -4.689989E-04
  1.401000E+00 -4.509483E-04
  1.402000E+00 -4.342960E-04
  1.403000E+00 -4.191020E-04
  1.404000E+00 -4.053676E-04
  1.405000E+00 -3.930363E-04
  1.406000E+00 -3.819966E-04
  1.407000E+00 -3.720857E-04
  1.408000E+00 -3.630945E-04
  1.409000E+00 -3.547732E-04
  1.410000E+00 -3.468387E-04
  1.411000E+00 -3.389822E-04
  1.412000E+00 -3.308776E-04
  1.413000E+00 -3.221909E-04
  1.414000E+00 -3.125898E-04
  1.415000E+00 -3.017535E-04
  1.416000E+00 -2.893823E-04
  1.417000E+00 -2.752073E-04
  1.418000E+00 -2.589991E-04
  1.419000E+00 -2.405758E-04
  1.420000E+00 -2.198098E-04
  1.421000E+00 -1.966333E-04
  1.422000E+00 -1.710424E-04
  1.423000E+00 -1.430994E-04
  1.424000E+00 -1.129335E-04
  1.425000E+00 -8.074041E-05
  1.426000E+00 -4.677943E-05
  1.427000E+00 -1.137013E-05
  1.428000E+00  2.511304E-05
  1.429000E+00  6.224710E-05
  1.430000E+00  9.956818E-05
  1.431000E+00  1.365802E-04
  1.432000E+00  1.727643E-04
  1.433000E+00  2.075897E-04
  1.434000E+00  2.405241E-04
  1.435000E+00  2.710452E-04
  1.436000E+00  2.986526E-04
  1.437000E+00  3.228786E-04
  1.438000E+00  3.432992E-04
  1.439000E+00  3.595445E-04
  1.440000E+00  3.713076E-04
  1.441000E+00  3.783525E-04
  1.442000E+00  3.805203E-04
  1.443000E+00  3.777337E-04
  1.444000E+00  3.699995E-04
  1.445000E+00  3.574091E-04
  1.446000E+00  3.401368E-04
  1.447000E+00  3.184360E-04
  1.448000E+00  2.926333E-04
  1.449000E+00  2.631209E-04
  1.450000E+00  2.303473E-04
  1.451000E+00  1.948068E-04
  1.452000E+00  1.570272E-04
  1.453000E+00  1.175583E-04
  1.454000E+00  7.695865E-05
  1.455000E+00  3.578355E-05
  1.456000E+00 -5.427292E-06
  1.457000E+00 -4.616059E-05
  1.458000E+00 -8.593923E-05
  1.459000E+00 -1.243304E-04
  1.460000E+00 -1.609518E-04
  1.461000E+00 -1.954761E-04
  1.462000E+00 -2.276330E-04
  1.463000E+00 -2.572099E-04
  1.464000E+00 -2.840501E-04
  1.465000E+00 -3.080498E-04
  1.466000E+00 -3.291539E-04
  1.467000E+00 -3.473504E-04
  1.468000E+00 -3.626643E-04
  1.469000E+00 -3.751515E-04
  1.470000E+00 -3.848923E-04
  1.471000E+00 -3.919854E-04
  1.472000E+00 -3.965426E-04
  1.473000E+00 -3.986838E-04
  1.474000E+00 -3.985335E-04
  1.475000E+00 -3.962177E-04
  1.476000E+00 -3.918612E-04
  1.477000E+00 -3.855869E-04
  1.478000E+00 -3.775141E-04
  1.479000E+00 -3.677588E-04
  1.480000E+00 -3.564336E-04
  1.481000E+00 -3.436484E-04
  1.482000E+00 -3.295113E-04
  1.483000E+00 -3.141299E-04
  1.484000E+00 -2.976132E-04
  1.485000E+00 -2.800726E-04
  1.486000E+00 -2.616240E-04
  1.487000E+00 -2.423896E-04
  1.488000E+00 -2.224990E-04
  1.489000E+00 -2.020903E-04
  1.490000E+00 -1.813113E-04
  1.491000E+00 -1.603197E-04
  1.492000E+00 -1.392829E-04
  1.493000E+00 -1.183781E-04
  1.494000E+00 -9.779139E-05
  1.495000E+00 -7.771658E-05
  1.496000E+00 -5.835374E-05
  1.497000E+00 -3.990742E-05
  1.498000E+00 -2.258451E-05
  1.499000E+00 -6.591816E-06
  1.500000E+00  7.866597E-06
  1.501000E+00  2.059232E-05
  1.502000E+00  3.139563E-05
  1.503000E+00  4.009868E-05
  1.504000E+00  4.653874E-05
  1.505000E+00  5.057135E-05
  1.506000E+00  5.207344E-05
  1.507000E+00  5.094636E-05
  1.508000E+00  4.711855E-05
  1.509000E+00  4.054802E-05
  1.510000E+00  3.122443E-05
  1.511000E+00  1.917063E-05
  1.512000E+00  4.443670E-06
  1.513000E+00 -1.286479E-05
  1.514000E+00 -3.262888E-05
  1.515000E+00 -5.468959E-05
  1.516000E+00 -7.885665E-05
  1.517000E+00 -1.049111E-04
  1.518000E+00 -1.326085E-04
  1.519000E+00 -1.616830E-04
  1.520000E+00 -1.918512E-04
  1.521000E+00 -2.228173E-04
  1.522000E+00 -2.542777E-04
  1.523000E+00 -2.859258E-04
  1.524000E+00 -3.174574E-04
  1.525000E+00 -3.485753E-04
  1.526000E+00 -3.789941E-04
  1.527000E+00 -4.084451E-04
  1.528000E+00 -4.366801E-04
  1.529000E+00 -4.634757E-04
  1.530000E+00 -4.886360E-04
  1.531000E+00 -5.119951E-04
  1.532000E+00 -5.334191E-04
  1.533000E+00 -5.528066E-04
  1.534000E+00 -5.700891E-04
  1.535000E+00 -5.852306E-04
  1.536000E+00 -5.982256E-04
  1.537000E+00 -6.090978E-04
  1.538000E+00 -6.178969E-04
  1.539000E+00 -6.246954E-04
  1.540000E+00 -6.295851E-04
  1.541000E+00 -6.326727E-04
  1.542000E+00 -6.340757E-04
  1.543000E+00 -6.339179E-04
  1.544000E+00 -6.323246E-04
  1.545000E+00 -6.294189E-04
  1.546000E+00 -6.253168E-04
  1.547000E+00 -6.201233E-04
  1.548000E+00 -6.139292E-04
  1.549000E+00 -6.068075E-04
  1.550000E+00 -5.988109E-04
  1.551000E+00 -5.899704E-04
  1.552000E+00 -5.802938E-04
  1.553000E+00 -5.697657E-04
  1.554000E+00 -5.583484E-04
  1.555000E+00 -5.459829E-04
  1.556000E+00 -5.325923E-04
  1.557000E+00 -5.180845E-04
  1.558000E+00 -5.023570E-04
  1.559000E+00 -4.853016E-04
  1.560000E+00 -4.668107E-04
  1.561000E+00 -4.467832E-04
  1.562000E+00 -4.251318E-04
  1.563000E+00 -4.017900E-04
  1.564000E+00 -3.767190E-04
  1.565000E+00 -3.499150E-04
  1.566000E+00 -3.214150E-04
  1.567000E+00 -2.913028E-04
  1.568000E+00 -2.597131E-04
  1.569000E+00 -2.268343E-04
  1.570000E+00 -1.929105E-04
  1.571000E+00 -1.582402E-04
  1.572000E+00 -1.231750E-04
  1.573000E+00 -8.811441E-05
  1.574000E+00 -5.350052E-05
  1.575000E+00 -1.980983E-05
  1.576000E+00  1.245586E-05
  1.577000E+00  4.277992E-05
  1.578000E+00  7.064236E-05
  1.579000E+00  9.553181E-05
  1.580000E+00  1.169578E-04
  1.581000E+00  1.344632E-04
  1.582000E+00  1.476356E-04
  1.583000E+00  1.561188E-04
  1.584000E+00  1.596228E-04
  1.585000E+00  1.579321E-04
  1.586000E+00  1.509133E-04
  1.587000E+00  1.385200E-04
  1.588000E+00  1.207966E-04
  1.589000E+00  9.787972E-05
  1.590000E+00  6.999769E-05
  1.591000E+00  3.746833E-05
  1.592000E+00  6.947836E-07
  1.593000E+00 -3.984039E-05
  1.594000E+00 -8.358272E-05
  1.595000E+00 -1.299148E-04
  1.596000E+00 -1.781666E-04
  1.597000E+00 -2.276269E-04
  1.598000E+00 -2.775561E-04
  1.599000E+00 -3.271991E-04
  1.600000E+00 -3.757994E-04
  1.601000E+00 -4.226133E-04
  1.602000E+00 -4.669242E-04
  1.603000E+00 -5.080562E-04
  1.604000E+00 -5.453881E-04
  1.605000E+00 -5.783655E-04
  1.606000E+00 -6.065125E-04
  1.607000E+00 -6.294415E-04
  1.608000E+00 -6.468615E-04
  1.609000E+00 -6.585840E-04
  1.610000E+00 -6.645267E-04
  1.611000E+00 -6.647149E-04
  1.612000E+00 -6.592801E-04
  1.613000E+00 -6.484561E-04
  1.614000E+00 -6.325730E-04
  1.615000E+00 -6.120487E-04
  1.616000E+00 -5.873788E-04
  1.617000E+00 -5.591243E-04
  1.618000E+00 -5.278993E-04
  1.619000E+00 -4.943562E-04
  1.620000E+00 -4.591713E-04
  1.621000E+00 -4.230305E-04
  1.622000E+00 -3.866133E-04
  1.623000E+00 -3.505795E-04
  1.624000E+00 -3.155545E-04
  1.625000E+00 -2.821170E-04
  1.626000E+00 -2.507879E-04
  1.627000E+00 -2.220200E-04
  1.628000E+00 -1.961907E-04
  1.629000E+00 -1.735959E-04
  1.630000E+00 -1.544471E-04
  1.631000E+00 -1.388697E-04
  1.632000E+00 -1.269046E-04
  1.633000E+00 -1.185114E-04
  1.634000E+00 -1.135737E-04
  1.635000E+00 -1.119066E-04
  1.636000E+00 -1.132654E-04
  1.637000E+00 -1.173553E-04
  1.638000E+00 -1.238425E-04
  1.639000E+00 -1.323654E-04
  1.640000E+00 -1.425460E-04
  1.641000E+00 -1.540014E-04
  1.642000E+00 -1.663541E-04
  1.643000E+00 -1.792417E-04
  1.644000E+00 -1.923256E-04
  1.645000E+00 -2.052980E-04
  1.646000E+00 -2.178875E-04
  1.647000E+00 -2.298630E-04
  1.648000E+00 -2.410359E-04
  1.649000E+00 -2.512614E-04
  1.650000E+00 -2.604376E-04
  1.651000E+00 -2.685035E-04
  1.652000E+00 -2.754366E-04
  1.653000E+00 -2.812487E-04
  1.654000E+00 -2.859818E-04
  1.655000E+00 -2.897032E-04
  1.656000E+00 -2.925003E-04
  1.657000E+00 -2.944760E-04
  1.658000E+00 -2.957436E-04
  1.659000E+00 -2.964220E-04
  1.660000E+00 -2.966310E-04
  1.661000E+00 -2.964875E-04
  1.662000E+00 -2.961011E-04
  1.663000E+00 -2.955709E-04
  1.664000E+00 -2.949821E-04
  1.665000E+00 -2.944035E-04
  1.666000E+00 -2.938854E-04
  1.667000E+00 -2.934576E-04
  1.668000E+00 -2.931294E-04
  1.669000E+00 -2.928889E-04
  1.670000E+00 -2.927041E-04
  1.671000E+00 -2.925240E-04
  1.672000E+00 -2.922810E-04
  1.673000E+00 -2.918937E-04
  1.674000E+00 -2.912705E-04
  1.675000E+00 -2.903139E-04
  1.676000E+00 -2.889248E-04
  1.677000E+00 -2.870076E-04
  1.678000E+00 -2.844749E-04
  1.679000E+00 -2.812527E-04
  1.680000E+00 -2.772842E-04
  1.681000E+00 -2.725342E-04
  1.682000E+00 -2.669924E-04
  1.683000E+00 -2.606751E-04
  1.684000E+00 -2.536276E-04
  1.685000E+00 -2.459237E-04
  1.686000E+00 -2.376652E-04
  1.687000E+00 -2.289796E-04
  1.688000E+00 -2.200169E-04
  1.689000E+00 -2.109448E-04
  1.690000E+00 -2.019432E-04
  1.691000E+00 -1.931979E-04
  1.692000E+00 -1.848936E-04
  1.693000E+00 -1.772069E-04
  1.694000E+00 -1.702988E-04
  1.695000E+00 -1.643086E-04
  1.696000E+00 -1.593478E-04
  1.697000E+00 -1.554953E-04
  1.698000E+00 -1.527937E-04
  1.699000E+00 -1.512479E-04
  1.700000E+00 -1.508242E-04
  1.701000E+00 -1.514520E-04
  1.702000E+00 -1.530263E-04
  1.703000E+00 -1.554125E-04
  1.704000E+00 -1.584512E-04
  1.705000E+00 -1.619646E-04
  1.706000E+00 -1.657633E-04
  1.707000E+00 -1.696527E-04
  1.708000E+00 -1.734398E-04
  1.709000E+00 -1.769390E-04
  1.710000E+00 -1.799779E-04
  1.711000E+00 -1.824018E-04
  1.712000E+00 -1.840770E-04
  1.713000E+00 -1.848938E-04
  1.714000E+00 -1.847677E-04
  1.715000E+00 -1.836408E-04
  1.716000E+00 -1.814806E-04
  1.717000E+00 -1.782794E-04
  1.718000E+00 -1.740523E-04
  1.719000E+00 -1.688342E-04
  1.720000E+00 -1.626772E-04
  1.721000E+00 -1.556465E-04
  1.722000E+00 -1.478173E-04
  1.723000E+00 -1.392706E-04
  1.724000E+00 -1.300904E-04
  1.725000E+00 -1.203600E-04
  1.726000E+00 -1.101600E-04
  1.727000E+00 -9.956608E-05
  1.728000E+00 -8.864720E-05
  1.729000E+00 -7.746481E-05
  1.730000E+00 -6.607192E-05
  1.731000E+00 -5.451282E-05
  1.732000E+00 -4.282293E-05
  1.733000E+00 -3.102898E-05
  1.734000E+00 -1.914940E-05
  1.735000E+00 -7.194865E-06
  1.736000E+00  4.830961E-06
  1.737000E+00  1.693042E-05
  1.738000E+00  2.911062E-05
  1.739000E+00  4.138185E-05
  1.740000E+00  5.375560E-05
  1.741000E+00  6.624228E-05
  1.742000E+00  7.884838E-05
  1.743000E+00  9.157341E-05
  1.744000E+00  1.044065E-04
  1.745000E+00  1.173229E-04
  1.746000E+00  1.302806E-04
  1.747000E+00  1.432173E-04
  1.748000E+00  1.560478E-04
  1.749000E+00  1.686623E-04
  1.750000E+00  1.809256E-04
  1.751000E+00  1.926768E-04
  1.752000E+00  2.037307E-04
  1.753000E+00  2.138804E-04
  1.754000E+00  2.229006E-04
  1.755000E+00  2.305523E-04
  1.756000E+00  2.365892E-04
  1.757000E+00  2.407644E-04
  1.758000E+00  2.428384E-04
  1.759000E+00  2.425876E-04
  1.760000E+00  2.398138E-04
  1.761000E+00  2.343527E-04
  1.762000E+00  2.260830E-04
  1.763000E+00  2.149348E-04
  1.764000E+00  2.008964E-04
  1.765000E+00  1.840200E-04
  1.766000E+00  1.644258E-04
  1.767000E+00  1.423044E-04
  1.768000E+00  1.179164E-04
  1.769000E+00  9.159034E-05
  1.770000E+00  6.371848E-05
  1.771000E+00  3.475012E-05
  1.772000E+00  5.182950E-06
  1.773000E+00 -2.444737E-05
  1.774000E+00 -5.357941E-05
  1.775000E+00 -8.163938E-05
  1.776000E+00 -1.080555E-04
  1.777000E+00 -1.322729E-04
  1.778000E+00 -1.537681E-04
  1.779000E+00 -1.720637E-04
  1.780000E+00 -1.867414E-04
  1.781000E+00 -1.974539E-04
  1.782000E+00 -2.039354E-04
  1.783000E+00 -2.060090E-04
  1.784000E+00 -2.035929E-04
  1.785000E+00 -1.967036E-04
  1.786000E+00 -1.854558E-04
  1.787000E+00 -1.700610E-04
  1.788000E+00 -1.508219E-04
  1.789000E+00 -1.281258E-04
  1.790000E+00 -1.024350E-04
  1.791000E+00 -7.427513E-05
  1.792000E+00 -4.422265E-05
  1.793000E+00 -1.289045E-05
  1.794000E+00  1.908704E-05
  1.795000E+00  5.106932E-05
  1.796000E+00  8.242527E-05
  1.797000E+00  1.125483E-04
  1.798000E+00  1.408706E-04
  1.799000E+00  1.668763E-04
  1.800000E+00  1.901132E-04
  1.801000E+00  2.102020E-04
  1.802000E+00  2.268439E-04
  1.803000E+00  2.398255E-04
  1.804000E+00  2.490217E-04
  1.805000E+00  2.543951E-04
  1.806000E+00  2.559945E-04
  1.807000E+00  2.539495E-04
  1.808000E+00  2.484649E-04
  1.809000E+00  2.398119E-04
  1.810000E+00  2.283191E-04
  1.811000E+00  2.143617E-04
  1.812000E+00  1.983503E-04
  1.813000E+00  1.807196E-04
  1.814000E+00  1.619165E-04
  1.815000E+00  1.423889E-04
  1.816000E+00  1.225748E-04
  1.817000E+00  1.028925E-04
  1.818000E+00  8.373172E-05
  1.819000E+00  6.544547E-05
  1.820000E+00  4.834434E-05
  1.821000E+00  3.269140E-05
  1.822000E+00  1.869895E-05
  1.823000E+00  6.526794E-06
  1.824000E+00 -3.718174E-06
  1.825000E+00 -1.198095E-05
  1.826000E+00 -1.825628E-05
  1.827000E+00 -2.258548E-05
  1.828000E+00 -2.505245E-05
  1.829000E+00 -2.577900E-05
  1.830000E+00 -2.491962E-05
  1.831000E+00 -2.265591E-05
  1.832000E+00 -1.919076E-05
  1.833000E+00 -1.474240E-05
  1.834000E+00 -9.538458E-06
  1.835000E+00 -3.810107E-06
  1.836000E+00  2.213656E-06
  1.837000E+00  8.311427E-06
  1.838000E+00  1.427450E-05
  1.839000E+00  1.991152E-05
  1.840000E+00  2.505254E-05
  1.841000E+00  2.955241E-05
  1.842000E+00  3.329336E-05
  1.843000E+00  3.618662E-05
  1.844000E+00  3.817315E-05
  1.845000E+00  3.922338E-05
  1.846000E+00  3.933591E-05
  1.847000E+00  3.853535E-05
  1.848000E+00  3.686923E-05
  1.849000E+00  3.440422E-05
  1.850000E+00  3.122169E-05
  1.851000E+00  2.741290E-05
  1.852000E+00  2.307390E-05
  1.853000E+00  1.830055E-05
  1.854000E+00  1.318356E-05
  1.855000E+00  7.804046E-06
  1.856000E+00  2.229460E-06
  1.857000E+00 -3.489708E-06
  1.858000E+00 -9.322518E-06
  1.859000E+00 -1.525928E-05
  1.860000E+00 -2.131235E-05
  1.861000E+00 -2.751595E-05
  1.862000E+00 -3.392514E-05
  1.863000E+00 -4.061382E-05
  1.864000E+00 -4.767215E-05
  1.865000E+00 -5.520330E-05
  1.866000E+00 -6.331985E-05
  1.867000E+00 -7.213992E-05
  1.868000E+00 -8.178330E-05
  1.869000E+00 -9.236761E-05
  1.870000E+00 -1.040046E-04
  1.871000E+00 -1.167966E-04
  1.872000E+00 -1.308337E-04
  1.873000E+00 -1.461900E-04
  1.874000E+00 -1.629219E-04
  1.875000E+00 -1.810648E-04
  1.876000E+00 -2.006312E-04
  1.877000E+00 -2.216089E-04
  1.878000E+00 -2.439587E-04
  1.879000E+00 -2.676134E-04
  1.880000E+00 -2.924763E-04
  1.881000E+00 -3.184209E-04
  1.882000E+00 -3.452901E-04
  1.883000E+00 -3.728971E-04
  1.884000E+00 -4.010261E-04
  1.885000E+00 -4.294341E-04
  1.886000E+00 -4.578529E-04
  1.887000E+00 -4.859924E-04
  1.888000E+00 -5.135439E-04
  1.889000E+00 -5.401839E-04
  1.890000E+00 -5.655793E-04
  1.891000E+00 -5.893918E-04
  1.892000E+00 -6.112843E-04
  1.893000E+00 -6.309264E-04
  1.894000E+00 -6.480006E-04
  1.895000E+00 -6.622085E-04
  1.896000E+00 -6.732768E-04
  1.897000E+00 -6.809633E-04
  1.898000E+00 -6.850616E-04
  1.899000E+00 -6.854061E-04
  1.900000E+00 -6.818758E-04
  1.901000E+00 -6.743971E-04
  1.902000E+00 -6.629462E-04
  1.903000E+00 -6.475497E-04
  1.904000E+00 -6.282848E-04
  1.905000E+00 -6.052783E-04
  1.906000E+00 -5.787042E-04
  1.907000E+00 -5.487802E-04
  1.908000E+00 -5.157639E-04
  1.909000E+00 -4.799474E-04
  1.910000E+00 -4.416520E-04
  1.911000E+00 -4.012213E-04
  1.912000E+00 -3.590153E-04
  1.913000E+00 -3.154038E-04
  1.914000E+00 -2.707595E-04
  1.915000E+00 -2.254528E-04
  1.916000E+00 -1.798455E-04
  1.917000E+00 -1.342865E-04
  1.918000E+00 -8.910717E-05
  1.919000E+00 -4.461861E-05
  1.920000E+00 -1.108439E-06
  1.921000E+00  4.116071E-05
  1.922000E+00  8.195230E-05
  1.923000E+00  1.210562E-04
  1.924000E+00  1.582886E-04
  1.925000E+00  1.934908E-04
  1.926000E+00  2.265285E-04
  1.927000E+00  2.572901E-04
  1.928000E+00  2.856852E-04
  1.929000E+00  3.116426E-04
  1.930000E+00  3.351087E-04
  1.931000E+00  3.560455E-04
  1.932000E+00  3.744289E-04
  1.933000E+00  3.902470E-04
  1.934000E+00  4.034989E-04
  1.935000E+00  4.141926E-04
  1.936000E+00  4.223448E-04
  1.937000E+00  4.279789E-04
  1.938000E+00  4.311247E-04
  1.939000E+00  4.318171E-04
  1.940000E+00  4.300953E-04
  1.941000E+00  4.260025E-04
  1.942000E+00  4.195852E-04
  1.943000E+00  4.108931E-04
  1.944000E+00  3.999800E-04
  1.945000E+00  3.869036E-04
  1.946000E+00  3.717277E-04
  1.947000E+00  3.545229E-04
  1.948000E+00  3.353688E-04
  1.949000E+00  3.143554E-04
  1.950000E+00  2.915857E-04
  1.951000E+00  2.671765E-04
  1.952000E+00  2.412603E-04
  1.953000E+00  2.139863E-04
  1.954000E+00  1.855203E-04
  1.955000E+00  1.560448E-04
  1.956000E+00  1.257581E-04
  1.957000E+00  9.487267E-05
  1.958000E+00  6.361276E-05
  1.959000E+00  3.221173E-05
  1.960000E+00  9.086434E-07
  1.961000E+00 -3.005556E-05
  1.962000E+00 -6.044222E-05
  1.963000E+00 -9.001936E-05
  1.964000E+00 -1.185662E-04
  1.965000E+00 -1.458777E-04
  1.966000E+00 -1.717691E-04
  1.967000E+00 -1.960796E-04
  1.968000E+00 -2.186765E-04
  1.969000E+00 -2.394582E-04
  1.970000E+00 -2.583565E-04
  1.971000E+00 -2.753379E-04
  1.972000E+00 -2.904049E-04
  1.973000E+00 -3.035950E-04
  1.974000E+00 -3.149797E-04
  1.975000E+00 -3.246622E-04
  1.976000E+00 -3.327744E-04
  1.977000E+00 -3.394725E-04
  1.978000E+00 -3.449325E-04
  1.979000E+00 -3.493445E-04
  1.980000E+00 -3.529072E-04
  1.981000E+00 -3.558208E-04
  1.982000E+00 -3.582814E-04
  1.983000E+00 -3.604745E-04
  1.984000E+00 -3.625693E-04
  1.985000E+00 -3.647143E-04
  1.986000E+00 -3.670327E-04
  1.987000E+00 -3.696199E-04
  1.988000E+00 -3.725419E-04
  1.989000E+00 -3.758344E-04
  1.990000E+00 -3.795034E-04
  1.991000E+00 -3.835276E-04
  1.992000E+00 -3.878603E-04
  1.993000E+00 -3.924333E-04
  1.994000E+00 -3.971609E-04
  1.995000E+00 -4.019446E-04
  1.996000E+00 -4.066775E-04
  1.997000E+00 -4.112498E-04
  1.998000E+00 -4.155532E-04
  1.999000E+00 -4.194852E-04
  2.000000E+00  3.549124E-02
