; material = LLZO                                                       
O             2000  1.65625836E+02          580.000000
  0.000000E+00  1.000000E+00
  1.000000E-03  9.947721E-01
  2.000000E-03  9.791784E-01
  3.000000E-03  9.534869E-01
  4.000000E-03  9.181372E-01
  5.000000E-03  8.737303E-01
  6.000000E-03  8.210145E-01
  7.000000E-03  7.608684E-01
  8.000000E-03  6.942812E-01
  9.000000E-03  6.223305E-01
  1.000000E-02  5.461591E-01
  1.100000E-02  4.669509E-01
  1.200000E-02  3.859063E-01
  1.300000E-02  3.042185E-01
  1.400000E-02  2.230498E-01
  1.500000E-02  1.435105E-01
  1.600000E-02  6.663879E-02
  1.700000E-02 -6.616639E-03
  1.800000E-02 -7.541167E-02
  1.900000E-02 -1.390189E-01
  2.000000E-02 -1.968369E-01
  2.100000E-02 -2.483963E-01
  2.200000E-02 -2.933629E-01
  2.300000E-02 -3.315381E-01
  2.400000E-02 -3.628556E-01
  2.500000E-02 -3.873761E-01
  2.600000E-02 -4.052795E-01
  2.700000E-02 -4.168547E-01
  2.800000E-02 -4.224869E-01
  2.900000E-02 -4.226450E-01
  3.000000E-02 -4.178658E-01
  3.100000E-02 -4.087392E-01
  3.200000E-02 -3.958918E-01
  3.300000E-02 -3.799709E-01
  3.400000E-02 -3.616291E-01
  3.500000E-02 -3.415093E-01
  3.600000E-02 -3.202307E-01
  3.700000E-02 -2.983763E-01
  3.800000E-02 -2.764820E-01
  3.900000E-02 -2.550271E-01
  4.000000E-02 -2.344273E-01
  4.100000E-02 -2.150291E-01
  4.200000E-02 -1.971062E-01
  4.300000E-02 -1.808590E-01
  4.400000E-02 -1.664146E-01
  4.500000E-02 -1.538294E-01
  4.600000E-02 -1.430937E-01
  4.700000E-02 -1.341369E-01
  4.800000E-02 -1.268352E-01
  4.900000E-02 -1.210188E-01
  5.000000E-02 -1.164814E-01
  5.100000E-02 -1.129892E-01
  5.200000E-02 -1.102905E-01
  5.300000E-02 -1.081251E-01
  5.400000E-02 -1.062336E-01
  5.500000E-02 -1.043659E-01
  5.600000E-02 -1.022892E-01
  5.700000E-02 -9.979463E-02
  5.800000E-02 -9.670347E-02
  5.900000E-02 -9.287145E-02
  6.000000E-02 -8.819223E-02
  6.100000E-02 -8.259941E-02
  6.200000E-02 -7.606722E-02
  6.300000E-02 -6.860997E-02
  6.400000E-02 -6.028030E-02
  6.500000E-02 -5.116629E-02
  6.600000E-02 -4.138770E-02
  6.700000E-02 -3.109123E-02
  6.800000E-02 -2.044536E-02
  6.900000E-02 -9.634507E-03
  7.000000E-02  1.146929E-03
  7.100000E-02  1.170070E-02
  7.200000E-02  2.183074E-02
  7.300000E-02  3.134887E-02
  7.400000E-02  4.008019E-02
  7.500000E-02  4.786780E-02
  7.600000E-02  5.457694E-02
  7.700000E-02  6.009829E-02
  7.800000E-02  6.435047E-02
  7.900000E-02  6.728168E-02
  8.000000E-02  6.887040E-02
  8.100000E-02  6.912531E-02
  8.200000E-02  6.808426E-02
  8.300000E-02  6.581255E-02
  8.400000E-02  6.240052E-02
  8.500000E-02  5.796047E-02
  8.600000E-02  5.262318E-02
  8.700000E-02  4.653402E-02
  8.800000E-02  3.984882E-02
  8.900000E-02  3.272965E-02
  9.000000E-02  2.534057E-02
  9.100000E-02  1.784355E-02
  9.200000E-02  1.039462E-02
  9.300000E-02  3.140306E-03
  9.400000E-02 -3.785438E-03
  9.500000E-02 -1.026387E-02
  9.600000E-02 -1.619356E-02
  9.700000E-02 -2.149188E-02
  9.800000E-02 -2.609594E-02
  9.900000E-02 -2.996296E-02
  1.000000E-01 -3.307008E-02
  1.010000E-01 -3.541355E-02
  1.020000E-01 -3.700761E-02
  1.030000E-01 -3.788280E-02
  1.040000E-01 -3.808399E-02
  1.050000E-01 -3.766816E-02
  1.060000E-01 -3.670192E-02
  1.070000E-01 -3.525896E-02
  1.080000E-01 -3.341748E-02
  1.090000E-01 -3.125763E-02
  1.100000E-01 -2.885912E-02
  1.110000E-01 -2.629894E-02
  1.120000E-01 -2.364944E-02
  1.130000E-01 -2.097654E-02
  1.140000E-01 -1.833842E-02
  1.150000E-01 -1.578443E-02
  1.160000E-01 -1.335447E-02
  1.170000E-01 -1.107858E-02
  1.180000E-01 -8.977042E-03
  1.190000E-01 -7.060671E-03
  1.200000E-01 -5.331473E-03
  1.210000E-01 -3.783528E-03
  1.220000E-01 -2.404087E-03
  1.230000E-01 -1.174831E-03
  1.240000E-01 -7.323741E-05
  1.250000E-01  9.259937E-04
  1.260000E-01  1.849516E-03
  1.270000E-01  2.723949E-03
  1.280000E-01  3.574587E-03
  1.290000E-01  4.424233E-03
  1.300000E-01  5.292196E-03
  1.310000E-01  6.193479E-03
  1.320000E-01  7.138174E-03
  1.330000E-01  8.131078E-03
  1.340000E-01  9.171533E-03
  1.350000E-01  1.025348E-02
  1.360000E-01  1.136571E-02
  1.370000E-01  1.249236E-02
  1.380000E-01  1.361348E-02
  1.390000E-01  1.470581E-02
  1.400000E-01  1.574366E-02
  1.410000E-01  1.669983E-02
  1.420000E-01  1.754659E-02
  1.430000E-01  1.825667E-02
  1.440000E-01  1.880421E-02
  1.450000E-01  1.916566E-02
  1.460000E-01  1.932059E-02
  1.470000E-01  1.925240E-02
  1.480000E-01  1.894887E-02
  1.490000E-01  1.840261E-02
  1.500000E-01  1.761133E-02
  1.510000E-01  1.657797E-02
  1.520000E-01  1.531063E-02
  1.530000E-01  1.382242E-02
  1.540000E-01  1.213114E-02
  1.550000E-01  1.025877E-02
  1.560000E-01  8.230979E-03
  1.570000E-01  6.076446E-03
  1.580000E-01  3.826146E-03
  1.590000E-01  1.512597E-03
  1.600000E-01 -8.309138E-04
  1.610000E-01 -3.171108E-03
  1.620000E-01 -5.475460E-03
  1.630000E-01 -7.712906E-03
  1.640000E-01 -9.854479E-03
  1.650000E-01 -1.187388E-02
  1.660000E-01 -1.374794E-02
  1.670000E-01 -1.545702E-02
  1.680000E-01 -1.698525E-02
  1.690000E-01 -1.832072E-02
  1.700000E-01 -1.945554E-02
  1.710000E-01 -2.038577E-02
  1.720000E-01 -2.111134E-02
  1.730000E-01 -2.163578E-02
  1.740000E-01 -2.196596E-02
  1.750000E-01 -2.211171E-02
  1.760000E-01 -2.208542E-02
  1.770000E-01 -2.190163E-02
  1.780000E-01 -2.157652E-02
  1.790000E-01 -2.112747E-02
  1.800000E-01 -2.057260E-02
  1.810000E-01 -1.993027E-02
  1.820000E-01 -1.921870E-02
  1.830000E-01 -1.845557E-02
  1.840000E-01 -1.765764E-02
  1.850000E-01 -1.684046E-02
  1.860000E-01 -1.601813E-02
  1.870000E-01 -1.520305E-02
  1.880000E-01 -1.440580E-02
  1.890000E-01 -1.363502E-02
  1.900000E-01 -1.289735E-02
  1.910000E-01 -1.219747E-02
  1.920000E-01 -1.153807E-02
  1.930000E-01 -1.091995E-02
  1.940000E-01 -1.034217E-02
  1.950000E-01 -9.802127E-03
  1.960000E-01 -9.295776E-03
  1.970000E-01 -8.817792E-03
  1.980000E-01 -8.361782E-03
  1.990000E-01 -7.920511E-03
  2.000000E-01 -7.486127E-03
  2.010000E-01 -7.050400E-03
  2.020000E-01 -6.604962E-03
  2.030000E-01 -6.141545E-03
  2.040000E-01 -5.652220E-03
  2.050000E-01 -5.129625E-03
  2.060000E-01 -4.567192E-03
  2.070000E-01 -3.959355E-03
  2.080000E-01 -3.301745E-03
  2.090000E-01 -2.591374E-03
  2.100000E-01 -1.826789E-03
  2.110000E-01 -1.008206E-03
  2.120000E-01 -1.376154E-04
  2.130000E-01  7.811466E-04
  2.140000E-01  1.742357E-03
  2.150000E-01  2.738409E-03
  2.160000E-01  3.759853E-03
  2.170000E-01  4.795478E-03
  2.180000E-01  5.832449E-03
  2.190000E-01  6.856478E-03
  2.200000E-01  7.852044E-03
  2.210000E-01  8.802665E-03
  2.220000E-01  9.691198E-03
  2.230000E-01  1.050019E-02
  2.240000E-01  1.121224E-02
  2.250000E-01  1.181042E-02
  2.260000E-01  1.227869E-02
  2.270000E-01  1.260229E-02
  2.280000E-01  1.276823E-02
  2.290000E-01  1.276563E-02
  2.300000E-01  1.258614E-02
  2.310000E-01  1.222431E-02
  2.320000E-01  1.167785E-02
  2.330000E-01  1.094788E-02
  2.340000E-01  1.003915E-02
  2.350000E-01  8.960052E-03
  2.360000E-01  7.722727E-03
  2.370000E-01  6.342916E-03
  2.380000E-01  4.839819E-03
  2.390000E-01  3.235821E-03
  2.400000E-01  1.556140E-03
  2.410000E-01 -1.716257E-04
  2.420000E-01 -1.918016E-03
  2.430000E-01 -3.652307E-03
  2.440000E-01 -5.343165E-03
  2.450000E-01 -6.959344E-03
  2.460000E-01 -8.470409E-03
  2.470000E-01 -9.847469E-03
  2.480000E-01 -1.106390E-02
  2.490000E-01 -1.209605E-02
  2.500000E-01 -1.292386E-02
  2.510000E-01 -1.353147E-02
  2.520000E-01 -1.390770E-02
  2.530000E-01 -1.404643E-02
  2.540000E-01 -1.394692E-02
  2.550000E-01 -1.361388E-02
  2.560000E-01 -1.305756E-02
  2.570000E-01 -1.229360E-02
  2.580000E-01 -1.134275E-02
  2.590000E-01 -1.023047E-02
  2.600000E-01 -8.986419E-03
  2.610000E-01 -7.643779E-03
  2.620000E-01 -6.238491E-03
  2.630000E-01 -4.808416E-03
  2.640000E-01 -3.392407E-03
  2.650000E-01 -2.029346E-03
  2.660000E-01 -7.571520E-04
  2.670000E-01  3.881990E-04
  2.680000E-01  1.373631E-03
  2.690000E-01  2.169868E-03
  2.700000E-01  2.752244E-03
  2.710000E-01  3.101423E-03
  2.720000E-01  3.203982E-03
  2.730000E-01  3.052856E-03
  2.740000E-01  2.647623E-03
  2.750000E-01  1.994621E-03
  2.760000E-01  1.106896E-03
  2.770000E-01  3.966498E-06
  2.780000E-01 -1.288575E-03
  2.790000E-01 -2.739632E-03
  2.800000E-01 -4.313318E-03
  2.810000E-01 -5.969811E-03
  2.820000E-01 -7.666314E-03
  2.830000E-01 -9.358113E-03
  2.840000E-01 -1.099969E-02
  2.850000E-01 -1.254587E-02
  2.860000E-01 -1.395299E-02
  2.870000E-01 -1.517999E-02
  2.880000E-01 -1.618954E-02
  2.890000E-01 -1.694896E-02
  2.900000E-01 -1.743116E-02
  2.910000E-01 -1.761532E-02
  2.920000E-01 -1.748752E-02
  2.930000E-01 -1.704112E-02
  2.940000E-01 -1.627699E-02
  2.950000E-01 -1.520359E-02
  2.960000E-01 -1.383676E-02
  2.970000E-01 -1.219941E-02
  2.980000E-01 -1.032101E-02
  2.990000E-01 -8.236867E-03
  3.000000E-01 -5.987302E-03
  3.010000E-01 -3.616697E-03
  3.020000E-01 -1.172413E-03
  3.030000E-01  1.296347E-03
  3.040000E-01  3.739724E-03
  3.050000E-01  6.108409E-03
  3.060000E-01  8.354817E-03
  3.070000E-01  1.043423E-02
  3.080000E-01  1.230585E-02
  3.090000E-01  1.393376E-02
  3.100000E-01  1.528772E-02
  3.110000E-01  1.634389E-02
  3.120000E-01  1.708530E-02
  3.130000E-01  1.750218E-02
  3.140000E-01  1.759216E-02
  3.150000E-01  1.736014E-02
  3.160000E-01  1.681817E-02
  3.170000E-01  1.598497E-02
  3.180000E-01  1.488542E-02
  3.190000E-01  1.354981E-02
  3.200000E-01  1.201305E-02
  3.210000E-01  1.031371E-02
  3.220000E-01  8.493023E-03
  3.230000E-01  6.593815E-03
  3.240000E-01  4.659436E-03
  3.250000E-01  2.732695E-03
  3.260000E-01  8.548285E-04
  3.270000E-01 -9.354615E-04
  3.280000E-01 -2.602882E-03
  3.290000E-01 -4.116312E-03
  3.300000E-01 -5.449439E-03
  3.310000E-01 -6.581248E-03
  3.320000E-01 -7.496363E-03
  3.330000E-01 -8.185223E-03
  3.340000E-01 -8.644106E-03
  3.350000E-01 -8.874994E-03
  3.360000E-01 -8.885282E-03
  3.370000E-01 -8.687365E-03
  3.380000E-01 -8.298091E-03
  3.390000E-01 -7.738117E-03
  3.400000E-01 -7.031181E-03
  3.410000E-01 -6.203316E-03
  3.420000E-01 -5.282030E-03
  3.430000E-01 -4.295470E-03
  3.440000E-01 -3.271603E-03
  3.450000E-01 -2.237436E-03
  3.460000E-01 -1.218290E-03
  3.470000E-01 -2.371510E-04
  3.480000E-01  6.858840E-04
  3.490000E-01  1.534051E-03
  3.500000E-01  2.294248E-03
  3.510000E-01  2.957243E-03
  3.520000E-01  3.517750E-03
  3.530000E-01  3.974384E-03
  3.540000E-01  4.329495E-03
  3.550000E-01  4.588894E-03
  3.560000E-01  4.761473E-03
  3.570000E-01  4.858746E-03
  3.580000E-01  4.894321E-03
  3.590000E-01  4.883315E-03
  3.600000E-01  4.841747E-03
  3.610000E-01  4.785917E-03
  3.620000E-01  4.731788E-03
  3.630000E-01  4.694409E-03
  3.640000E-01  4.687370E-03
  3.650000E-01  4.722327E-03
  3.660000E-01  4.808599E-03
  3.670000E-01  4.952859E-03
  3.680000E-01  5.158906E-03
  3.690000E-01  5.427552E-03
  3.700000E-01  5.756603E-03
  3.710000E-01  6.140941E-03
  3.720000E-01  6.572709E-03
  3.730000E-01  7.041575E-03
  3.740000E-01  7.535086E-03
  3.750000E-01  8.039083E-03
  3.760000E-01  8.538170E-03
  3.770000E-01  9.016222E-03
  3.780000E-01  9.456911E-03
  3.790000E-01  9.844246E-03
  3.800000E-01  1.016308E-02
  3.810000E-01  1.039962E-02
  3.820000E-01  1.054186E-02
  3.830000E-01  1.057997E-02
  3.840000E-01  1.050664E-02
  3.850000E-01  1.031729E-02
  3.860000E-01  1.001027E-02
  3.870000E-01  9.586900E-03
  3.880000E-01  9.051465E-03
  3.890000E-01  8.411110E-03
  3.900000E-01  7.675642E-03
  3.910000E-01  6.857272E-03
  3.920000E-01  5.970267E-03
  3.930000E-01  5.030566E-03
  3.940000E-01  4.055334E-03
  3.950000E-01  3.062494E-03
  3.960000E-01  2.070237E-03
  3.970000E-01  1.096532E-03
  3.980000E-01  1.586493E-04
  3.990000E-01 -7.272977E-04
  4.000000E-01 -1.546762E-03
  4.010000E-01 -2.287128E-03
  4.020000E-01 -2.938016E-03
  4.030000E-01 -3.491515E-03
  4.040000E-01 -3.942346E-03
  4.050000E-01 -4.287941E-03
  4.060000E-01 -4.528453E-03
  4.070000E-01 -4.666677E-03
  4.080000E-01 -4.707907E-03
  4.090000E-01 -4.659718E-03
  4.100000E-01 -4.531691E-03
  4.110000E-01 -4.335085E-03
  4.120000E-01 -4.082468E-03
  4.130000E-01 -3.787320E-03
  4.140000E-01 -3.463617E-03
  4.150000E-01 -3.125411E-03
  4.160000E-01 -2.786424E-03
  4.170000E-01 -2.459648E-03
  4.180000E-01 -2.156993E-03
  4.190000E-01 -1.888964E-03
  4.200000E-01 -1.664392E-03
  4.210000E-01 -1.490224E-03
  4.220000E-01 -1.371368E-03
  4.230000E-01 -1.310611E-03
  4.240000E-01 -1.308595E-03
  4.250000E-01 -1.363864E-03
  4.260000E-01 -1.472970E-03
  4.270000E-01 -1.630637E-03
  4.280000E-01 -1.829977E-03
  4.290000E-01 -2.062747E-03
  4.300000E-01 -2.319646E-03
  4.310000E-01 -2.590629E-03
  4.320000E-01 -2.865245E-03
  4.330000E-01 -3.132973E-03
  4.340000E-01 -3.383552E-03
  4.350000E-01 -3.607299E-03
  4.360000E-01 -3.795403E-03
  4.370000E-01 -3.940177E-03
  4.380000E-01 -4.035278E-03
  4.390000E-01 -4.075880E-03
  4.400000E-01 -4.058793E-03
  4.410000E-01 -3.982533E-03
  4.420000E-01 -3.847333E-03
  4.430000E-01 -3.655114E-03
  4.440000E-01 -3.409384E-03
  4.450000E-01 -3.115115E-03
  4.460000E-01 -2.778559E-03
  4.470000E-01 -2.407040E-03
  4.480000E-01 -2.008715E-03
  4.490000E-01 -1.592312E-03
  4.500000E-01 -1.166865E-03
  4.510000E-01 -7.414378E-04
  4.520000E-01 -3.248582E-04
  4.530000E-01  7.453571E-05
  4.540000E-01  4.491268E-04
  4.550000E-01  7.922229E-04
  4.560000E-01  1.098227E-03
  4.570000E-01  1.362770E-03
  4.580000E-01  1.582800E-03
  4.590000E-01  1.756630E-03
  4.600000E-01  1.883944E-03
  4.610000E-01  1.965757E-03
  4.620000E-01  2.004332E-03
  4.630000E-01  2.003069E-03
  4.640000E-01  1.966351E-03
  4.650000E-01  1.899370E-03
  4.660000E-01  1.807928E-03
  4.670000E-01  1.698222E-03
  4.680000E-01  1.576629E-03
  4.690000E-01  1.449482E-03
  4.700000E-01  1.322855E-03
  4.710000E-01  1.202368E-03
  4.720000E-01  1.093001E-03
  4.730000E-01  9.989409E-04
  4.740000E-01  9.234534E-04
  4.750000E-01  8.687911E-04
  4.760000E-01  8.361353E-04
  4.770000E-01  8.255756E-04
  4.780000E-01  8.361269E-04
  4.790000E-01  8.657823E-04
  4.800000E-01  9.116010E-04
  4.810000E-01  9.698260E-04
  4.820000E-01  1.036030E-03
  4.830000E-01  1.105283E-03
  4.840000E-01  1.172335E-03
  4.850000E-01  1.231811E-03
  4.860000E-01  1.278412E-03
  4.870000E-01  1.307108E-03
  4.880000E-01  1.313327E-03
  4.890000E-01  1.293132E-03
  4.900000E-01  1.243372E-03
  4.910000E-01  1.161813E-03
  4.920000E-01  1.047242E-03
  4.930000E-01  8.995329E-04
  4.940000E-01  7.196860E-04
  4.950000E-01  5.098273E-04
  4.960000E-01  2.731756E-04
  4.970000E-01  1.397475E-05
  4.980000E-01 -2.626063E-04
  4.990000E-01 -5.506026E-04
  5.000000E-01 -8.434075E-04
  5.010000E-01 -1.133948E-03
  5.020000E-01 -1.414877E-03
  5.030000E-01 -1.678774E-03
  5.040000E-01 -1.918352E-03
  5.050000E-01 -2.126666E-03
  5.060000E-01 -2.297308E-03
  5.070000E-01 -2.424596E-03
  5.080000E-01 -2.503742E-03
  5.090000E-01 -2.530999E-03
  5.100000E-01 -2.503781E-03
  5.110000E-01 -2.420754E-03
  5.120000E-01 -2.281892E-03
  5.130000E-01 -2.088502E-03
  5.140000E-01 -1.843214E-03
  5.150000E-01 -1.549938E-03
  5.160000E-01 -1.213779E-03
  5.170000E-01 -8.409349E-04
  5.180000E-01 -4.385528E-04
  5.190000E-01 -1.456901E-05
  5.200000E-01  4.224754E-04
  5.210000E-01  8.636342E-04
  5.220000E-01  1.299766E-03
  5.230000E-01  1.721749E-03
  5.240000E-01  2.120697E-03
  5.250000E-01  2.488169E-03
  5.260000E-01  2.816366E-03
  5.270000E-01  3.098317E-03
  5.280000E-01  3.328035E-03
  5.290000E-01  3.500660E-03
  5.300000E-01  3.612567E-03
  5.310000E-01  3.661444E-03
  5.320000E-01  3.646341E-03
  5.330000E-01  3.567683E-03
  5.340000E-01  3.427251E-03
  5.350000E-01  3.228132E-03
  5.360000E-01  2.974637E-03
  5.370000E-01  2.672186E-03
  5.380000E-01  2.327180E-03
  5.390000E-01  1.946834E-03
  5.400000E-01  1.539007E-03
  5.410000E-01  1.112013E-03
  5.420000E-01  6.744186E-04
  5.430000E-01  2.348465E-04
  5.440000E-01 -1.982265E-04
  5.450000E-01 -6.166622E-04
  5.460000E-01 -1.012844E-03
  5.470000E-01 -1.379843E-03
  5.480000E-01 -1.711565E-03
  5.490000E-01 -2.002879E-03
  5.500000E-01 -2.249712E-03
  5.510000E-01 -2.449121E-03
  5.520000E-01 -2.599341E-03
  5.530000E-01 -2.699790E-03
  5.540000E-01 -2.751060E-03
  5.550000E-01 -2.754866E-03
  5.560000E-01 -2.713978E-03
  5.570000E-01 -2.632122E-03
  5.580000E-01 -2.513859E-03
  5.590000E-01 -2.364450E-03
  5.600000E-01 -2.189704E-03
  5.610000E-01 -1.995812E-03
  5.620000E-01 -1.789179E-03
  5.630000E-01 -1.576250E-03
  5.640000E-01 -1.363345E-03
  5.650000E-01 -1.156495E-03
  5.660000E-01 -9.612879E-04
  5.670000E-01 -7.827370E-04
  5.680000E-01 -6.251584E-04
  5.690000E-01 -4.920751E-04
  5.700000E-01 -3.861422E-04
  5.710000E-01 -3.090973E-04
  5.720000E-01 -2.617370E-04
  5.730000E-01 -2.439183E-04
  5.740000E-01 -2.545877E-04
  5.750000E-01 -2.918330E-04
  5.760000E-01 -3.529594E-04
  5.770000E-01 -4.345860E-04
  5.780000E-01 -5.327591E-04
  5.790000E-01 -6.430816E-04
  5.800000E-01 -7.608521E-04
  5.810000E-01 -8.812114E-04
  5.820000E-01 -9.992916E-04
  5.830000E-01 -1.110364E-03
  5.840000E-01 -1.209983E-03
  5.850000E-01 -1.294118E-03
  5.860000E-01 -1.359275E-03
  5.870000E-01 -1.402601E-03
  5.880000E-01 -1.421969E-03
  5.890000E-01 -1.416046E-03
  5.900000E-01 -1.384328E-03
  5.910000E-01 -1.327166E-03
  5.920000E-01 -1.245749E-03
  5.930000E-01 -1.142083E-03
  5.940000E-01 -1.018927E-03
  5.950000E-01 -8.797250E-04
  5.960000E-01 -7.285002E-04
  5.970000E-01 -5.697478E-04
  5.980000E-01 -4.083036E-04
  5.990000E-01 -2.492057E-04
  6.000000E-01 -9.754845E-05
  6.010000E-01  4.166656E-05
  6.020000E-01  1.636781E-04
  6.030000E-01  2.641080E-04
  6.040000E-01  3.390946E-04
  6.050000E-01  3.854135E-04
  6.060000E-01  4.005814E-04
  6.070000E-01  3.829416E-04
  6.080000E-01  3.317267E-04
  6.090000E-01  2.470984E-04
  6.100000E-01  1.301617E-04
  6.110000E-01 -1.704651E-05
  6.120000E-01 -1.915945E-04
  6.130000E-01 -3.897182E-04
  6.140000E-01 -6.069063E-04
  6.150000E-01 -8.380086E-04
  6.160000E-01 -1.077361E-03
  6.170000E-01 -1.318930E-03
  6.180000E-01 -1.556463E-03
  6.190000E-01 -1.783654E-03
  6.200000E-01 -1.994308E-03
  6.210000E-01 -2.182508E-03
  6.220000E-01 -2.342774E-03
  6.230000E-01 -2.470213E-03
  6.240000E-01 -2.560662E-03
  6.250000E-01 -2.610803E-03
  6.260000E-01 -2.618263E-03
  6.270000E-01 -2.581696E-03
  6.280000E-01 -2.500826E-03
  6.290000E-01 -2.376476E-03
  6.300000E-01 -2.210559E-03
  6.310000E-01 -2.006047E-03
  6.320000E-01 -1.766910E-03
  6.330000E-01 -1.498024E-03
  6.340000E-01 -1.205064E-03
  6.350000E-01 -8.943652E-04
  6.360000E-01 -5.727735E-04
  6.370000E-01 -2.474764E-04
  6.380000E-01  7.417498E-05
  6.390000E-01  3.848493E-04
  6.400000E-01  6.774211E-04
  6.410000E-01  9.451520E-04
  6.420000E-01  1.181865E-03
  6.430000E-01  1.382106E-03
  6.440000E-01  1.541285E-03
  6.450000E-01  1.655804E-03
  6.460000E-01  1.723152E-03
  6.470000E-01  1.741979E-03
  6.480000E-01  1.712141E-03
  6.490000E-01  1.634710E-03
  6.500000E-01  1.511959E-03
  6.510000E-01  1.347313E-03
  6.520000E-01  1.145272E-03
  6.530000E-01  9.113087E-04
  6.540000E-01  6.517335E-04
  6.550000E-01  3.735472E-04
  6.560000E-01  8.426900E-05
  6.570000E-01 -2.082471E-04
  6.580000E-01 -4.960057E-04
  6.590000E-01 -7.710677E-04
  6.600000E-01 -1.025749E-03
  6.610000E-01 -1.252811E-03
  6.620000E-01 -1.445645E-03
  6.630000E-01 -1.598441E-03
  6.640000E-01 -1.706331E-03
  6.650000E-01 -1.765523E-03
  6.660000E-01 -1.773394E-03
  6.670000E-01 -1.728568E-03
  6.680000E-01 -1.630956E-03
  6.690000E-01 -1.481763E-03
  6.700000E-01 -1.283472E-03
  6.710000E-01 -1.039789E-03
  6.720000E-01 -7.555628E-04
  6.730000E-01 -4.366715E-04
  6.740000E-01 -8.989061E-05
  6.750000E-01  2.772654E-04
  6.760000E-01  6.567177E-04
  6.770000E-01  1.040012E-03
  6.780000E-01  1.418518E-03
  6.790000E-01  1.783626E-03
  6.800000E-01  2.126956E-03
  6.810000E-01  2.440548E-03
  6.820000E-01  2.717049E-03
  6.830000E-01  2.949885E-03
  6.840000E-01  3.133413E-03
  6.850000E-01  3.263051E-03
  6.860000E-01  3.335381E-03
  6.870000E-01  3.348230E-03
  6.880000E-01  3.300714E-03
  6.890000E-01  3.193259E-03
  6.900000E-01  3.027588E-03
  6.910000E-01  2.806676E-03
  6.920000E-01  2.534682E-03
  6.930000E-01  2.216850E-03
  6.940000E-01  1.859385E-03
  6.950000E-01  1.469316E-03
  6.960000E-01  1.054327E-03
  6.970000E-01  6.225904E-04
  6.980000E-01  1.825807E-04
  6.990000E-01 -2.571143E-04
  7.000000E-01 -6.879815E-04
  7.010000E-01 -1.101767E-03
  7.020000E-01 -1.490653E-03
  7.030000E-01 -1.847421E-03
  7.040000E-01 -2.165601E-03
  7.050000E-01 -2.439602E-03
  7.060000E-01 -2.664817E-03
  7.070000E-01 -2.837710E-03
  7.080000E-01 -2.955873E-03
  7.090000E-01 -3.018056E-03
  7.100000E-01 -3.024181E-03
  7.110000E-01 -2.975312E-03
  7.120000E-01 -2.873620E-03
  7.130000E-01 -2.722307E-03
  7.140000E-01 -2.525520E-03
  7.150000E-01 -2.288243E-03
  7.160000E-01 -2.016171E-03
  7.170000E-01 -1.715572E-03
  7.180000E-01 -1.393145E-03
  7.190000E-01 -1.055861E-03
  7.200000E-01 -7.108170E-04
  7.210000E-01 -3.650742E-04
  7.220000E-01 -2.551626E-05
  7.230000E-01  3.012940E-04
  7.240000E-01  6.092432E-04
  7.250000E-01  8.927839E-04
  7.260000E-01  1.147034E-03
  7.270000E-01  1.367862E-03
  7.280000E-01  1.551948E-03
  7.290000E-01  1.696829E-03
  7.300000E-01  1.800927E-03
  7.310000E-01  1.863550E-03
  7.320000E-01  1.884876E-03
  7.330000E-01  1.865927E-03
  7.340000E-01  1.808512E-03
  7.350000E-01  1.715164E-03
  7.360000E-01  1.589065E-03
  7.370000E-01  1.433949E-03
  7.380000E-01  1.254010E-03
  7.390000E-01  1.053797E-03
  7.400000E-01  8.380995E-04
  7.410000E-01  6.118437E-04
  7.420000E-01  3.799807E-04
  7.430000E-01  1.473824E-04
  7.440000E-01 -8.125836E-05
  7.450000E-01 -3.015193E-04
  7.460000E-01 -5.093312E-04
  7.470000E-01 -7.010491E-04
  7.480000E-01 -8.735117E-04
  7.490000E-01 -1.024088E-03
  7.500000E-01 -1.150710E-03
  7.510000E-01 -1.251892E-03
  7.520000E-01 -1.326738E-03
  7.530000E-01 -1.374935E-03
  7.540000E-01 -1.396730E-03
  7.550000E-01 -1.392904E-03
  7.560000E-01 -1.364730E-03
  7.570000E-01 -1.313923E-03
  7.580000E-01 -1.242582E-03
  7.590000E-01 -1.153132E-03
  7.600000E-01 -1.048249E-03
  7.610000E-01 -9.308023E-04
  7.620000E-01 -8.037740E-04
  7.630000E-01 -6.701957E-04
  7.640000E-01 -5.330802E-04
  7.650000E-01 -3.953576E-04
  7.660000E-01 -2.598171E-04
  7.670000E-01 -1.290538E-04
  7.680000E-01 -5.423250E-06
  7.690000E-01  1.089981E-04
  7.700000E-01  2.124432E-04
  7.710000E-01  3.034772E-04
  7.720000E-01  3.810122E-04
  7.730000E-01  4.443127E-04
  7.740000E-01  4.929947E-04
  7.750000E-01  5.270160E-04
  7.760000E-01  5.466603E-04
  7.770000E-01  5.525146E-04
  7.780000E-01  5.454417E-04
  7.790000E-01  5.265472E-04
  7.800000E-01  4.971439E-04
  7.810000E-01  4.587127E-04
  7.820000E-01  4.128619E-04
  7.830000E-01  3.612861E-04
  7.840000E-01  3.057246E-04
  7.850000E-01  2.479216E-04
  7.860000E-01  1.895876E-04
  7.870000E-01  1.323633E-04
  7.880000E-01  7.778748E-05
  7.890000E-01  2.726776E-05
  7.900000E-01 -1.794423E-05
  7.910000E-01 -5.677316E-05
  7.920000E-01 -8.833589E-05
  7.930000E-01 -1.119526E-04
  7.940000E-01 -1.271535E-04
  7.950000E-01 -1.336806E-04
  7.960000E-01 -1.314858E-04
  7.970000E-01 -1.207247E-04
  7.980000E-01 -1.017467E-04
  7.990000E-01 -7.508224E-05
  8.000000E-01 -4.142656E-05
  8.010000E-01 -1.621780E-06
  8.020000E-01  4.336346E-05
  8.030000E-01  9.245577E-05
  8.040000E-01  1.444999E-04
  8.050000E-01  1.982826E-04
  8.060000E-01  2.525566E-04
  8.070000E-01  3.060646E-04
  8.080000E-01  3.575634E-04
  8.090000E-01  4.058469E-04
  8.100000E-01  4.497683E-04
  8.110000E-01  4.882608E-04
  8.120000E-01  5.203568E-04
  8.130000E-01  5.452059E-04
  8.140000E-01  5.620892E-04
  8.150000E-01  5.704333E-04
  8.160000E-01  5.698201E-04
  8.170000E-01  5.599953E-04
  8.180000E-01  5.408730E-04
  8.190000E-01  5.125386E-04
  8.200000E-01  4.752479E-04
  8.210000E-01  4.294240E-04
  8.220000E-01  3.756508E-04
  8.230000E-01  3.146643E-04
  8.240000E-01  2.473411E-04
  8.250000E-01  1.746845E-04
  8.260000E-01  9.780808E-05
  8.270000E-01  1.791801E-05
  8.280000E-01 -6.370703E-05
  8.290000E-01 -1.457370E-04
  8.300000E-01 -2.268130E-04
  8.310000E-01 -3.055700E-04
  8.320000E-01 -3.806607E-04
  8.330000E-01 -4.507787E-04
  8.340000E-01 -5.146818E-04
  8.350000E-01 -5.712139E-04
  8.360000E-01 -6.193262E-04
  8.370000E-01 -6.580967E-04
  8.380000E-01 -6.867473E-04
  8.390000E-01 -7.046595E-04
  8.400000E-01 -7.113865E-04
  8.410000E-01 -7.066634E-04
  8.420000E-01 -6.904133E-04
  8.430000E-01 -6.627513E-04
  8.440000E-01 -6.239843E-04
  8.450000E-01 -5.746081E-04
  8.460000E-01 -5.153008E-04
  8.470000E-01 -4.469131E-04
  8.480000E-01 -3.704556E-04
  8.490000E-01 -2.870833E-04
  8.500000E-01 -1.980770E-04
  8.510000E-01 -1.048228E-04
  8.520000E-01 -8.789911E-06
  8.530000E-01  8.849421E-05
  8.540000E-01  1.854689E-04
  8.550000E-01  2.805665E-04
  8.560000E-01  3.722396E-04
  8.570000E-01  4.589866E-04
  8.580000E-01  5.393788E-04
  8.590000E-01  6.120843E-04
  8.600000E-01  6.758920E-04
  8.610000E-01  7.297329E-04
  8.620000E-01  7.726988E-04
  8.630000E-01  8.040594E-04
  8.640000E-01  8.232746E-04
  8.650000E-01  8.300054E-04
  8.660000E-01  8.241202E-04
  8.670000E-01  8.056974E-04
  8.680000E-01  7.750252E-04
  8.690000E-01  7.325966E-04
  8.700000E-01  6.791016E-04
  8.710000E-01  6.154155E-04
  8.720000E-01  5.425838E-04
  8.730000E-01  4.618047E-04
  8.740000E-01  3.744078E-04
  8.750000E-01  2.818318E-04
  8.760000E-01  1.855990E-04
  8.770000E-01  8.728892E-05
  8.780000E-01 -1.148897E-05
  8.790000E-01 -1.091237E-04
  8.800000E-01 -2.040306E-04
  8.810000E-01 -2.946793E-04
  8.820000E-01 -3.796203E-04
  8.830000E-01 -4.575103E-04
  8.840000E-01 -5.271355E-04
  8.850000E-01 -5.874327E-04
  8.860000E-01 -6.375076E-04
  8.870000E-01 -6.766502E-04
  8.880000E-01 -7.043465E-04
  8.890000E-01 -7.202874E-04
  8.900000E-01 -7.243728E-04
  8.910000E-01 -7.167132E-04
  8.920000E-01 -6.976267E-04
  8.930000E-01 -6.676322E-04
  8.940000E-01 -6.274398E-04
  8.950000E-01 -5.779365E-04
  8.960000E-01 -5.201700E-04
  8.970000E-01 -4.553286E-04
  8.980000E-01 -3.847193E-04
  8.990000E-01 -3.097428E-04
  9.000000E-01 -2.318676E-04
  9.010000E-01 -1.526026E-04
  9.020000E-01 -7.346840E-05
  9.030000E-01  4.030988E-06
  9.040000E-01  7.843652E-05
  9.050000E-01  1.483617E-04
  9.060000E-01  2.125187E-04
  9.070000E-01  2.697428E-04
  9.080000E-01  3.190148E-04
  9.090000E-01  3.594800E-04
  9.100000E-01  3.904649E-04
  9.110000E-01  4.114900E-04
  9.120000E-01  4.222793E-04
  9.130000E-01  4.227656E-04
  9.140000E-01  4.130925E-04
  9.150000E-01  3.936114E-04
  9.160000E-01  3.648756E-04
  9.170000E-01  3.276297E-04
  9.180000E-01  2.827959E-04
  9.190000E-01  2.314558E-04
  9.200000E-01  1.748297E-04
  9.210000E-01  1.142527E-04
  9.220000E-01  5.114760E-05
  9.230000E-01 -1.300330E-05
  9.240000E-01 -7.668888E-05
  9.250000E-01 -1.384004E-04
  9.260000E-01 -1.966633E-04
  9.270000E-01 -2.500684E-04
  9.280000E-01 -2.973026E-04
  9.290000E-01 -3.371776E-04
  9.300000E-01 -3.686565E-04
  9.310000E-01 -3.908772E-04
  9.320000E-01 -4.031729E-04
  9.330000E-01 -4.050886E-04
  9.340000E-01 -3.963930E-04
  9.350000E-01 -3.770858E-04
  9.360000E-01 -3.474010E-04
  9.370000E-01 -3.078045E-04
  9.380000E-01 -2.589869E-04
  9.390000E-01 -2.018519E-04
  9.400000E-01 -1.374994E-04
  9.410000E-01 -6.720533E-05
  9.420000E-01  7.603797E-06
  9.430000E-01  8.537878E-05
  9.440000E-01  1.644789E-04
  9.450000E-01  2.432055E-04
  9.460000E-01  3.198367E-04
  9.470000E-01  3.926635E-04
  9.480000E-01  4.600256E-04
  9.490000E-01  5.203471E-04
  9.500000E-01  5.721703E-04
  9.510000E-01  6.141875E-04
  9.520000E-01  6.452703E-04
  9.530000E-01  6.644951E-04
  9.540000E-01  6.711649E-04
  9.550000E-01  6.648259E-04
  9.560000E-01  6.452799E-04
  9.570000E-01  6.125914E-04
  9.580000E-01  5.670882E-04
  9.590000E-01  5.093583E-04
  9.600000E-01  4.402394E-04
  9.610000E-01  3.608042E-04
  9.620000E-01  2.723405E-04
  9.630000E-01  1.763262E-04
  9.640000E-01  7.440009E-05
  9.650000E-01 -3.167015E-05
  9.660000E-01 -1.400239E-04
  9.670000E-01 -2.487453E-04
  9.680000E-01 -3.559017E-04
  9.690000E-01 -4.595841E-04
  9.700000E-01 -5.579453E-04
  9.710000E-01 -6.492388E-04
  9.720000E-01 -7.318537E-04
  9.730000E-01 -8.043484E-04
  9.740000E-01 -8.654792E-04
  9.750000E-01 -9.142260E-04
  9.760000E-01 -9.498117E-04
  9.770000E-01 -9.717177E-04
  9.780000E-01 -9.796926E-04
  9.790000E-01 -9.737562E-04
  9.800000E-01 -9.541961E-04
  9.810000E-01 -9.215603E-04
  9.820000E-01 -8.766425E-04
  9.830000E-01 -8.204636E-04
  9.840000E-01 -7.542470E-04
  9.850000E-01 -6.793911E-04
  9.860000E-01 -5.974373E-04
  9.870000E-01 -5.100357E-04
  9.880000E-01 -4.189091E-04
  9.890000E-01 -3.258150E-04
  9.900000E-01 -2.325091E-04
  9.910000E-01 -1.407074E-04
  9.920000E-01 -5.205171E-05
  9.930000E-01  3.192380E-05
  9.940000E-01  1.098226E-04
  9.950000E-01  1.804121E-04
  9.960000E-01  2.426463E-04
  9.970000E-01  2.956834E-04
  9.980000E-01  3.388986E-04
  9.990000E-01  3.718923E-04
  1.000000E+00  3.944931E-04
  1.001000E+00  4.067549E-04
  1.002000E+00  4.089504E-04
  1.003000E+00  4.015588E-04
  1.004000E+00  3.852500E-04
  1.005000E+00  3.608643E-04
  1.006000E+00  3.293889E-04
  1.007000E+00  2.919322E-04
  1.008000E+00  2.496951E-04
  1.009000E+00  2.039413E-04
  1.010000E+00  1.559666E-04
  1.011000E+00  1.070684E-04
  1.012000E+00  5.851575E-05
  1.013000E+00  1.151995E-05
  1.014000E+00 -3.279175E-05
  1.015000E+00 -7.340081E-05
  1.016000E+00 -1.094186E-04
  1.017000E+00 -1.401042E-04
  1.018000E+00 -1.648783E-04
  1.019000E+00 -1.833328E-04
  1.020000E+00 -1.952364E-04
  1.021000E+00 -2.005351E-04
  1.022000E+00 -1.993491E-04
  1.023000E+00 -1.919649E-04
  1.024000E+00 -1.788238E-04
  1.025000E+00 -1.605064E-04
  1.026000E+00 -1.377148E-04
  1.027000E+00 -1.112511E-04
  1.028000E+00 -8.199458E-05
  1.029000E+00 -5.087797E-05
  1.030000E+00 -1.886201E-05
  1.031000E+00  1.308928E-05
  1.032000E+00  4.403283E-05
  1.033000E+00  7.306963E-05
  1.034000E+00  9.936590E-05
  1.035000E+00  1.221720E-04
  1.036000E+00  1.408385E-04
  1.037000E+00  1.548294E-04
  1.038000E+00  1.637317E-04
  1.039000E+00  1.672617E-04
  1.040000E+00  1.652679E-04
  1.041000E+00  1.577300E-04
  1.042000E+00  1.447550E-04
  1.043000E+00  1.265700E-04
  1.044000E+00  1.035124E-04
  1.045000E+00  7.601775E-05
  1.046000E+00  4.460516E-05
  1.047000E+00  9.861714E-06
  1.048000E+00 -2.757438E-05
  1.049000E+00 -6.703118E-05
  1.050000E+00 -1.078204E-04
  1.051000E+00 -1.492543E-04
  1.052000E+00 -1.906617E-04
  1.053000E+00 -2.314028E-04
  1.054000E+00 -2.708817E-04
  1.055000E+00 -3.085576E-04
  1.056000E+00 -3.439536E-04
  1.057000E+00 -3.766624E-04
  1.058000E+00 -4.063505E-04
  1.059000E+00 -4.327594E-04
  1.060000E+00 -4.557043E-04
  1.061000E+00 -4.750708E-04
  1.062000E+00 -4.908097E-04
  1.063000E+00 -5.029298E-04
  1.064000E+00 -5.114896E-04
  1.065000E+00 -5.165881E-04
  1.066000E+00 -5.183545E-04
  1.067000E+00 -5.169388E-04
  1.068000E+00 -5.125019E-04
  1.069000E+00 -5.052065E-04
  1.070000E+00 -4.952095E-04
  1.071000E+00 -4.826553E-04
  1.072000E+00 -4.676708E-04
  1.073000E+00 -4.503620E-04
  1.074000E+00 -4.308128E-04
  1.075000E+00 -4.090853E-04
  1.076000E+00 -3.852221E-04
  1.077000E+00 -3.592498E-04
  1.078000E+00 -3.311847E-04
  1.079000E+00 -3.010391E-04
  1.080000E+00 -2.688288E-04
  1.081000E+00 -2.345810E-04
  1.082000E+00 -1.983425E-04
  1.083000E+00 -1.601876E-04
  1.084000E+00 -1.202260E-04
  1.085000E+00 -7.860902E-05
  1.086000E+00 -3.553492E-05
  1.087000E+00  8.746955E-06
  1.088000E+00  5.393428E-05
  1.089000E+00  9.967159E-05
  1.090000E+00  1.455521E-04
  1.091000E+00  1.911220E-04
  1.092000E+00  2.358862E-04
  1.093000E+00  2.793165E-04
  1.094000E+00  3.208618E-04
  1.095000E+00  3.599592E-04
  1.096000E+00  3.960470E-04
  1.097000E+00  4.285784E-04
  1.098000E+00  4.570353E-04
  1.099000E+00  4.809436E-04
  1.100000E+00  4.998861E-04
  1.101000E+00  5.135165E-04
  1.102000E+00  5.215712E-04
  1.103000E+00  5.238794E-04
  1.104000E+00  5.203716E-04
  1.105000E+00  5.110859E-04
  1.106000E+00  4.961708E-04
  1.107000E+00  4.758862E-04
  1.108000E+00  4.506009E-04
  1.109000E+00  4.207878E-04
  1.110000E+00  3.870152E-04
  1.111000E+00  3.499366E-04
  1.112000E+00  3.102769E-04
  1.113000E+00  2.688174E-04
  1.114000E+00  2.263783E-04
  1.115000E+00  1.838001E-04
  1.116000E+00  1.419244E-04
  1.117000E+00  1.015739E-04
  1.118000E+00  6.353303E-05
  1.119000E+00  2.852918E-05
  1.120000E+00 -2.784833E-06
  1.121000E+00 -2.984641E-05
  1.122000E+00 -5.219666E-05
  1.123000E+00 -6.949134E-05
  1.124000E+00 -8.150883E-05
  1.125000E+00 -8.815506E-05
  1.126000E+00 -8.946522E-05
  1.127000E+00 -8.560215E-05
  1.128000E+00 -7.685157E-05
  1.129000E+00 -6.361418E-05
  1.130000E+00 -4.639489E-05
  1.131000E+00 -2.578950E-05
  1.132000E+00 -2.469046E-06
  1.133000E+00  2.283758E-05
  1.134000E+00  4.936248E-05
  1.135000E+00  7.631852E-05
  1.136000E+00  1.029195E-04
  1.137000E+00  1.284000E-04
  1.138000E+00  1.520354E-04
  1.139000E+00  1.731594E-04
  1.140000E+00  1.911816E-04
  1.141000E+00  2.056017E-04
  1.142000E+00  2.160223E-04
  1.143000E+00  2.221588E-04
  1.144000E+00  2.238459E-04
  1.145000E+00  2.210416E-04
  1.146000E+00  2.138280E-04
  1.147000E+00  2.024084E-04
  1.148000E+00  1.871020E-04
  1.149000E+00  1.683344E-04
  1.150000E+00  1.466269E-04
  1.151000E+00  1.225817E-04
  1.152000E+00  9.686600E-05
  1.153000E+00  7.019410E-05
  1.154000E+00  4.330804E-05
  1.155000E+00  1.695781E-05
  1.156000E+00 -8.118721E-06
  1.157000E+00 -3.121540E-05
  1.158000E+00 -5.167651E-05
  1.159000E+00 -6.891394E-05
  1.160000E+00 -8.242241E-05
  1.161000E+00 -9.179223E-05
  1.162000E+00 -9.671945E-05
  1.163000E+00 -9.701290E-05
  1.164000E+00 -9.259816E-05
  1.165000E+00 -8.351825E-05
  1.166000E+00 -6.993118E-05
  1.167000E+00 -5.210439E-05
  1.168000E+00 -3.040631E-05
  1.169000E+00 -5.295332E-06
  1.170000E+00  2.269348E-05
  1.171000E+00  5.296348E-05
  1.172000E+00  8.487292E-05
  1.173000E+00  1.177523E-04
  1.174000E+00  1.509222E-04
  1.175000E+00  1.837107E-04
  1.176000E+00  2.154703E-04
  1.177000E+00  2.455942E-04
  1.178000E+00  2.735306E-04
  1.179000E+00  2.987949E-04
  1.180000E+00  3.209810E-04
  1.181000E+00  3.397687E-04
  1.182000E+00  3.549299E-04
  1.183000E+00  3.663315E-04
  1.184000E+00  3.739360E-04
  1.185000E+00  3.777995E-04
  1.186000E+00  3.780677E-04
  1.187000E+00  3.749691E-04
  1.188000E+00  3.688068E-04
  1.189000E+00  3.599487E-04
  1.190000E+00  3.488160E-04
  1.191000E+00  3.358707E-04
  1.192000E+00  3.216029E-04
  1.193000E+00  3.065173E-04
  1.194000E+00  2.911201E-04
  1.195000E+00  2.759059E-04
  1.196000E+00  2.613458E-04
  1.197000E+00  2.478759E-04
  1.198000E+00  2.358877E-04
  1.199000E+00  2.257195E-04
  1.200000E+00  2.176496E-04
  1.201000E+00  2.118915E-04
  1.202000E+00  2.085905E-04
  1.203000E+00  2.078222E-04
  1.204000E+00  2.095933E-04
  1.205000E+00  2.138431E-04
  1.206000E+00  2.204477E-04
  1.207000E+00  2.292240E-04
  1.208000E+00  2.399368E-04
  1.209000E+00  2.523047E-04
  1.210000E+00  2.660089E-04
  1.211000E+00  2.807008E-04
  1.212000E+00  2.960111E-04
  1.213000E+00  3.115587E-04
  1.214000E+00  3.269595E-04
  1.215000E+00  3.418349E-04
  1.216000E+00  3.558205E-04
  1.217000E+00  3.685736E-04
  1.218000E+00  3.797804E-04
  1.219000E+00  3.891623E-04
  1.220000E+00  3.964816E-04
  1.221000E+00  4.015457E-04
  1.222000E+00  4.042114E-04
  1.223000E+00  4.043865E-04
  1.224000E+00  4.020325E-04
  1.225000E+00  3.971645E-04
  1.226000E+00  3.898509E-04
  1.227000E+00  3.802123E-04
  1.228000E+00  3.684190E-04
  1.229000E+00  3.546882E-04
  1.230000E+00  3.392806E-04
  1.231000E+00  3.224952E-04
  1.232000E+00  3.046655E-04
  1.233000E+00  2.861538E-04
  1.234000E+00  2.673460E-04
  1.235000E+00  2.486458E-04
  1.236000E+00  2.304693E-04
  1.237000E+00  2.132386E-04
  1.238000E+00  1.973769E-04
  1.239000E+00  1.833016E-04
  1.240000E+00  1.714195E-04
  1.241000E+00  1.621206E-04
  1.242000E+00  1.557722E-04
  1.243000E+00  1.527137E-04
  1.244000E+00  1.532510E-04
  1.245000E+00  1.576510E-04
  1.246000E+00  1.661365E-04
  1.247000E+00  1.788813E-04
  1.248000E+00  1.960056E-04
  1.249000E+00  2.175717E-04
  1.250000E+00  2.435803E-04
  1.251000E+00  2.739672E-04
  1.252000E+00  3.086010E-04
  1.253000E+00  3.472810E-04
  1.254000E+00  3.897373E-04
  1.255000E+00  4.356303E-04
  1.256000E+00  4.845529E-04
  1.257000E+00  5.360329E-04
  1.258000E+00  5.895372E-04
  1.259000E+00  6.444779E-04
  1.260000E+00  7.002185E-04
  1.261000E+00  7.560826E-04
  1.262000E+00  8.113639E-04
  1.263000E+00  8.653366E-04
  1.264000E+00  9.172674E-04
  1.265000E+00  9.664284E-04
  1.266000E+00  1.012110E-03
  1.267000E+00  1.053635E-03
  1.268000E+00  1.090370E-03
  1.269000E+00  1.121740E-03
  1.270000E+00  1.147243E-03
  1.271000E+00  1.166454E-03
  1.272000E+00  1.179041E-03
  1.273000E+00  1.184772E-03
  1.274000E+00  1.183517E-03
  1.275000E+00  1.175258E-03
  1.276000E+00  1.160087E-03
  1.277000E+00  1.138207E-03
  1.278000E+00  1.109927E-03
  1.279000E+00  1.075660E-03
  1.280000E+00  1.035913E-03
  1.281000E+00  9.912772E-04
  1.282000E+00  9.424184E-04
  1.283000E+00  8.900625E-04
  1.284000E+00  8.349810E-04
  1.285000E+00  7.779763E-04
  1.286000E+00  7.198657E-04
  1.287000E+00  6.614650E-04
  1.288000E+00  6.035734E-04
  1.289000E+00  5.469579E-04
  1.290000E+00  4.923396E-04
  1.291000E+00  4.403808E-04
  1.292000E+00  3.916734E-04
  1.293000E+00  3.467299E-04
  1.294000E+00  3.059755E-04
  1.295000E+00  2.697428E-04
  1.296000E+00  2.382679E-04
  1.297000E+00  2.116897E-04
  1.298000E+00  1.900499E-04
  1.299000E+00  1.732966E-04
  1.300000E+00  1.612878E-04
  1.301000E+00  1.537988E-04
  1.302000E+00  1.505295E-04
  1.303000E+00  1.511140E-04
  1.304000E+00  1.551307E-04
  1.305000E+00  1.621141E-04
  1.306000E+00  1.715668E-04
  1.307000E+00  1.829715E-04
  1.308000E+00  1.958041E-04
  1.309000E+00  2.095455E-04
  1.310000E+00  2.236941E-04
  1.311000E+00  2.377764E-04
  1.312000E+00  2.513579E-04
  1.313000E+00  2.640520E-04
  1.314000E+00  2.755274E-04
  1.315000E+00  2.855151E-04
  1.316000E+00  2.938127E-04
  1.317000E+00  3.002872E-04
  1.318000E+00  3.048766E-04
  1.319000E+00  3.075893E-04
  1.320000E+00  3.085014E-04
  1.321000E+00  3.077533E-04
  1.322000E+00  3.055439E-04
  1.323000E+00  3.021235E-04
  1.324000E+00  2.977858E-04
  1.325000E+00  2.928584E-04
  1.326000E+00  2.876929E-04
  1.327000E+00  2.826538E-04
  1.328000E+00  2.781079E-04
  1.329000E+00  2.744126E-04
  1.330000E+00  2.719056E-04
  1.331000E+00  2.708937E-04
  1.332000E+00  2.716440E-04
  1.333000E+00  2.743744E-04
  1.334000E+00  2.792461E-04
  1.335000E+00  2.863580E-04
  1.336000E+00  2.957411E-04
  1.337000E+00  3.073559E-04
  1.338000E+00  3.210909E-04
  1.339000E+00  3.367626E-04
  1.340000E+00  3.541177E-04
  1.341000E+00  3.728369E-04
  1.342000E+00  3.925397E-04
  1.343000E+00  4.127920E-04
  1.344000E+00  4.331138E-04
  1.345000E+00  4.529888E-04
  1.346000E+00  4.718754E-04
  1.347000E+00  4.892175E-04
  1.348000E+00  5.044573E-04
  1.349000E+00  5.170469E-04
  1.350000E+00  5.264617E-04
  1.351000E+00  5.322124E-04
  1.352000E+00  5.338571E-04
  1.353000E+00  5.310124E-04
  1.354000E+00  5.233642E-04
  1.355000E+00  5.106762E-04
  1.356000E+00  4.927987E-04
  1.357000E+00  4.696739E-04
  1.358000E+00  4.413409E-04
  1.359000E+00  4.079382E-04
  1.360000E+00  3.697042E-04
  1.361000E+00  3.269761E-04
  1.362000E+00  2.801859E-04
  1.363000E+00  2.298552E-04
  1.364000E+00  1.765878E-04
  1.365000E+00  1.210603E-04
  1.366000E+00  6.401144E-05
  1.367000E+00  6.229254E-06
  1.368000E+00 -5.146213E-05
  1.369000E+00 -1.082173E-04
  1.370000E+00 -1.631851E-04
  1.371000E+00 -2.155241E-04
  1.372000E+00 -2.644188E-04
  1.373000E+00 -3.090951E-04
  1.374000E+00 -3.488353E-04
  1.375000E+00 -3.829928E-04
  1.376000E+00 -4.110040E-04
  1.377000E+00 -4.324007E-04
  1.378000E+00 -4.468191E-04
  1.379000E+00 -4.540074E-04
  1.380000E+00 -4.538313E-04
  1.381000E+00 -4.462774E-04
  1.382000E+00 -4.314537E-04
  1.383000E+00 -4.095880E-04
  1.384000E+00 -3.810242E-04
  1.385000E+00 -3.462161E-04
  1.386000E+00 -3.057191E-04
  1.387000E+00 -2.601797E-04
  1.388000E+00 -2.103234E-04
  1.389000E+00 -1.569410E-04
  1.390000E+00 -1.008735E-04
  1.391000E+00 -4.299572E-05
  1.392000E+00  1.580024E-05
  1.393000E+00  7.462226E-05
  1.394000E+00  1.325952E-04
  1.395000E+00  1.888775E-04
  1.396000E+00  2.426767E-04
  1.397000E+00  2.932644E-04
  1.398000E+00  3.399887E-04
  1.399000E+00  3.822861E-04
  1.400000E+00  4.196900E-04
  1.401000E+00  4.518380E-04
  1.402000E+00  4.784766E-04
  1.403000E+00  4.994628E-04
  1.404000E+00  5.147636E-04
  1.405000E+00  5.244534E-04
  1.406000E+00  5.287079E-04
  1.407000E+00  5.277965E-04
  1.408000E+00  5.220719E-04
  1.409000E+00  5.119590E-04
  1.410000E+00  4.979407E-04
  1.411000E+00  4.805434E-04
  1.412000E+00  4.603217E-04
  1.413000E+00  4.378421E-04
  1.414000E+00  4.136667E-04
  1.415000E+00  3.883381E-04
  1.416000E+00  3.623638E-04
  1.417000E+00  3.362028E-04
  1.418000E+00  3.102535E-04
  1.419000E+00  2.848434E-04
  1.420000E+00  2.602212E-04
  1.421000E+00  2.365516E-04
  1.422000E+00  2.139126E-04
  1.423000E+00  1.922957E-04
  1.424000E+00  1.716088E-04
  1.425000E+00  1.516816E-04
  1.426000E+00  1.322746E-04
  1.427000E+00  1.130890E-04
  1.428000E+00  9.377952E-05
  1.429000E+00  7.396849E-05
  1.430000E+00  5.326119E-05
  1.431000E+00  3.126178E-05
  1.432000E+00  7.589607E-06
  1.433000E+00 -1.810497E-05
  1.434000E+00 -4.612535E-05
  1.435000E+00 -7.671478E-05
  1.436000E+00 -1.100440E-04
  1.437000E+00 -1.462012E-04
  1.438000E+00 -1.851837E-04
  1.439000E+00 -2.268931E-04
  1.440000E+00 -2.711324E-04
  1.441000E+00 -3.176069E-04
  1.442000E+00 -3.659272E-04
  1.443000E+00 -4.156159E-04
  1.444000E+00 -4.661169E-04
  1.445000E+00 -5.168068E-04
  1.446000E+00 -5.670089E-04
  1.447000E+00 -6.160093E-04
  1.448000E+00 -6.630735E-04
  1.449000E+00 -7.074650E-04
  1.450000E+00 -7.484634E-04
  1.451000E+00 -7.853829E-04
  1.452000E+00 -8.175899E-04
  1.453000E+00 -8.445196E-04
  1.454000E+00 -8.656913E-04
  1.455000E+00 -8.807211E-04
  1.456000E+00 -8.893326E-04
  1.457000E+00 -8.913650E-04
  1.458000E+00 -8.867785E-04
  1.459000E+00 -8.756563E-04
  1.460000E+00 -8.582041E-04
  1.461000E+00 -8.347462E-04
  1.462000E+00 -8.057192E-04
  1.463000E+00 -7.716625E-04
  1.464000E+00 -7.332066E-04
  1.465000E+00 -6.910591E-04
  1.466000E+00 -6.459893E-04
  1.467000E+00 -5.988107E-04
  1.468000E+00 -5.503633E-04
  1.469000E+00 -5.014946E-04
  1.470000E+00 -4.530416E-04
  1.471000E+00 -4.058127E-04
  1.472000E+00 -3.605706E-04
  1.473000E+00 -3.180170E-04
  1.474000E+00 -2.787786E-04
  1.475000E+00 -2.433960E-04
  1.476000E+00 -2.123138E-04
  1.477000E+00 -1.858748E-04
  1.478000E+00 -1.643152E-04
  1.479000E+00 -1.477641E-04
  1.480000E+00 -1.362443E-04
  1.481000E+00 -1.296765E-04
  1.482000E+00 -1.278854E-04
  1.483000E+00 -1.306080E-04
  1.484000E+00 -1.375035E-04
  1.485000E+00 -1.481650E-04
  1.486000E+00 -1.621317E-04
  1.487000E+00 -1.789026E-04
  1.488000E+00 -1.979496E-04
  1.489000E+00 -2.187314E-04
  1.490000E+00 -2.407065E-04
  1.491000E+00 -2.633460E-04
  1.492000E+00 -2.861449E-04
  1.493000E+00 -3.086326E-04
  1.494000E+00 -3.303821E-04
  1.495000E+00 -3.510169E-04
  1.496000E+00 -3.702174E-04
  1.497000E+00 -3.877245E-04
  1.498000E+00 -4.033418E-04
  1.499000E+00 -4.169364E-04
  1.500000E+00 -4.284374E-04
  1.501000E+00 -4.378333E-04
  1.502000E+00 -4.451678E-04
  1.503000E+00 -4.505344E-04
  1.504000E+00 -4.540700E-04
  1.505000E+00 -4.559481E-04
  1.506000E+00 -4.563706E-04
  1.507000E+00 -4.555603E-04
  1.508000E+00 -4.537527E-04
  1.509000E+00 -4.511887E-04
  1.510000E+00 -4.481070E-04
  1.511000E+00 -4.447377E-04
  1.512000E+00 -4.412963E-04
  1.513000E+00 -4.379792E-04
  1.514000E+00 -4.349597E-04
  1.515000E+00 -4.323853E-04
  1.516000E+00 -4.303763E-04
  1.517000E+00 -4.290250E-04
  1.518000E+00 -4.283969E-04
  1.519000E+00 -4.285315E-04
  1.520000E+00 -4.294455E-04
  1.521000E+00 -4.311350E-04
  1.522000E+00 -4.335800E-04
  1.523000E+00 -4.367475E-04
  1.524000E+00 -4.405961E-04
  1.525000E+00 -4.450795E-04
  1.526000E+00 -4.501508E-04
  1.527000E+00 -4.557654E-04
  1.528000E+00 -4.618843E-04
  1.529000E+00 -4.684759E-04
  1.530000E+00 -4.755182E-04
  1.531000E+00 -4.829995E-04
  1.532000E+00 -4.909184E-04
  1.533000E+00 -4.992836E-04
  1.534000E+00 -5.081126E-04
  1.535000E+00 -5.174297E-04
  1.536000E+00 -5.272642E-04
  1.537000E+00 -5.376469E-04
  1.538000E+00 -5.486074E-04
  1.539000E+00 -5.601707E-04
  1.540000E+00 -5.723535E-04
  1.541000E+00 -5.851608E-04
  1.542000E+00 -5.985826E-04
  1.543000E+00 -6.125905E-04
  1.544000E+00 -6.271353E-04
  1.545000E+00 -6.421444E-04
  1.546000E+00 -6.575198E-04
  1.547000E+00 -6.731369E-04
  1.548000E+00 -6.888442E-04
  1.549000E+00 -7.044629E-04
  1.550000E+00 -7.197880E-04
  1.551000E+00 -7.345902E-04
  1.552000E+00 -7.486181E-04
  1.553000E+00 -7.616015E-04
  1.554000E+00 -7.732556E-04
  1.555000E+00 -7.832855E-04
  1.556000E+00 -7.913915E-04
  1.557000E+00 -7.972753E-04
  1.558000E+00 -8.006459E-04
  1.559000E+00 -8.012261E-04
  1.560000E+00 -7.987597E-04
  1.561000E+00 -7.930178E-04
  1.562000E+00 -7.838053E-04
  1.563000E+00 -7.709674E-04
  1.564000E+00 -7.543951E-04
  1.565000E+00 -7.340305E-04
  1.566000E+00 -7.098708E-04
  1.567000E+00 -6.819718E-04
  1.568000E+00 -6.504499E-04
  1.569000E+00 -6.154835E-04
  1.570000E+00 -5.773126E-04
  1.571000E+00 -5.362372E-04
  1.572000E+00 -4.926145E-04
  1.573000E+00 -4.468547E-04
  1.574000E+00 -3.994158E-04
  1.575000E+00 -3.507965E-04
  1.576000E+00 -3.015295E-04
  1.577000E+00 -2.521724E-04
  1.578000E+00 -2.032986E-04
  1.579000E+00 -1.554882E-04
  1.580000E+00 -1.093175E-04
  1.581000E+00 -6.534941E-05
  1.582000E+00 -2.412311E-05
  1.583000E+00  1.385542E-05
  1.584000E+00  4.812265E-05
  1.585000E+00  7.826594E-05
  1.586000E+00  1.039312E-04
  1.587000E+00  1.248295E-04
  1.588000E+00  1.407424E-04
  1.589000E+00  1.515259E-04
  1.590000E+00  1.571135E-04
  1.591000E+00  1.575169E-04
  1.592000E+00  1.528259E-04
  1.593000E+00  1.432064E-04
  1.594000E+00  1.288969E-04
  1.595000E+00  1.102037E-04
  1.596000E+00  8.749440E-05
  1.597000E+00  6.119055E-05
  1.598000E+00  3.175867E-05
  1.599000E+00 -2.991617E-07
  1.600000E+00 -3.445566E-05
  1.601000E+00 -7.016902E-05
  1.602000E+00 -1.068938E-04
  1.603000E+00 -1.440918E-04
  1.604000E+00 -1.812424E-04
  1.605000E+00 -2.178529E-04
  1.606000E+00 -2.534673E-04
  1.607000E+00 -2.876749E-04
  1.608000E+00 -3.201174E-04
  1.609000E+00 -3.504948E-04
  1.610000E+00 -3.785700E-04
  1.611000E+00 -4.041715E-04
  1.612000E+00 -4.271952E-04
  1.613000E+00 -4.476042E-04
  1.614000E+00 -4.654268E-04
  1.615000E+00 -4.807531E-04
  1.616000E+00 -4.937305E-04
  1.617000E+00 -5.045570E-04
  1.618000E+00 -5.134740E-04
  1.619000E+00 -5.207574E-04
  1.620000E+00 -5.267083E-04
  1.621000E+00 -5.316427E-04
  1.622000E+00 -5.358812E-04
  1.623000E+00 -5.397378E-04
  1.624000E+00 -5.435099E-04
  1.625000E+00 -5.474679E-04
  1.626000E+00 -5.518460E-04
  1.627000E+00 -5.568337E-04
  1.628000E+00 -5.625692E-04
  1.629000E+00 -5.691331E-04
  1.630000E+00 -5.765450E-04
  1.631000E+00 -5.847610E-04
  1.632000E+00 -5.936736E-04
  1.633000E+00 -6.031126E-04
  1.634000E+00 -6.128492E-04
  1.635000E+00 -6.226005E-04
  1.636000E+00 -6.320367E-04
  1.637000E+00 -6.407889E-04
  1.638000E+00 -6.484592E-04
  1.639000E+00 -6.546306E-04
  1.640000E+00 -6.588789E-04
  1.641000E+00 -6.607842E-04
  1.642000E+00 -6.599434E-04
  1.643000E+00 -6.559819E-04
  1.644000E+00 -6.485654E-04
  1.645000E+00 -6.374108E-04
  1.646000E+00 -6.222963E-04
  1.647000E+00 -6.030700E-04
  1.648000E+00 -5.796568E-04
  1.649000E+00 -5.520643E-04
  1.650000E+00 -5.203853E-04
  1.651000E+00 -4.848003E-04
  1.652000E+00 -4.455757E-04
  1.653000E+00 -4.030615E-04
  1.654000E+00 -3.576864E-04
  1.655000E+00 -3.099507E-04
  1.656000E+00 -2.604177E-04
  1.657000E+00 -2.097035E-04
  1.658000E+00 -1.584647E-04
  1.659000E+00 -1.073861E-04
  1.660000E+00 -5.716629E-05
  1.661000E+00 -8.503098E-06
  1.662000E+00  3.792103E-05
  1.663000E+00  8.145401E-05
  1.664000E+00  1.214885E-04
  1.665000E+00  1.574757E-04
  1.666000E+00  1.889378E-04
  1.667000E+00  2.154796E-04
  1.668000E+00  2.367979E-04
  1.669000E+00  2.526894E-04
  1.670000E+00  2.630561E-04
  1.671000E+00  2.679090E-04
  1.672000E+00  2.673685E-04
  1.673000E+00  2.616632E-04
  1.674000E+00  2.511253E-04
  1.675000E+00  2.361844E-04
  1.676000E+00  2.173582E-04
  1.677000E+00  1.952413E-04
  1.678000E+00  1.704920E-04
  1.679000E+00  1.438178E-04
  1.680000E+00  1.159592E-04
  1.681000E+00  8.767297E-05
  1.682000E+00  5.971480E-05
  1.683000E+00  3.282218E-05
  1.684000E+00  7.697663E-06
  1.685000E+00 -1.500678E-05
  1.686000E+00 -3.470414E-05
  1.687000E+00 -5.088489E-05
  1.688000E+00 -6.312741E-05
  1.689000E+00 -7.110596E-05
  1.690000E+00 -7.459618E-05
  1.691000E+00 -7.347789E-05
  1.692000E+00 -6.773513E-05
  1.693000E+00 -5.745380E-05
  1.694000E+00 -4.281663E-05
  1.695000E+00 -2.409616E-05
  1.696000E+00 -1.645603E-06
  1.697000E+00  2.411179E-05
  1.698000E+00  5.269462E-05
  1.699000E+00  8.357619E-05
  1.700000E+00  1.161978E-04
  1.701000E+00  1.499822E-04
  1.702000E+00  1.843469E-04
  1.703000E+00  2.187171E-04
  1.704000E+00  2.525379E-04
  1.705000E+00  2.852851E-04
  1.706000E+00  3.164755E-04
  1.707000E+00  3.456752E-04
  1.708000E+00  3.725069E-04
  1.709000E+00  3.966553E-04
  1.710000E+00  4.178713E-04
  1.711000E+00  4.359736E-04
  1.712000E+00  4.508502E-04
  1.713000E+00  4.624570E-04
  1.714000E+00  4.708157E-04
  1.715000E+00  4.760102E-04
  1.716000E+00  4.781816E-04
  1.717000E+00  4.775227E-04
  1.718000E+00  4.742711E-04
  1.719000E+00  4.687018E-04
  1.720000E+00  4.611196E-04
  1.721000E+00  4.518509E-04
  1.722000E+00  4.412357E-04
  1.723000E+00  4.296194E-04
  1.724000E+00  4.173449E-04
  1.725000E+00  4.047456E-04
  1.726000E+00  3.921375E-04
  1.727000E+00  3.798138E-04
  1.728000E+00  3.680383E-04
  1.729000E+00  3.570412E-04
  1.730000E+00  3.470142E-04
  1.731000E+00  3.381076E-04
  1.732000E+00  3.304282E-04
  1.733000E+00  3.240377E-04
  1.734000E+00  3.189526E-04
  1.735000E+00  3.151448E-04
  1.736000E+00  3.125437E-04
  1.737000E+00  3.110387E-04
  1.738000E+00  3.104828E-04
  1.739000E+00  3.106975E-04
  1.740000E+00  3.114775E-04
  1.741000E+00  3.125969E-04
  1.742000E+00  3.138157E-04
  1.743000E+00  3.148861E-04
  1.744000E+00  3.155600E-04
  1.745000E+00  3.155960E-04
  1.746000E+00  3.147664E-04
  1.747000E+00  3.128640E-04
  1.748000E+00  3.097089E-04
  1.749000E+00  3.051543E-04
  1.750000E+00  2.990918E-04
  1.751000E+00  2.914562E-04
  1.752000E+00  2.822290E-04
  1.753000E+00  2.714414E-04
  1.754000E+00  2.591757E-04
  1.755000E+00  2.455661E-04
  1.756000E+00  2.307981E-04
  1.757000E+00  2.151064E-04
  1.758000E+00  1.987725E-04
  1.759000E+00  1.821199E-04
  1.760000E+00  1.655095E-04
  1.761000E+00  1.493324E-04
  1.762000E+00  1.340032E-04
  1.763000E+00  1.199514E-04
  1.764000E+00  1.076127E-04
  1.765000E+00  9.741881E-05
  1.766000E+00  8.978837E-05
  1.767000E+00  8.511619E-05
  1.768000E+00  8.376346E-05
  1.769000E+00  8.604785E-05
  1.770000E+00  9.223421E-05
  1.771000E+00  1.025259E-04
  1.772000E+00  1.170574E-04
  1.773000E+00  1.358873E-04
  1.774000E+00  1.589937E-04
  1.775000E+00  1.862703E-04
  1.776000E+00  2.175245E-04
  1.777000E+00  2.524771E-04
  1.778000E+00  2.907640E-04
  1.779000E+00  3.319395E-04
  1.780000E+00  3.754813E-04
  1.781000E+00  4.207976E-04
  1.782000E+00  4.672357E-04
  1.783000E+00  5.140919E-04
  1.784000E+00  5.606227E-04
  1.785000E+00  6.060578E-04
  1.786000E+00  6.496134E-04
  1.787000E+00  6.905060E-04
  1.788000E+00  7.279676E-04
  1.789000E+00  7.612602E-04
  1.790000E+00  7.896903E-04
  1.791000E+00  8.126236E-04
  1.792000E+00  8.294985E-04
  1.793000E+00  8.398387E-04
  1.794000E+00  8.432650E-04
  1.795000E+00  8.395048E-04
  1.796000E+00  8.284010E-04
  1.797000E+00  8.099176E-04
  1.798000E+00  7.841445E-04
  1.799000E+00  7.512985E-04
  1.800000E+00  7.117230E-04
  1.801000E+00  6.658847E-04
  1.802000E+00  6.143677E-04
  1.803000E+00  5.578650E-04
  1.804000E+00  4.971681E-04
  1.805000E+00  4.331543E-04
  1.806000E+00  3.667714E-04
  1.807000E+00  2.990215E-04
  1.808000E+00  2.309430E-04
  1.809000E+00  1.635920E-04
  1.810000E+00  9.802265E-05
  1.811000E+00  3.526803E-05
  1.812000E+00 -2.367949E-05
  1.813000E+00 -7.788656E-05
  1.814000E+00 -1.264963E-04
  1.815000E+00 -1.687444E-04
  1.816000E+00 -2.039731E-04
  1.817000E+00 -2.316435E-04
  1.818000E+00 -2.513454E-04
  1.819000E+00 -2.628045E-04
  1.820000E+00 -2.658870E-04
  1.821000E+00 -2.606019E-04
  1.822000E+00 -2.470998E-04
  1.823000E+00 -2.256700E-04
  1.824000E+00 -1.967342E-04
  1.825000E+00 -1.608385E-04
  1.826000E+00 -1.186426E-04
  1.827000E+00 -7.090748E-05
  1.828000E+00 -1.848113E-05
  1.829000E+00  3.771709E-05
  1.830000E+00  9.671339E-05
  1.831000E+00  1.574975E-04
  1.832000E+00  2.190409E-04
  1.833000E+00  2.803160E-04
  1.834000E+00  3.403146E-04
  1.835000E+00  3.980666E-04
  1.836000E+00  4.526574E-04
  1.837000E+00  5.032449E-04
  1.838000E+00  5.490742E-04
  1.839000E+00  5.894919E-04
  1.840000E+00  6.239565E-04
  1.841000E+00  6.520484E-04
  1.842000E+00  6.734755E-04
  1.843000E+00  6.880777E-04
  1.844000E+00  6.958274E-04
  1.845000E+00  6.968276E-04
  1.846000E+00  6.913071E-04
  1.847000E+00  6.796131E-04
  1.848000E+00  6.622010E-04
  1.849000E+00  6.396222E-04
  1.850000E+00  6.125095E-04
  1.851000E+00  5.815617E-04
  1.852000E+00  5.475261E-04
  1.853000E+00  5.111808E-04
  1.854000E+00  4.733165E-04
  1.855000E+00  4.347184E-04
  1.856000E+00  3.961493E-04
  1.857000E+00  3.583326E-04
  1.858000E+00  3.219379E-04
  1.859000E+00  2.875677E-04
  1.860000E+00  2.557460E-04
  1.861000E+00  2.269099E-04
  1.862000E+00  2.014029E-04
  1.863000E+00  1.794708E-04
  1.864000E+00  1.612605E-04
  1.865000E+00  1.468204E-04
  1.866000E+00  1.361042E-04
  1.867000E+00  1.289756E-04
  1.868000E+00  1.252163E-04
  1.869000E+00  1.245346E-04
  1.870000E+00  1.265764E-04
  1.871000E+00  1.309365E-04
  1.872000E+00  1.371719E-04
  1.873000E+00  1.448145E-04
  1.874000E+00  1.533847E-04
  1.875000E+00  1.624052E-04
  1.876000E+00  1.714130E-04
  1.877000E+00  1.799723E-04
  1.878000E+00  1.876850E-04
  1.879000E+00  1.942006E-04
  1.880000E+00  1.992237E-04
  1.881000E+00  2.025206E-04
  1.882000E+00  2.039235E-04
  1.883000E+00  2.033322E-04
  1.884000E+00  2.007143E-04
  1.885000E+00  1.961034E-04
  1.886000E+00  1.895948E-04
  1.887000E+00  1.813399E-04
  1.888000E+00  1.715386E-04
  1.889000E+00  1.604310E-04
  1.890000E+00  1.482876E-04
  1.891000E+00  1.353994E-04
  1.892000E+00  1.220668E-04
  1.893000E+00  1.085903E-04
  1.894000E+00  9.525966E-05
  1.895000E+00  8.234580E-05
  1.896000E+00  7.009240E-05
  1.897000E+00  5.870954E-05
  1.898000E+00  4.836874E-05
  1.899000E+00  3.919959E-05
  1.900000E+00  3.128819E-05
  1.901000E+00  2.467719E-05
  1.902000E+00  1.936757E-05
  1.903000E+00  1.532190E-05
  1.904000E+00  1.246896E-05
  1.905000E+00  1.070956E-05
  1.906000E+00  9.923339E-06
  1.907000E+00  9.976226E-06
  1.908000E+00  1.072830E-05
  1.909000E+00  1.204179E-05
  1.910000E+00  1.378899E-05
  1.911000E+00  1.585959E-05
  1.912000E+00  1.816746E-05
  1.913000E+00  2.065634E-05
  1.914000E+00  2.330433E-05
  1.915000E+00  2.612702E-05
  1.916000E+00  2.917891E-05
  1.917000E+00  3.255320E-05
  1.918000E+00  3.637974E-05
  1.919000E+00  4.082125E-05
  1.920000E+00  4.606781E-05
  1.921000E+00  5.232978E-05
  1.922000E+00  5.982932E-05
  1.923000E+00  6.879080E-05
  1.924000E+00  7.943029E-05
  1.925000E+00  9.194470E-05
  1.926000E+00  1.065007E-04
  1.927000E+00  1.232238E-04
  1.928000E+00  1.421885E-04
  1.929000E+00  1.634090E-04
  1.930000E+00  1.868317E-04
  1.931000E+00  2.123292E-04
  1.932000E+00  2.396964E-04
  1.933000E+00  2.686488E-04
  1.934000E+00  2.988231E-04
  1.935000E+00  3.297803E-04
  1.936000E+00  3.610109E-04
  1.937000E+00  3.919432E-04
  1.938000E+00  4.219527E-04
  1.939000E+00  4.503753E-04
  1.940000E+00  4.765205E-04
  1.941000E+00  4.996873E-04
  1.942000E+00  5.191814E-04
  1.943000E+00  5.343321E-04
  1.944000E+00  5.445108E-04
  1.945000E+00  5.491483E-04
  1.946000E+00  5.477519E-04
  1.947000E+00  5.399211E-04
  1.948000E+00  5.253618E-04
  1.949000E+00  5.038984E-04
  1.950000E+00  4.754826E-04
  1.951000E+00  4.402005E-04
  1.952000E+00  3.982754E-04
  1.953000E+00  3.500678E-04
  1.954000E+00  2.960719E-04
  1.955000E+00  2.369085E-04
  1.956000E+00  1.733143E-04
  1.957000E+00  1.061291E-04
  1.958000E+00  3.627857E-05
  1.959000E+00 -3.524383E-05
  1.960000E+00 -1.073981E-04
  1.961000E+00 -1.791200E-04
  1.962000E+00 -2.493439E-04
  1.963000E+00 -3.170270E-04
  1.964000E+00 -3.811726E-04
  1.965000E+00 -4.408523E-04
  1.966000E+00 -4.952280E-04
  1.967000E+00 -5.435703E-04
  1.968000E+00 -5.852763E-04
  1.969000E+00 -6.198826E-04
  1.970000E+00 -6.470766E-04
  1.971000E+00 -6.667030E-04
  1.972000E+00 -6.787673E-04
  1.973000E+00 -6.834352E-04
  1.974000E+00 -6.810278E-04
  1.975000E+00 -6.720132E-04
  1.976000E+00 -6.569946E-04
  1.977000E+00 -6.366949E-04
  1.978000E+00 -6.119387E-04
  1.979000E+00 -5.836310E-04
  1.980000E+00 -5.527353E-04
  1.981000E+00 -5.202490E-04
  1.982000E+00 -4.871789E-04
  1.983000E+00 -4.545165E-04
  1.984000E+00 -4.232137E-04
  1.985000E+00 -3.941598E-04
  1.986000E+00 -3.681606E-04
  1.987000E+00 -3.459198E-04
  1.988000E+00 -3.280231E-04
  1.989000E+00 -3.149260E-04
  1.990000E+00 -3.069446E-04
  1.991000E+00 -3.042506E-04
  1.992000E+00 -3.068699E-04
  1.993000E+00 -3.146856E-04
  1.994000E+00 -3.274433E-04
  1.995000E+00 -3.447615E-04
  1.996000E+00 -3.661440E-04
  1.997000E+00 -3.909958E-04
  1.998000E+00 -4.186403E-04
  1.999000E+00 -4.483393E-04
  2.000000E+00  3.538300E-02
