; material = LLZO                                                       
La            2000  1.90665288E+01          580.000000
  0.000000E+00  1.000000E+00
  1.000000E-03  9.991837E-01
  2.000000E-03  9.967413E-01
  3.000000E-03  9.926927E-01
  4.000000E-03  9.870704E-01
  5.000000E-03  9.799188E-01
  6.000000E-03  9.712934E-01
  7.000000E-03  9.612597E-01
  8.000000E-03  9.498917E-01
  9.000000E-03  9.372703E-01
  1.000000E-02  9.234820E-01
  1.100000E-02  9.086170E-01
  1.200000E-02  8.927674E-01
  1.300000E-02  8.760259E-01
  1.400000E-02  8.584840E-01
  1.500000E-02  8.402303E-01
  1.600000E-02  8.213498E-01
  1.700000E-02  8.019218E-01
  1.800000E-02  7.820197E-01
  1.900000E-02  7.617100E-01
  2.000000E-02  7.410515E-01
  2.100000E-02  7.200953E-01
  2.200000E-02  6.988845E-01
  2.300000E-02  6.774544E-01
  2.400000E-02  6.558326E-01
  2.500000E-02  6.340401E-01
  2.600000E-02  6.120913E-01
  2.700000E-02  5.899951E-01
  2.800000E-02  5.677558E-01
  2.900000E-02  5.453742E-01
  3.000000E-02  5.228486E-01
  3.100000E-02  5.001757E-01
  3.200000E-02  4.773519E-01
  3.300000E-02  4.543742E-01
  3.400000E-02  4.312413E-01
  3.500000E-02  4.079542E-01
  3.600000E-02  3.845172E-01
  3.700000E-02  3.609382E-01
  3.800000E-02  3.372295E-01
  3.900000E-02  3.134080E-01
  4.000000E-02  2.894952E-01
  4.100000E-02  2.655173E-01
  4.200000E-02  2.415050E-01
  4.300000E-02  2.174932E-01
  4.400000E-02  1.935204E-01
  4.500000E-02  1.696284E-01
  4.600000E-02  1.458613E-01
  4.700000E-02  1.222652E-01
  4.800000E-02  9.888681E-02
  4.900000E-02  7.577309E-02
  5.000000E-02  5.297017E-02
  5.100000E-02  3.052262E-02
  5.200000E-02  8.472656E-03
  5.300000E-02 -1.314060E-02
  5.400000E-02 -3.428172E-02
  5.500000E-02 -5.491953E-02
  5.600000E-02 -7.502753E-02
  5.700000E-02 -9.458416E-02
  5.800000E-02 -1.135730E-01
  5.900000E-02 -1.319830E-01
  6.000000E-02 -1.498079E-01
  6.100000E-02 -1.670465E-01
  6.200000E-02 -1.837024E-01
  6.300000E-02 -1.997830E-01
  6.400000E-02 -2.152997E-01
  6.500000E-02 -2.302668E-01
  6.600000E-02 -2.447012E-01
  6.700000E-02 -2.586214E-01
  6.800000E-02 -2.720473E-01
  6.900000E-02 -2.849991E-01
  7.000000E-02 -2.974969E-01
  7.100000E-02 -3.095598E-01
  7.200000E-02 -3.212057E-01
  7.300000E-02 -3.324506E-01
  7.400000E-02 -3.433083E-01
  7.500000E-02 -3.537901E-01
  7.600000E-02 -3.639044E-01
  7.700000E-02 -3.736568E-01
  7.800000E-02 -3.830497E-01
  7.900000E-02 -3.920832E-01
  8.000000E-02 -4.007542E-01
  8.100000E-02 -4.090574E-01
  8.200000E-02 -4.169854E-01
  8.300000E-02 -4.245290E-01
  8.400000E-02 -4.316776E-01
  8.500000E-02 -4.384199E-01
  8.600000E-02 -4.447440E-01
  8.700000E-02 -4.506382E-01
  8.800000E-02 -4.560912E-01
  8.900000E-02 -4.610928E-01
  9.000000E-02 -4.656340E-01
  9.100000E-02 -4.697076E-01
  9.200000E-02 -4.733084E-01
  9.300000E-02 -4.764333E-01
  9.400000E-02 -4.790816E-01
  9.500000E-02 -4.812551E-01
  9.600000E-02 -4.829581E-01
  9.700000E-02 -4.841972E-01
  9.800000E-02 -4.849813E-01
  9.900000E-02 -4.853216E-01
  1.000000E-01 -4.852310E-01
  1.010000E-01 -4.847240E-01
  1.020000E-01 -4.838165E-01
  1.030000E-01 -4.825252E-01
  1.040000E-01 -4.808677E-01
  1.050000E-01 -4.788617E-01
  1.060000E-01 -4.765247E-01
  1.070000E-01 -4.738741E-01
  1.080000E-01 -4.709265E-01
  1.090000E-01 -4.676975E-01
  1.100000E-01 -4.642016E-01
  1.110000E-01 -4.604522E-01
  1.120000E-01 -4.564610E-01
  1.130000E-01 -4.522383E-01
  1.140000E-01 -4.477931E-01
  1.150000E-01 -4.431326E-01
  1.160000E-01 -4.382631E-01
  1.170000E-01 -4.331891E-01
  1.180000E-01 -4.279145E-01
  1.190000E-01 -4.224421E-01
  1.200000E-01 -4.167740E-01
  1.210000E-01 -4.109121E-01
  1.220000E-01 -4.048579E-01
  1.230000E-01 -3.986131E-01
  1.240000E-01 -3.921795E-01
  1.250000E-01 -3.855595E-01
  1.260000E-01 -3.787563E-01
  1.270000E-01 -3.717738E-01
  1.280000E-01 -3.646168E-01
  1.290000E-01 -3.572916E-01
  1.300000E-01 -3.498050E-01
  1.310000E-01 -3.421656E-01
  1.320000E-01 -3.343826E-01
  1.330000E-01 -3.264667E-01
  1.340000E-01 -3.184292E-01
  1.350000E-01 -3.102826E-01
  1.360000E-01 -3.020400E-01
  1.370000E-01 -2.937150E-01
  1.380000E-01 -2.853217E-01
  1.390000E-01 -2.768741E-01
  1.400000E-01 -2.683866E-01
  1.410000E-01 -2.598731E-01
  1.420000E-01 -2.513471E-01
  1.430000E-01 -2.428218E-01
  1.440000E-01 -2.343094E-01
  1.450000E-01 -2.258214E-01
  1.460000E-01 -2.173684E-01
  1.470000E-01 -2.089600E-01
  1.480000E-01 -2.006046E-01
  1.490000E-01 -1.923095E-01
  1.500000E-01 -1.840812E-01
  1.510000E-01 -1.759250E-01
  1.520000E-01 -1.678452E-01
  1.530000E-01 -1.598452E-01
  1.540000E-01 -1.519279E-01
  1.550000E-01 -1.440952E-01
  1.560000E-01 -1.363486E-01
  1.570000E-01 -1.286895E-01
  1.580000E-01 -1.211185E-01
  1.590000E-01 -1.136367E-01
  1.600000E-01 -1.062447E-01
  1.610000E-01 -9.894353E-02
  1.620000E-01 -9.173443E-02
  1.630000E-01 -8.461889E-02
  1.640000E-01 -7.759886E-02
  1.650000E-01 -7.067671E-02
  1.660000E-01 -6.385530E-02
  1.670000E-01 -5.713797E-02
  1.680000E-01 -5.052853E-02
  1.690000E-01 -4.403124E-02
  1.700000E-01 -3.765075E-02
  1.710000E-01 -3.139203E-02
  1.720000E-01 -2.526030E-02
  1.730000E-01 -1.926097E-02
  1.740000E-01 -1.339951E-02
  1.750000E-01 -7.681352E-03
  1.760000E-01 -2.111827E-03
  1.770000E-01  3.303956E-03
  1.780000E-01  8.561192E-03
  1.790000E-01  1.365547E-02
  1.800000E-01  1.858282E-02
  1.810000E-01  2.333982E-02
  1.820000E-01  2.792360E-02
  1.830000E-01  3.233190E-02
  1.840000E-01  3.656309E-02
  1.850000E-01  4.061617E-02
  1.860000E-01  4.449077E-02
  1.870000E-01  4.818715E-02
  1.880000E-01  5.170612E-02
  1.890000E-01  5.504906E-02
  1.900000E-01  5.821783E-02
  1.910000E-01  6.121473E-02
  1.920000E-01  6.404246E-02
  1.930000E-01  6.670403E-02
  1.940000E-01  6.920271E-02
  1.950000E-01  7.154198E-02
  1.960000E-01  7.372543E-02
  1.970000E-01  7.575676E-02
  1.980000E-01  7.763970E-02
  1.990000E-01  7.937796E-02
  2.000000E-01  8.097520E-02
  2.010000E-01  8.243499E-02
  2.020000E-01  8.376080E-02
  2.030000E-01  8.495597E-02
  2.040000E-01  8.602370E-02
  2.050000E-01  8.696702E-02
  2.060000E-01  8.778885E-02
  2.070000E-01  8.849194E-02
  2.080000E-01  8.907891E-02
  2.090000E-01  8.955226E-02
  2.100000E-01  8.991436E-02
  2.110000E-01  9.016750E-02
  2.120000E-01  9.031389E-02
  2.130000E-01  9.035567E-02
  2.140000E-01  9.029493E-02
  2.150000E-01  9.013373E-02
  2.160000E-01  8.987413E-02
  2.170000E-01  8.951817E-02
  2.180000E-01  8.906791E-02
  2.190000E-01  8.852546E-02
  2.200000E-01  8.789294E-02
  2.210000E-01  8.717256E-02
  2.220000E-01  8.636657E-02
  2.230000E-01  8.547732E-02
  2.240000E-01  8.450726E-02
  2.250000E-01  8.345893E-02
  2.260000E-01  8.233499E-02
  2.270000E-01  8.113826E-02
  2.280000E-01  7.987169E-02
  2.290000E-01  7.853838E-02
  2.300000E-01  7.714162E-02
  2.310000E-01  7.568486E-02
  2.320000E-01  7.417175E-02
  2.330000E-01  7.260613E-02
  2.340000E-01  7.099204E-02
  2.350000E-01  6.933371E-02
  2.360000E-01  6.763556E-02
  2.370000E-01  6.590217E-02
  2.380000E-01  6.413833E-02
  2.390000E-01  6.234892E-02
  2.400000E-01  6.053897E-02
  2.410000E-01  5.871359E-02
  2.420000E-01  5.687796E-02
  2.430000E-01  5.503723E-02
  2.440000E-01  5.319656E-02
  2.450000E-01  5.136102E-02
  2.460000E-01  4.953555E-02
  2.470000E-01  4.772491E-02
  2.480000E-01  4.593365E-02
  2.490000E-01  4.416604E-02
  2.500000E-01  4.242602E-02
  2.510000E-01  4.071719E-02
  2.520000E-01  3.904276E-02
  2.530000E-01  3.740550E-02
  2.540000E-01  3.580775E-02
  2.550000E-01  3.425142E-02
  2.560000E-01  3.273792E-02
  2.570000E-01  3.126825E-02
  2.580000E-01  2.984297E-02
  2.590000E-01  2.846225E-02
  2.600000E-01  2.712587E-02
  2.610000E-01  2.583331E-02
  2.620000E-01  2.458379E-02
  2.630000E-01  2.337629E-02
  2.640000E-01  2.220969E-02
  2.650000E-01  2.108277E-02
  2.660000E-01  1.999428E-02
  2.670000E-01  1.894307E-02
  2.680000E-01  1.792808E-02
  2.690000E-01  1.694843E-02
  2.700000E-01  1.600349E-02
  2.710000E-01  1.509288E-02
  2.720000E-01  1.421655E-02
  2.730000E-01  1.337478E-02
  2.740000E-01  1.256818E-02
  2.750000E-01  1.179770E-02
  2.760000E-01  1.106464E-02
  2.770000E-01  1.037056E-02
  2.780000E-01  9.717300E-03
  2.790000E-01  9.106906E-03
  2.800000E-01  8.541558E-03
  2.810000E-01  8.023516E-03
  2.820000E-01  7.555037E-03
  2.830000E-01  7.138297E-03
  2.840000E-01  6.775306E-03
  2.850000E-01  6.467831E-03
  2.860000E-01  6.217311E-03
  2.870000E-01  6.024789E-03
  2.880000E-01  5.890844E-03
  2.890000E-01  5.815536E-03
  2.900000E-01  5.798361E-03
  2.910000E-01  5.838223E-03
  2.920000E-01  5.933415E-03
  2.930000E-01  6.081618E-03
  2.940000E-01  6.279919E-03
  2.950000E-01  6.524839E-03
  2.960000E-01  6.812380E-03
  2.970000E-01  7.138080E-03
  2.980000E-01  7.497094E-03
  2.990000E-01  7.884266E-03
  3.000000E-01  8.294231E-03
  3.010000E-01  8.721506E-03
  3.020000E-01  9.160592E-03
  3.030000E-01  9.606082E-03
  3.040000E-01  1.005276E-02
  3.050000E-01  1.049568E-02
  3.060000E-01  1.093029E-02
  3.070000E-01  1.135248E-02
  3.080000E-01  1.175867E-02
  3.090000E-01  1.214584E-02
  3.100000E-01  1.251159E-02
  3.110000E-01  1.285416E-02
  3.120000E-01  1.317242E-02
  3.130000E-01  1.346587E-02
  3.140000E-01  1.373462E-02
  3.150000E-01  1.397932E-02
  3.160000E-01  1.420112E-02
  3.170000E-01  1.440160E-02
  3.180000E-01  1.458268E-02
  3.190000E-01  1.474655E-02
  3.200000E-01  1.489553E-02
  3.210000E-01  1.503201E-02
  3.220000E-01  1.515836E-02
  3.230000E-01  1.527679E-02
  3.240000E-01  1.538929E-02
  3.250000E-01  1.549758E-02
  3.260000E-01  1.560295E-02
  3.270000E-01  1.570630E-02
  3.280000E-01  1.580805E-02
  3.290000E-01  1.590809E-02
  3.300000E-01  1.600583E-02
  3.310000E-01  1.610014E-02
  3.320000E-01  1.618942E-02
  3.330000E-01  1.627163E-02
  3.340000E-01  1.634430E-02
  3.350000E-01  1.640464E-02
  3.360000E-01  1.644963E-02
  3.370000E-01  1.647603E-02
  3.380000E-01  1.648055E-02
  3.390000E-01  1.645990E-02
  3.400000E-01  1.641091E-02
  3.410000E-01  1.633058E-02
  3.420000E-01  1.621624E-02
  3.430000E-01  1.606555E-02
  3.440000E-01  1.587663E-02
  3.450000E-01  1.564809E-02
  3.460000E-01  1.537911E-02
  3.470000E-01  1.506941E-02
  3.480000E-01  1.471932E-02
  3.490000E-01  1.432975E-02
  3.500000E-01  1.390221E-02
  3.510000E-01  1.343872E-02
  3.520000E-01  1.294180E-02
  3.530000E-01  1.241442E-02
  3.540000E-01  1.185991E-02
  3.550000E-01  1.128187E-02
  3.560000E-01  1.068412E-02
  3.570000E-01  1.007057E-02
  3.580000E-01  9.445147E-03
  3.590000E-01  8.811715E-03
  3.600000E-01  8.173958E-03
  3.610000E-01  7.535320E-03
  3.620000E-01  6.898923E-03
  3.630000E-01  6.267509E-03
  3.640000E-01  5.643382E-03
  3.650000E-01  5.028377E-03
  3.660000E-01  4.423834E-03
  3.670000E-01  3.830588E-03
  3.680000E-01  3.248978E-03
  3.690000E-01  2.678865E-03
  3.700000E-01  2.119668E-03
  3.710000E-01  1.570411E-03
  3.720000E-01  1.029779E-03
  3.730000E-01  4.961849E-04
  3.740000E-01 -3.215426E-05
  3.750000E-01 -5.571417E-04
  3.760000E-01 -1.080719E-03
  3.770000E-01 -1.604784E-03
  3.780000E-01 -2.131117E-03
  3.790000E-01 -2.661299E-03
  3.800000E-01 -3.196655E-03
  3.810000E-01 -3.738185E-03
  3.820000E-01 -4.286527E-03
  3.830000E-01 -4.841912E-03
  3.840000E-01 -5.404145E-03
  3.850000E-01 -5.972591E-03
  3.860000E-01 -6.546182E-03
  3.870000E-01 -7.123428E-03
  3.880000E-01 -7.702447E-03
  3.890000E-01 -8.281002E-03
  3.900000E-01 -8.856554E-03
  3.910000E-01 -9.426315E-03
  3.920000E-01 -9.987318E-03
  3.930000E-01 -1.053648E-02
  3.940000E-01 -1.107068E-02
  3.950000E-01 -1.158682E-02
  3.960000E-01 -1.208192E-02
  3.970000E-01 -1.255315E-02
  3.980000E-01 -1.299792E-02
  3.990000E-01 -1.341394E-02
  4.000000E-01 -1.379924E-02
  4.010000E-01 -1.415220E-02
  4.020000E-01 -1.447163E-02
  4.030000E-01 -1.475673E-02
  4.040000E-01 -1.500712E-02
  4.050000E-01 -1.522282E-02
  4.060000E-01 -1.540424E-02
  4.070000E-01 -1.555214E-02
  4.080000E-01 -1.566761E-02
  4.090000E-01 -1.575202E-02
  4.100000E-01 -1.580696E-02
  4.110000E-01 -1.583418E-02
  4.120000E-01 -1.583555E-02
  4.130000E-01 -1.581300E-02
  4.140000E-01 -1.576842E-02
  4.150000E-01 -1.570368E-02
  4.160000E-01 -1.562049E-02
  4.170000E-01 -1.552044E-02
  4.180000E-01 -1.540490E-02
  4.190000E-01 -1.527499E-02
  4.200000E-01 -1.513161E-02
  4.210000E-01 -1.497536E-02
  4.220000E-01 -1.480657E-02
  4.230000E-01 -1.462532E-02
  4.240000E-01 -1.443143E-02
  4.250000E-01 -1.422446E-02
  4.260000E-01 -1.400381E-02
  4.270000E-01 -1.376867E-02
  4.280000E-01 -1.351814E-02
  4.290000E-01 -1.325122E-02
  4.300000E-01 -1.296689E-02
  4.310000E-01 -1.266413E-02
  4.320000E-01 -1.234199E-02
  4.330000E-01 -1.199964E-02
  4.340000E-01 -1.163639E-02
  4.350000E-01 -1.125176E-02
  4.360000E-01 -1.084545E-02
  4.370000E-01 -1.041746E-02
  4.380000E-01 -9.968014E-03
  4.390000E-01 -9.497639E-03
  4.400000E-01 -9.007130E-03
  4.410000E-01 -8.497558E-03
  4.420000E-01 -7.970257E-03
  4.430000E-01 -7.426804E-03
  4.440000E-01 -6.868990E-03
  4.450000E-01 -6.298794E-03
  4.460000E-01 -5.718341E-03
  4.470000E-01 -5.129865E-03
  4.480000E-01 -4.535671E-03
  4.490000E-01 -3.938083E-03
  4.500000E-01 -3.339414E-03
  4.510000E-01 -2.741913E-03
  4.520000E-01 -2.147735E-03
  4.530000E-01 -1.558904E-03
  4.540000E-01 -9.772786E-04
  4.550000E-01 -4.045347E-04
  4.560000E-01  1.578594E-04
  4.570000E-01  7.086540E-04
  4.580000E-01  1.246824E-03
  4.590000E-01  1.771569E-03
  4.600000E-01  2.282309E-03
  4.610000E-01  2.778669E-03
  4.620000E-01  3.260463E-03
  4.630000E-01  3.727674E-03
  4.640000E-01  4.180425E-03
  4.650000E-01  4.618952E-03
  4.660000E-01  5.043572E-03
  4.670000E-01  5.454653E-03
  4.680000E-01  5.852580E-03
  4.690000E-01  6.237725E-03
  4.700000E-01  6.610420E-03
  4.710000E-01  6.970928E-03
  4.720000E-01  7.319422E-03
  4.730000E-01  7.655965E-03
  4.740000E-01  7.980499E-03
  4.750000E-01  8.292834E-03
  4.760000E-01  8.592645E-03
  4.770000E-01  8.879471E-03
  4.780000E-01  9.152725E-03
  4.790000E-01  9.411702E-03
  4.800000E-01  9.655596E-03
  4.810000E-01  9.883516E-03
  4.820000E-01  1.009451E-02
  4.830000E-01  1.028760E-02
  4.840000E-01  1.046178E-02
  4.850000E-01  1.061607E-02
  4.860000E-01  1.074954E-02
  4.870000E-01  1.086131E-02
  4.880000E-01  1.095061E-02
  4.890000E-01  1.101678E-02
  4.900000E-01  1.105930E-02
  4.910000E-01  1.107779E-02
  4.920000E-01  1.107203E-02
  4.930000E-01  1.104198E-02
  4.940000E-01  1.098779E-02
  4.950000E-01  1.090974E-02
  4.960000E-01  1.080832E-02
  4.970000E-01  1.068415E-02
  4.980000E-01  1.053801E-02
  4.990000E-01  1.037082E-02
  5.000000E-01  1.018358E-02
  5.010000E-01  9.977404E-03
  5.020000E-01  9.753473E-03
  5.030000E-01  9.513004E-03
  5.040000E-01  9.257234E-03
  5.050000E-01  8.987400E-03
  5.060000E-01  8.704709E-03
  5.070000E-01  8.410322E-03
  5.080000E-01  8.105334E-03
  5.090000E-01  7.790756E-03
  5.100000E-01  7.467503E-03
  5.110000E-01  7.136385E-03
  5.120000E-01  6.798100E-03
  5.130000E-01  6.453229E-03
  5.140000E-01  6.102240E-03
  5.150000E-01  5.745488E-03
  5.160000E-01  5.383228E-03
  5.170000E-01  5.015619E-03
  5.180000E-01  4.642741E-03
  5.190000E-01  4.264611E-03
  5.200000E-01  3.881196E-03
  5.210000E-01  3.492433E-03
  5.220000E-01  3.098248E-03
  5.230000E-01  2.698574E-03
  5.240000E-01  2.293370E-03
  5.250000E-01  1.882638E-03
  5.260000E-01  1.466439E-03
  5.270000E-01  1.044904E-03
  5.280000E-01  6.182519E-04
  5.290000E-01  1.867935E-04
  5.300000E-01 -2.490605E-04
  5.310000E-01 -6.887957E-04
  5.320000E-01 -1.131794E-03
  5.330000E-01 -1.577336E-03
  5.340000E-01 -2.024606E-03
  5.350000E-01 -2.472701E-03
  5.360000E-01 -2.920639E-03
  5.370000E-01 -3.367376E-03
  5.380000E-01 -3.811815E-03
  5.390000E-01 -4.252827E-03
  5.400000E-01 -4.689263E-03
  5.410000E-01 -5.119979E-03
  5.420000E-01 -5.543843E-03
  5.430000E-01 -5.959763E-03
  5.440000E-01 -6.366696E-03
  5.450000E-01 -6.763668E-03
  5.460000E-01 -7.149785E-03
  5.470000E-01 -7.524245E-03
  5.480000E-01 -7.886351E-03
  5.490000E-01 -8.235515E-03
  5.500000E-01 -8.571263E-03
  5.510000E-01 -8.893241E-03
  5.520000E-01 -9.201211E-03
  5.530000E-01 -9.495047E-03
  5.540000E-01 -9.774735E-03
  5.550000E-01 -1.004036E-02
  5.560000E-01 -1.029210E-02
  5.570000E-01 -1.053021E-02
  5.580000E-01 -1.075501E-02
  5.590000E-01 -1.096687E-02
  5.600000E-01 -1.116621E-02
  5.610000E-01 -1.135345E-02
  5.620000E-01 -1.152903E-02
  5.630000E-01 -1.169337E-02
  5.640000E-01 -1.184687E-02
  5.650000E-01 -1.198989E-02
  5.660000E-01 -1.212274E-02
  5.670000E-01 -1.224567E-02
  5.680000E-01 -1.235884E-02
  5.690000E-01 -1.246237E-02
  5.700000E-01 -1.255628E-02
  5.710000E-01 -1.264050E-02
  5.720000E-01 -1.271489E-02
  5.730000E-01 -1.277923E-02
  5.740000E-01 -1.283323E-02
  5.750000E-01 -1.287654E-02
  5.760000E-01 -1.290873E-02
  5.770000E-01 -1.292937E-02
  5.780000E-01 -1.293796E-02
  5.790000E-01 -1.293400E-02
  5.800000E-01 -1.291700E-02
  5.810000E-01 -1.288646E-02
  5.820000E-01 -1.284192E-02
  5.830000E-01 -1.278296E-02
  5.840000E-01 -1.270924E-02
  5.850000E-01 -1.262046E-02
  5.860000E-01 -1.251642E-02
  5.870000E-01 -1.239700E-02
  5.880000E-01 -1.226220E-02
  5.890000E-01 -1.211211E-02
  5.900000E-01 -1.194693E-02
  5.910000E-01 -1.176698E-02
  5.920000E-01 -1.157268E-02
  5.930000E-01 -1.136455E-02
  5.940000E-01 -1.114322E-02
  5.950000E-01 -1.090940E-02
  5.960000E-01 -1.066388E-02
  5.970000E-01 -1.040751E-02
  5.980000E-01 -1.014119E-02
  5.990000E-01 -9.865857E-03
  6.000000E-01 -9.582469E-03
  6.010000E-01 -9.291978E-03
  6.020000E-01 -8.995326E-03
  6.030000E-01 -8.693420E-03
  6.040000E-01 -8.387121E-03
  6.050000E-01 -8.077228E-03
  6.060000E-01 -7.764465E-03
  6.070000E-01 -7.449473E-03
  6.080000E-01 -7.132800E-03
  6.090000E-01 -6.814892E-03
  6.100000E-01 -6.496095E-03
  6.110000E-01 -6.176653E-03
  6.120000E-01 -5.856707E-03
  6.130000E-01 -5.536303E-03
  6.140000E-01 -5.215397E-03
  6.150000E-01 -4.893869E-03
  6.160000E-01 -4.571529E-03
  6.170000E-01 -4.248137E-03
  6.180000E-01 -3.923412E-03
  6.190000E-01 -3.597057E-03
  6.200000E-01 -3.268766E-03
  6.210000E-01 -2.938249E-03
  6.220000E-01 -2.605246E-03
  6.230000E-01 -2.269546E-03
  6.240000E-01 -1.930998E-03
  6.250000E-01 -1.589528E-03
  6.260000E-01 -1.245152E-03
  6.270000E-01 -8.979812E-04
  6.280000E-01 -5.482332E-04
  6.290000E-01 -1.962341E-04
  6.300000E-01  1.575793E-04
  6.310000E-01  5.126614E-04
  6.320000E-01  8.683620E-04
  6.330000E-01  1.223934E-03
  6.340000E-01  1.578544E-03
  6.350000E-01  1.931284E-03
  6.360000E-01  2.281184E-03
  6.370000E-01  2.627235E-03
  6.380000E-01  2.968399E-03
  6.390000E-01  3.303633E-03
  6.400000E-01  3.631907E-03
  6.410000E-01  3.952222E-03
  6.420000E-01  4.263628E-03
  6.430000E-01  4.565247E-03
  6.440000E-01  4.856279E-03
  6.450000E-01  5.136028E-03
  6.460000E-01  5.403906E-03
  6.470000E-01  5.659442E-03
  6.480000E-01  5.902294E-03
  6.490000E-01  6.132249E-03
  6.500000E-01  6.349224E-03
  6.510000E-01  6.553262E-03
  6.520000E-01  6.744528E-03
  6.530000E-01  6.923303E-03
  6.540000E-01  7.089967E-03
  6.550000E-01  7.244991E-03
  6.560000E-01  7.388917E-03
  6.570000E-01  7.522345E-03
  6.580000E-01  7.645914E-03
  6.590000E-01  7.760282E-03
  6.600000E-01  7.866107E-03
  6.610000E-01  7.964030E-03
  6.620000E-01  8.054658E-03
  6.630000E-01  8.138542E-03
  6.640000E-01  8.216173E-03
  6.650000E-01  8.287959E-03
  6.660000E-01  8.354219E-03
  6.670000E-01  8.415180E-03
  6.680000E-01  8.470964E-03
  6.690000E-01  8.521593E-03
  6.700000E-01  8.566989E-03
  6.710000E-01  8.606978E-03
  6.720000E-01  8.641295E-03
  6.730000E-01  8.669600E-03
  6.740000E-01  8.691482E-03
  6.750000E-01  8.706481E-03
  6.760000E-01  8.714098E-03
  6.770000E-01  8.713815E-03
  6.780000E-01  8.705110E-03
  6.790000E-01  8.687479E-03
  6.800000E-01  8.660447E-03
  6.810000E-01  8.623590E-03
  6.820000E-01  8.576549E-03
  6.830000E-01  8.519042E-03
  6.840000E-01  8.450877E-03
  6.850000E-01  8.371963E-03
  6.860000E-01  8.282314E-03
  6.870000E-01  8.182054E-03
  6.880000E-01  8.071421E-03
  6.890000E-01  7.950764E-03
  6.900000E-01  7.820537E-03
  6.910000E-01  7.681293E-03
  6.920000E-01  7.533678E-03
  6.930000E-01  7.378415E-03
  6.940000E-01  7.216293E-03
  6.950000E-01  7.048151E-03
  6.960000E-01  6.874865E-03
  6.970000E-01  6.697325E-03
  6.980000E-01  6.516425E-03
  6.990000E-01  6.333041E-03
  7.000000E-01  6.148020E-03
  7.010000E-01  5.962159E-03
  7.020000E-01  5.776196E-03
  7.030000E-01  5.590797E-03
  7.040000E-01  5.406545E-03
  7.050000E-01  5.223935E-03
  7.060000E-01  5.043365E-03
  7.070000E-01  4.865137E-03
  7.080000E-01  4.689455E-03
  7.090000E-01  4.516428E-03
  7.100000E-01  4.346075E-03
  7.110000E-01  4.178330E-03
  7.120000E-01  4.013055E-03
  7.130000E-01  3.850044E-03
  7.140000E-01  3.689041E-03
  7.150000E-01  3.529750E-03
  7.160000E-01  3.371849E-03
  7.170000E-01  3.215003E-03
  7.180000E-01  3.058878E-03
  7.190000E-01  2.903157E-03
  7.200000E-01  2.747546E-03
  7.210000E-01  2.591791E-03
  7.220000E-01  2.435686E-03
  7.230000E-01  2.279079E-03
  7.240000E-01  2.121881E-03
  7.250000E-01  1.964070E-03
  7.260000E-01  1.805691E-03
  7.270000E-01  1.646859E-03
  7.280000E-01  1.487756E-03
  7.290000E-01  1.328625E-03
  7.300000E-01  1.169771E-03
  7.310000E-01  1.011545E-03
  7.320000E-01  8.543440E-04
  7.330000E-01  6.985956E-04
  7.340000E-01  5.447509E-04
  7.350000E-01  3.932721E-04
  7.360000E-01  2.446222E-04
  7.370000E-01  9.925373E-05
  7.380000E-01 -4.240157E-05
  7.390000E-01 -1.799427E-04
  7.400000E-01 -3.130085E-04
  7.410000E-01 -4.412847E-04
  7.420000E-01 -5.645115E-04
  7.430000E-01 -6.824872E-04
  7.440000E-01 -7.950725E-04
  7.450000E-01 -9.021919E-04
  7.460000E-01 -1.003834E-03
  7.470000E-01 -1.100049E-03
  7.480000E-01 -1.190947E-03
  7.490000E-01 -1.276693E-03
  7.500000E-01 -1.357501E-03
  7.510000E-01 -1.433629E-03
  7.520000E-01 -1.505369E-03
  7.530000E-01 -1.573041E-03
  7.540000E-01 -1.636981E-03
  7.550000E-01 -1.697539E-03
  7.560000E-01 -1.755064E-03
  7.570000E-01 -1.809900E-03
  7.580000E-01 -1.862376E-03
  7.590000E-01 -1.912801E-03
  7.600000E-01 -1.961457E-03
  7.610000E-01 -2.008594E-03
  7.620000E-01 -2.054426E-03
  7.630000E-01 -2.099132E-03
  7.640000E-01 -2.142848E-03
  7.650000E-01 -2.185673E-03
  7.660000E-01 -2.227668E-03
  7.670000E-01 -2.268855E-03
  7.680000E-01 -2.309225E-03
  7.690000E-01 -2.348740E-03
  7.700000E-01 -2.387336E-03
  7.710000E-01 -2.424931E-03
  7.720000E-01 -2.461429E-03
  7.730000E-01 -2.496723E-03
  7.740000E-01 -2.530708E-03
  7.750000E-01 -2.563278E-03
  7.760000E-01 -2.594337E-03
  7.770000E-01 -2.623801E-03
  7.780000E-01 -2.651602E-03
  7.790000E-01 -2.677693E-03
  7.800000E-01 -2.702048E-03
  7.810000E-01 -2.724667E-03
  7.820000E-01 -2.745572E-03
  7.830000E-01 -2.764813E-03
  7.840000E-01 -2.782461E-03
  7.850000E-01 -2.798610E-03
  7.860000E-01 -2.813374E-03
  7.870000E-01 -2.826884E-03
  7.880000E-01 -2.839284E-03
  7.890000E-01 -2.850728E-03
  7.900000E-01 -2.861375E-03
  7.910000E-01 -2.871385E-03
  7.920000E-01 -2.880916E-03
  7.930000E-01 -2.890120E-03
  7.940000E-01 -2.899139E-03
  7.950000E-01 -2.908099E-03
  7.960000E-01 -2.917112E-03
  7.970000E-01 -2.926272E-03
  7.980000E-01 -2.935652E-03
  7.990000E-01 -2.945305E-03
  8.000000E-01 -2.955261E-03
  8.010000E-01 -2.965532E-03
  8.020000E-01 -2.976107E-03
  8.030000E-01 -2.986959E-03
  8.040000E-01 -2.998043E-03
  8.050000E-01 -3.009301E-03
  8.060000E-01 -3.020664E-03
  8.070000E-01 -3.032053E-03
  8.080000E-01 -3.043387E-03
  8.090000E-01 -3.054581E-03
  8.100000E-01 -3.065551E-03
  8.110000E-01 -3.076220E-03
  8.120000E-01 -3.086516E-03
  8.130000E-01 -3.096375E-03
  8.140000E-01 -3.105747E-03
  8.150000E-01 -3.114593E-03
  8.160000E-01 -3.122888E-03
  8.170000E-01 -3.130620E-03
  8.180000E-01 -3.137792E-03
  8.190000E-01 -3.144420E-03
  8.200000E-01 -3.150531E-03
  8.210000E-01 -3.156162E-03
  8.220000E-01 -3.161359E-03
  8.230000E-01 -3.166175E-03
  8.240000E-01 -3.170664E-03
  8.250000E-01 -3.174884E-03
  8.260000E-01 -3.178888E-03
  8.270000E-01 -3.182726E-03
  8.280000E-01 -3.186442E-03
  8.290000E-01 -3.190068E-03
  8.300000E-01 -3.193629E-03
  8.310000E-01 -3.197134E-03
  8.320000E-01 -3.200578E-03
  8.330000E-01 -3.203942E-03
  8.340000E-01 -3.207194E-03
  8.350000E-01 -3.210283E-03
  8.360000E-01 -3.213148E-03
  8.370000E-01 -3.215712E-03
  8.380000E-01 -3.217886E-03
  8.390000E-01 -3.219574E-03
  8.400000E-01 -3.220670E-03
  8.410000E-01 -3.221063E-03
  8.420000E-01 -3.220638E-03
  8.430000E-01 -3.219283E-03
  8.440000E-01 -3.216885E-03
  8.450000E-01 -3.213338E-03
  8.460000E-01 -3.208542E-03
  8.470000E-01 -3.202409E-03
  8.480000E-01 -3.194861E-03
  8.490000E-01 -3.185835E-03
  8.500000E-01 -3.175280E-03
  8.510000E-01 -3.163166E-03
  8.520000E-01 -3.149475E-03
  8.530000E-01 -3.134208E-03
  8.540000E-01 -3.117382E-03
  8.550000E-01 -3.099030E-03
  8.560000E-01 -3.079200E-03
  8.570000E-01 -3.057952E-03
  8.580000E-01 -3.035358E-03
  8.590000E-01 -3.011500E-03
  8.600000E-01 -2.986464E-03
  8.610000E-01 -2.960343E-03
  8.620000E-01 -2.933230E-03
  8.630000E-01 -2.905218E-03
  8.640000E-01 -2.876395E-03
  8.650000E-01 -2.846845E-03
  8.660000E-01 -2.816639E-03
  8.670000E-01 -2.785841E-03
  8.680000E-01 -2.754502E-03
  8.690000E-01 -2.722657E-03
  8.700000E-01 -2.690327E-03
  8.710000E-01 -2.657518E-03
  8.720000E-01 -2.624217E-03
  8.730000E-01 -2.590398E-03
  8.740000E-01 -2.556019E-03
  8.750000E-01 -2.521023E-03
  8.760000E-01 -2.485341E-03
  8.770000E-01 -2.448891E-03
  8.780000E-01 -2.411586E-03
  8.790000E-01 -2.373327E-03
  8.800000E-01 -2.334014E-03
  8.810000E-01 -2.293545E-03
  8.820000E-01 -2.251818E-03
  8.830000E-01 -2.208736E-03
  8.840000E-01 -2.164208E-03
  8.850000E-01 -2.118149E-03
  8.860000E-01 -2.070490E-03
  8.870000E-01 -2.021171E-03
  8.880000E-01 -1.970151E-03
  8.890000E-01 -1.917401E-03
  8.900000E-01 -1.862914E-03
  8.910000E-01 -1.806701E-03
  8.920000E-01 -1.748789E-03
  8.930000E-01 -1.689230E-03
  8.940000E-01 -1.628089E-03
  8.950000E-01 -1.565452E-03
  8.960000E-01 -1.501423E-03
  8.970000E-01 -1.436121E-03
  8.980000E-01 -1.369676E-03
  8.990000E-01 -1.302234E-03
  9.000000E-01 -1.233949E-03
  9.010000E-01 -1.164980E-03
  9.020000E-01 -1.095493E-03
  9.030000E-01 -1.025654E-03
  9.040000E-01 -9.556293E-04
  9.050000E-01 -8.855800E-04
  9.060000E-01 -8.156614E-04
  9.070000E-01 -7.460197E-04
  9.080000E-01 -6.767897E-04
  9.090000E-01 -6.080930E-04
  9.100000E-01 -5.400361E-04
  9.110000E-01 -4.727089E-04
  9.120000E-01 -4.061837E-04
  9.130000E-01 -3.405143E-04
  9.140000E-01 -2.757359E-04
  9.150000E-01 -2.118647E-04
  9.160000E-01 -1.488988E-04
  9.170000E-01 -8.681889E-05
  9.180000E-01 -2.558914E-05
  9.190000E-01  3.484102E-05
  9.200000E-01  9.453517E-05
  9.210000E-01  1.535678E-04
  9.220000E-01  2.120221E-04
  9.230000E-01  2.699871E-04
  9.240000E-01  3.275558E-04
  9.250000E-01  3.848215E-04
  9.260000E-01  4.418759E-04
  9.270000E-01  4.988063E-04
  9.280000E-01  5.556926E-04
  9.290000E-01  6.126055E-04
  9.300000E-01  6.696039E-04
  9.310000E-01  7.267333E-04
  9.320000E-01  7.840238E-04
  9.330000E-01  8.414892E-04
  9.340000E-01  8.991259E-04
  9.350000E-01  9.569123E-04
  9.360000E-01  1.014809E-03
  9.370000E-01  1.072758E-03
  9.380000E-01  1.130685E-03
  9.390000E-01  1.188500E-03
  9.400000E-01  1.246097E-03
  9.410000E-01  1.303359E-03
  9.420000E-01  1.360157E-03
  9.430000E-01  1.416356E-03
  9.440000E-01  1.471812E-03
  9.450000E-01  1.526380E-03
  9.460000E-01  1.579916E-03
  9.470000E-01  1.632276E-03
  9.480000E-01  1.683324E-03
  9.490000E-01  1.732931E-03
  9.500000E-01  1.780977E-03
  9.510000E-01  1.827357E-03
  9.520000E-01  1.871981E-03
  9.530000E-01  1.914774E-03
  9.540000E-01  1.955679E-03
  9.550000E-01  1.994657E-03
  9.560000E-01  2.031688E-03
  9.570000E-01  2.066772E-03
  9.580000E-01  2.099925E-03
  9.590000E-01  2.131183E-03
  9.600000E-01  2.160596E-03
  9.610000E-01  2.188228E-03
  9.620000E-01  2.214157E-03
  9.630000E-01  2.238468E-03
  9.640000E-01  2.261257E-03
  9.650000E-01  2.282621E-03
  9.660000E-01  2.302659E-03
  9.670000E-01  2.321470E-03
  9.680000E-01  2.339148E-03
  9.690000E-01  2.355777E-03
  9.700000E-01  2.371436E-03
  9.710000E-01  2.386187E-03
  9.720000E-01  2.400082E-03
  9.730000E-01  2.413153E-03
  9.740000E-01  2.425418E-03
  9.750000E-01  2.436875E-03
  9.760000E-01  2.447503E-03
  9.770000E-01  2.457264E-03
  9.780000E-01  2.466100E-03
  9.790000E-01  2.473936E-03
  9.800000E-01  2.480683E-03
  9.810000E-01  2.486236E-03
  9.820000E-01  2.490477E-03
  9.830000E-01  2.493281E-03
  9.840000E-01  2.494514E-03
  9.850000E-01  2.494039E-03
  9.860000E-01  2.491716E-03
  9.870000E-01  2.487410E-03
  9.880000E-01  2.480987E-03
  9.890000E-01  2.472323E-03
  9.900000E-01  2.461305E-03
  9.910000E-01  2.447830E-03
  9.920000E-01  2.431813E-03
  9.930000E-01  2.413183E-03
  9.940000E-01  2.391889E-03
  9.950000E-01  2.367898E-03
  9.960000E-01  2.341198E-03
  9.970000E-01  2.311794E-03
  9.980000E-01  2.279714E-03
  9.990000E-01  2.245000E-03
  1.000000E+00  2.207715E-03
  1.001000E+00  2.167934E-03
  1.002000E+00  2.125749E-03
  1.003000E+00  2.081261E-03
  1.004000E+00  2.034581E-03
  1.005000E+00  1.985826E-03
  1.006000E+00  1.935118E-03
  1.007000E+00  1.882579E-03
  1.008000E+00  1.828332E-03
  1.009000E+00  1.772496E-03
  1.010000E+00  1.715182E-03
  1.011000E+00  1.656499E-03
  1.012000E+00  1.596541E-03
  1.013000E+00  1.535397E-03
  1.014000E+00  1.473142E-03
  1.015000E+00  1.409841E-03
  1.016000E+00  1.345546E-03
  1.017000E+00  1.280298E-03
  1.018000E+00  1.214129E-03
  1.019000E+00  1.147060E-03
  1.020000E+00  1.079103E-03
  1.021000E+00  1.010265E-03
  1.022000E+00  9.405475E-04
  1.023000E+00  8.699494E-04
  1.024000E+00  7.984691E-04
  1.025000E+00  7.261067E-04
  1.026000E+00  6.528663E-04
  1.027000E+00  5.787578E-04
  1.028000E+00  5.037994E-04
  1.029000E+00  4.280189E-04
  1.030000E+00  3.514555E-04
  1.031000E+00  2.741608E-04
  1.032000E+00  1.961999E-04
  1.033000E+00  1.176517E-04
  1.034000E+00  3.860895E-05
  1.035000E+00 -4.082189E-05
  1.036000E+00 -1.205215E-04
  1.037000E+00 -2.003587E-04
  1.038000E+00 -2.801920E-04
  1.039000E+00 -3.598713E-04
  1.040000E+00 -4.392401E-04
  1.041000E+00 -5.181374E-04
  1.042000E+00 -5.964002E-04
  1.043000E+00 -6.738661E-04
  1.044000E+00 -7.503756E-04
  1.045000E+00 -8.257747E-04
  1.046000E+00 -8.999165E-04
  1.047000E+00 -9.726644E-04
  1.048000E+00 -1.043893E-03
  1.049000E+00 -1.113490E-03
  1.050000E+00 -1.181357E-03
  1.051000E+00 -1.247412E-03
  1.052000E+00 -1.311588E-03
  1.053000E+00 -1.373835E-03
  1.054000E+00 -1.434118E-03
  1.055000E+00 -1.492418E-03
  1.056000E+00 -1.548731E-03
  1.057000E+00 -1.603065E-03
  1.058000E+00 -1.655442E-03
  1.059000E+00 -1.705894E-03
  1.060000E+00 -1.754460E-03
  1.061000E+00 -1.801189E-03
  1.062000E+00 -1.846133E-03
  1.063000E+00 -1.889346E-03
  1.064000E+00 -1.930884E-03
  1.065000E+00 -1.970803E-03
  1.066000E+00 -2.009154E-03
  1.067000E+00 -2.045987E-03
  1.068000E+00 -2.081343E-03
  1.069000E+00 -2.115260E-03
  1.070000E+00 -2.147768E-03
  1.071000E+00 -2.178887E-03
  1.072000E+00 -2.208634E-03
  1.073000E+00 -2.237015E-03
  1.074000E+00 -2.264030E-03
  1.075000E+00 -2.289672E-03
  1.076000E+00 -2.313930E-03
  1.077000E+00 -2.336788E-03
  1.078000E+00 -2.358226E-03
  1.079000E+00 -2.378222E-03
  1.080000E+00 -2.396754E-03
  1.081000E+00 -2.413800E-03
  1.082000E+00 -2.429339E-03
  1.083000E+00 -2.443354E-03
  1.084000E+00 -2.455832E-03
  1.085000E+00 -2.466763E-03
  1.086000E+00 -2.476143E-03
  1.087000E+00 -2.483976E-03
  1.088000E+00 -2.490270E-03
  1.089000E+00 -2.495038E-03
  1.090000E+00 -2.498302E-03
  1.091000E+00 -2.500085E-03
  1.092000E+00 -2.500418E-03
  1.093000E+00 -2.499334E-03
  1.094000E+00 -2.496868E-03
  1.095000E+00 -2.493057E-03
  1.096000E+00 -2.487938E-03
  1.097000E+00 -2.481546E-03
  1.098000E+00 -2.473914E-03
  1.099000E+00 -2.465069E-03
  1.100000E+00 -2.455034E-03
  1.101000E+00 -2.443826E-03
  1.102000E+00 -2.431453E-03
  1.103000E+00 -2.417917E-03
  1.104000E+00 -2.403210E-03
  1.105000E+00 -2.387315E-03
  1.106000E+00 -2.370207E-03
  1.107000E+00 -2.351854E-03
  1.108000E+00 -2.332212E-03
  1.109000E+00 -2.311235E-03
  1.110000E+00 -2.288867E-03
  1.111000E+00 -2.265050E-03
  1.112000E+00 -2.239720E-03
  1.113000E+00 -2.212813E-03
  1.114000E+00 -2.184263E-03
  1.115000E+00 -2.154008E-03
  1.116000E+00 -2.121986E-03
  1.117000E+00 -2.088139E-03
  1.118000E+00 -2.052419E-03
  1.119000E+00 -2.014780E-03
  1.120000E+00 -1.975188E-03
  1.121000E+00 -1.933617E-03
  1.122000E+00 -1.890051E-03
  1.123000E+00 -1.844486E-03
  1.124000E+00 -1.796928E-03
  1.125000E+00 -1.747392E-03
  1.126000E+00 -1.695908E-03
  1.127000E+00 -1.642514E-03
  1.128000E+00 -1.587256E-03
  1.129000E+00 -1.530192E-03
  1.130000E+00 -1.471384E-03
  1.131000E+00 -1.410903E-03
  1.132000E+00 -1.348823E-03
  1.133000E+00 -1.285222E-03
  1.134000E+00 -1.220180E-03
  1.135000E+00 -1.153776E-03
  1.136000E+00 -1.086091E-03
  1.137000E+00 -1.017200E-03
  1.138000E+00 -9.471765E-04
  1.139000E+00 -8.760896E-04
  1.140000E+00 -8.040021E-04
  1.141000E+00 -7.309715E-04
  1.142000E+00 -6.570486E-04
  1.143000E+00 -5.822779E-04
  1.144000E+00 -5.066973E-04
  1.145000E+00 -4.303388E-04
  1.146000E+00 -3.532285E-04
  1.147000E+00 -2.753877E-04
  1.148000E+00 -1.968337E-04
  1.149000E+00 -1.175806E-04
  1.150000E+00 -3.764042E-05
  1.151000E+00  4.297546E-05
  1.152000E+00  1.242553E-04
  1.153000E+00  2.061859E-04
  1.154000E+00  2.887512E-04
  1.155000E+00  3.719312E-04
  1.156000E+00  4.557014E-04
  1.157000E+00  5.400316E-04
  1.158000E+00  6.248852E-04
  1.159000E+00  7.102191E-04
  1.160000E+00  7.959836E-04
  1.161000E+00  8.821217E-04
  1.162000E+00  9.685703E-04
  1.163000E+00  1.055260E-03
  1.164000E+00  1.142116E-03
  1.165000E+00  1.229059E-03
  1.166000E+00  1.316007E-03
  1.167000E+00  1.402875E-03
  1.168000E+00  1.489577E-03
  1.169000E+00  1.576029E-03
  1.170000E+00  1.662149E-03
  1.171000E+00  1.747857E-03
  1.172000E+00  1.833080E-03
  1.173000E+00  1.917751E-03
  1.174000E+00  2.001810E-03
  1.175000E+00  2.085207E-03
  1.176000E+00  2.167901E-03
  1.177000E+00  2.249862E-03
  1.178000E+00  2.331070E-03
  1.179000E+00  2.411519E-03
  1.180000E+00  2.491212E-03
  1.181000E+00  2.570163E-03
  1.182000E+00  2.648397E-03
  1.183000E+00  2.725949E-03
  1.184000E+00  2.802862E-03
  1.185000E+00  2.879188E-03
  1.186000E+00  2.954984E-03
  1.187000E+00  3.030311E-03
  1.188000E+00  3.105234E-03
  1.189000E+00  3.179819E-03
  1.190000E+00  3.254132E-03
  1.191000E+00  3.328236E-03
  1.192000E+00  3.402190E-03
  1.193000E+00  3.476050E-03
  1.194000E+00  3.549862E-03
  1.195000E+00  3.623667E-03
  1.196000E+00  3.697496E-03
  1.197000E+00  3.771370E-03
  1.198000E+00  3.845301E-03
  1.199000E+00  3.919292E-03
  1.200000E+00  3.993332E-03
  1.201000E+00  4.067405E-03
  1.202000E+00  4.141482E-03
  1.203000E+00  4.215527E-03
  1.204000E+00  4.289497E-03
  1.205000E+00  4.363340E-03
  1.206000E+00  4.437001E-03
  1.207000E+00  4.510419E-03
  1.208000E+00  4.583530E-03
  1.209000E+00  4.656269E-03
  1.210000E+00  4.728569E-03
  1.211000E+00  4.800365E-03
  1.212000E+00  4.871592E-03
  1.213000E+00  4.942188E-03
  1.214000E+00  5.012093E-03
  1.215000E+00  5.081252E-03
  1.216000E+00  5.149612E-03
  1.217000E+00  5.217126E-03
  1.218000E+00  5.283749E-03
  1.219000E+00  5.349442E-03
  1.220000E+00  5.414168E-03
  1.221000E+00  5.477895E-03
  1.222000E+00  5.540593E-03
  1.223000E+00  5.602235E-03
  1.224000E+00  5.662795E-03
  1.225000E+00  5.722249E-03
  1.226000E+00  5.780573E-03
  1.227000E+00  5.837742E-03
  1.228000E+00  5.893733E-03
  1.229000E+00  5.948519E-03
  1.230000E+00  6.002074E-03
  1.231000E+00  6.054370E-03
  1.232000E+00  6.105375E-03
  1.233000E+00  6.155059E-03
  1.234000E+00  6.203386E-03
  1.235000E+00  6.250323E-03
  1.236000E+00  6.295833E-03
  1.237000E+00  6.339878E-03
  1.238000E+00  6.382422E-03
  1.239000E+00  6.423428E-03
  1.240000E+00  6.462859E-03
  1.241000E+00  6.500681E-03
  1.242000E+00  6.536861E-03
  1.243000E+00  6.571369E-03
  1.244000E+00  6.604177E-03
  1.245000E+00  6.635259E-03
  1.246000E+00  6.664595E-03
  1.247000E+00  6.692166E-03
  1.248000E+00  6.717958E-03
  1.249000E+00  6.741960E-03
  1.250000E+00  6.764163E-03
  1.251000E+00  6.784563E-03
  1.252000E+00  6.803156E-03
  1.253000E+00  6.819942E-03
  1.254000E+00  6.834922E-03
  1.255000E+00  6.848100E-03
  1.256000E+00  6.859477E-03
  1.257000E+00  6.869059E-03
  1.258000E+00  6.876848E-03
  1.259000E+00  6.882847E-03
  1.260000E+00  6.887060E-03
  1.261000E+00  6.889487E-03
  1.262000E+00  6.890130E-03
  1.263000E+00  6.888987E-03
  1.264000E+00  6.886056E-03
  1.265000E+00  6.881335E-03
  1.266000E+00  6.874820E-03
  1.267000E+00  6.866506E-03
  1.268000E+00  6.856391E-03
  1.269000E+00  6.844469E-03
  1.270000E+00  6.830737E-03
  1.271000E+00  6.815192E-03
  1.272000E+00  6.797833E-03
  1.273000E+00  6.778661E-03
  1.274000E+00  6.757678E-03
  1.275000E+00  6.734889E-03
  1.276000E+00  6.710303E-03
  1.277000E+00  6.683931E-03
  1.278000E+00  6.655787E-03
  1.279000E+00  6.625889E-03
  1.280000E+00  6.594259E-03
  1.281000E+00  6.560923E-03
  1.282000E+00  6.525908E-03
  1.283000E+00  6.489247E-03
  1.284000E+00  6.450977E-03
  1.285000E+00  6.411135E-03
  1.286000E+00  6.369763E-03
  1.287000E+00  6.326906E-03
  1.288000E+00  6.282611E-03
  1.289000E+00  6.236925E-03
  1.290000E+00  6.189900E-03
  1.291000E+00  6.141587E-03
  1.292000E+00  6.092038E-03
  1.293000E+00  6.041306E-03
  1.294000E+00  5.989442E-03
  1.295000E+00  5.936498E-03
  1.296000E+00  5.882525E-03
  1.297000E+00  5.827571E-03
  1.298000E+00  5.771681E-03
  1.299000E+00  5.714900E-03
  1.300000E+00  5.657268E-03
  1.301000E+00  5.598822E-03
  1.302000E+00  5.539595E-03
  1.303000E+00  5.479617E-03
  1.304000E+00  5.418913E-03
  1.305000E+00  5.357505E-03
  1.306000E+00  5.295409E-03
  1.307000E+00  5.232640E-03
  1.308000E+00  5.169207E-03
  1.309000E+00  5.105116E-03
  1.310000E+00  5.040371E-03
  1.311000E+00  4.974972E-03
  1.312000E+00  4.908918E-03
  1.313000E+00  4.842205E-03
  1.314000E+00  4.774831E-03
  1.315000E+00  4.706791E-03
  1.316000E+00  4.638080E-03
  1.317000E+00  4.568697E-03
  1.318000E+00  4.498640E-03
  1.319000E+00  4.427908E-03
  1.320000E+00  4.356507E-03
  1.321000E+00  4.284441E-03
  1.322000E+00  4.211720E-03
  1.323000E+00  4.138359E-03
  1.324000E+00  4.064374E-03
  1.325000E+00  3.989786E-03
  1.326000E+00  3.914620E-03
  1.327000E+00  3.838905E-03
  1.328000E+00  3.762674E-03
  1.329000E+00  3.685961E-03
  1.330000E+00  3.608806E-03
  1.331000E+00  3.531247E-03
  1.332000E+00  3.453328E-03
  1.333000E+00  3.375092E-03
  1.334000E+00  3.296581E-03
  1.335000E+00  3.217838E-03
  1.336000E+00  3.138907E-03
  1.337000E+00  3.059825E-03
  1.338000E+00  2.980631E-03
  1.339000E+00  2.901359E-03
  1.340000E+00  2.822039E-03
  1.341000E+00  2.742696E-03
  1.342000E+00  2.663353E-03
  1.343000E+00  2.584023E-03
  1.344000E+00  2.504718E-03
  1.345000E+00  2.425444E-03
  1.346000E+00  2.346199E-03
  1.347000E+00  2.266980E-03
  1.348000E+00  2.187776E-03
  1.349000E+00  2.108574E-03
  1.350000E+00  2.029357E-03
  1.351000E+00  1.950106E-03
  1.352000E+00  1.870802E-03
  1.353000E+00  1.791423E-03
  1.354000E+00  1.711949E-03
  1.355000E+00  1.632363E-03
  1.356000E+00  1.552650E-03
  1.357000E+00  1.472800E-03
  1.358000E+00  1.392809E-03
  1.359000E+00  1.312679E-03
  1.360000E+00  1.232420E-03
  1.361000E+00  1.152050E-03
  1.362000E+00  1.071598E-03
  1.363000E+00  9.910993E-04
  1.364000E+00  9.106027E-04
  1.365000E+00  8.301653E-04
  1.366000E+00  7.498546E-04
  1.367000E+00  6.697475E-04
  1.368000E+00  5.899298E-04
  1.369000E+00  5.104954E-04
  1.370000E+00  4.315451E-04
  1.371000E+00  3.531854E-04
  1.372000E+00  2.755271E-04
  1.373000E+00  1.986834E-04
  1.374000E+00  1.227685E-04
  1.375000E+00  4.789578E-05
  1.376000E+00 -2.582453E-05
  1.377000E+00 -9.828665E-05
  1.378000E+00 -1.693913E-04
  1.379000E+00 -2.390474E-04
  1.380000E+00 -3.071738E-04
  1.381000E+00 -3.737002E-04
  1.382000E+00 -4.385688E-04
  1.383000E+00 -5.017354E-04
  1.384000E+00 -5.631693E-04
  1.385000E+00 -6.228545E-04
  1.386000E+00 -6.807894E-04
  1.387000E+00 -7.369864E-04
  1.388000E+00 -7.914718E-04
  1.389000E+00 -8.442843E-04
  1.390000E+00 -8.954746E-04
  1.391000E+00 -9.451033E-04
  1.392000E+00 -9.932397E-04
  1.393000E+00 -1.039960E-03
  1.394000E+00 -1.085345E-03
  1.395000E+00 -1.129478E-03
  1.396000E+00 -1.172443E-03
  1.397000E+00 -1.214324E-03
  1.398000E+00 -1.255201E-03
  1.399000E+00 -1.295147E-03
  1.400000E+00 -1.334232E-03
  1.401000E+00 -1.372515E-03
  1.402000E+00 -1.410045E-03
  1.403000E+00 -1.446864E-03
  1.404000E+00 -1.483000E-03
  1.405000E+00 -1.518472E-03
  1.406000E+00 -1.553286E-03
  1.407000E+00 -1.587438E-03
  1.408000E+00 -1.620914E-03
  1.409000E+00 -1.653691E-03
  1.410000E+00 -1.685738E-03
  1.411000E+00 -1.717016E-03
  1.412000E+00 -1.747483E-03
  1.413000E+00 -1.777093E-03
  1.414000E+00 -1.805799E-03
  1.415000E+00 -1.833555E-03
  1.416000E+00 -1.860318E-03
  1.417000E+00 -1.886047E-03
  1.418000E+00 -1.910711E-03
  1.419000E+00 -1.934285E-03
  1.420000E+00 -1.956754E-03
  1.421000E+00 -1.978113E-03
  1.422000E+00 -1.998369E-03
  1.423000E+00 -2.017541E-03
  1.424000E+00 -2.035660E-03
  1.425000E+00 -2.052770E-03
  1.426000E+00 -2.068924E-03
  1.427000E+00 -2.084191E-03
  1.428000E+00 -2.098647E-03
  1.429000E+00 -2.112376E-03
  1.430000E+00 -2.125471E-03
  1.431000E+00 -2.138031E-03
  1.432000E+00 -2.150156E-03
  1.433000E+00 -2.161951E-03
  1.434000E+00 -2.173519E-03
  1.435000E+00 -2.184959E-03
  1.436000E+00 -2.196369E-03
  1.437000E+00 -2.207838E-03
  1.438000E+00 -2.219450E-03
  1.439000E+00 -2.231277E-03
  1.440000E+00 -2.243383E-03
  1.441000E+00 -2.255820E-03
  1.442000E+00 -2.268629E-03
  1.443000E+00 -2.281840E-03
  1.444000E+00 -2.295469E-03
  1.445000E+00 -2.309524E-03
  1.446000E+00 -2.324000E-03
  1.447000E+00 -2.338883E-03
  1.448000E+00 -2.354153E-03
  1.449000E+00 -2.369782E-03
  1.450000E+00 -2.385735E-03
  1.451000E+00 -2.401977E-03
  1.452000E+00 -2.418470E-03
  1.453000E+00 -2.435175E-03
  1.454000E+00 -2.452055E-03
  1.455000E+00 -2.469079E-03
  1.456000E+00 -2.486217E-03
  1.457000E+00 -2.503448E-03
  1.458000E+00 -2.520756E-03
  1.459000E+00 -2.538135E-03
  1.460000E+00 -2.555586E-03
  1.461000E+00 -2.573117E-03
  1.462000E+00 -2.590749E-03
  1.463000E+00 -2.608506E-03
  1.464000E+00 -2.626423E-03
  1.465000E+00 -2.644540E-03
  1.466000E+00 -2.662904E-03
  1.467000E+00 -2.681564E-03
  1.468000E+00 -2.700576E-03
  1.469000E+00 -2.719992E-03
  1.470000E+00 -2.739868E-03
  1.471000E+00 -2.760258E-03
  1.472000E+00 -2.781211E-03
  1.473000E+00 -2.802772E-03
  1.474000E+00 -2.824983E-03
  1.475000E+00 -2.847876E-03
  1.476000E+00 -2.871476E-03
  1.477000E+00 -2.895802E-03
  1.478000E+00 -2.920862E-03
  1.479000E+00 -2.946655E-03
  1.480000E+00 -2.973175E-03
  1.481000E+00 -3.000403E-03
  1.482000E+00 -3.028318E-03
  1.483000E+00 -3.056886E-03
  1.484000E+00 -3.086074E-03
  1.485000E+00 -3.115839E-03
  1.486000E+00 -3.146138E-03
  1.487000E+00 -3.176925E-03
  1.488000E+00 -3.208155E-03
  1.489000E+00 -3.239781E-03
  1.490000E+00 -3.271760E-03
  1.491000E+00 -3.304054E-03
  1.492000E+00 -3.336625E-03
  1.493000E+00 -3.369445E-03
  1.494000E+00 -3.402488E-03
  1.495000E+00 -3.435738E-03
  1.496000E+00 -3.469183E-03
  1.497000E+00 -3.502819E-03
  1.498000E+00 -3.536649E-03
  1.499000E+00 -3.570683E-03
  1.500000E+00 -3.604935E-03
  1.501000E+00 -3.639425E-03
  1.502000E+00 -3.674176E-03
  1.503000E+00 -3.709216E-03
  1.504000E+00 -3.744572E-03
  1.505000E+00 -3.780275E-03
  1.506000E+00 -3.816351E-03
  1.507000E+00 -3.852826E-03
  1.508000E+00 -3.889724E-03
  1.509000E+00 -3.927061E-03
  1.510000E+00 -3.964850E-03
  1.511000E+00 -4.003096E-03
  1.512000E+00 -4.041798E-03
  1.513000E+00 -4.080945E-03
  1.514000E+00 -4.120519E-03
  1.515000E+00 -4.160493E-03
  1.516000E+00 -4.200832E-03
  1.517000E+00 -4.241491E-03
  1.518000E+00 -4.282418E-03
  1.519000E+00 -4.323553E-03
  1.520000E+00 -4.364829E-03
  1.521000E+00 -4.406174E-03
  1.522000E+00 -4.447510E-03
  1.523000E+00 -4.488755E-03
  1.524000E+00 -4.529826E-03
  1.525000E+00 -4.570635E-03
  1.526000E+00 -4.611096E-03
  1.527000E+00 -4.651124E-03
  1.528000E+00 -4.690635E-03
  1.529000E+00 -4.729549E-03
  1.530000E+00 -4.767789E-03
  1.531000E+00 -4.805284E-03
  1.532000E+00 -4.841970E-03
  1.533000E+00 -4.877788E-03
  1.534000E+00 -4.912687E-03
  1.535000E+00 -4.946626E-03
  1.536000E+00 -4.979567E-03
  1.537000E+00 -5.011486E-03
  1.538000E+00 -5.042363E-03
  1.539000E+00 -5.072186E-03
  1.540000E+00 -5.100953E-03
  1.541000E+00 -5.128665E-03
  1.542000E+00 -5.155332E-03
  1.543000E+00 -5.180966E-03
  1.544000E+00 -5.205586E-03
  1.545000E+00 -5.229210E-03
  1.546000E+00 -5.251861E-03
  1.547000E+00 -5.273560E-03
  1.548000E+00 -5.294327E-03
  1.549000E+00 -5.314182E-03
  1.550000E+00 -5.333138E-03
  1.551000E+00 -5.351205E-03
  1.552000E+00 -5.368390E-03
  1.553000E+00 -5.384691E-03
  1.554000E+00 -5.400099E-03
  1.555000E+00 -5.414599E-03
  1.556000E+00 -5.428170E-03
  1.557000E+00 -5.440782E-03
  1.558000E+00 -5.452397E-03
  1.559000E+00 -5.462972E-03
  1.560000E+00 -5.472457E-03
  1.561000E+00 -5.480798E-03
  1.562000E+00 -5.487935E-03
  1.563000E+00 -5.493806E-03
  1.564000E+00 -5.498345E-03
  1.565000E+00 -5.501488E-03
  1.566000E+00 -5.503168E-03
  1.567000E+00 -5.503324E-03
  1.568000E+00 -5.501893E-03
  1.569000E+00 -5.498822E-03
  1.570000E+00 -5.494061E-03
  1.571000E+00 -5.487565E-03
  1.572000E+00 -5.479302E-03
  1.573000E+00 -5.469244E-03
  1.574000E+00 -5.457375E-03
  1.575000E+00 -5.443689E-03
  1.576000E+00 -5.428190E-03
  1.577000E+00 -5.410891E-03
  1.578000E+00 -5.391817E-03
  1.579000E+00 -5.371002E-03
  1.580000E+00 -5.348487E-03
  1.581000E+00 -5.324324E-03
  1.582000E+00 -5.298570E-03
  1.583000E+00 -5.271289E-03
  1.584000E+00 -5.242547E-03
  1.585000E+00 -5.212416E-03
  1.586000E+00 -5.180965E-03
  1.587000E+00 -5.148266E-03
  1.588000E+00 -5.114387E-03
  1.589000E+00 -5.079393E-03
  1.590000E+00 -5.043343E-03
  1.591000E+00 -5.006289E-03
  1.592000E+00 -4.968276E-03
  1.593000E+00 -4.929339E-03
  1.594000E+00 -4.889503E-03
  1.595000E+00 -4.848784E-03
  1.596000E+00 -4.807184E-03
  1.597000E+00 -4.764698E-03
  1.598000E+00 -4.721308E-03
  1.599000E+00 -4.676987E-03
  1.600000E+00 -4.631700E-03
  1.601000E+00 -4.585404E-03
  1.602000E+00 -4.538050E-03
  1.603000E+00 -4.489583E-03
  1.604000E+00 -4.439948E-03
  1.605000E+00 -4.389088E-03
  1.606000E+00 -4.336947E-03
  1.607000E+00 -4.283476E-03
  1.608000E+00 -4.228629E-03
  1.609000E+00 -4.172368E-03
  1.610000E+00 -4.114667E-03
  1.611000E+00 -4.055510E-03
  1.612000E+00 -3.994896E-03
  1.613000E+00 -3.932836E-03
  1.614000E+00 -3.869359E-03
  1.615000E+00 -3.804508E-03
  1.616000E+00 -3.738344E-03
  1.617000E+00 -3.670942E-03
  1.618000E+00 -3.602393E-03
  1.619000E+00 -3.532802E-03
  1.620000E+00 -3.462287E-03
  1.621000E+00 -3.390976E-03
  1.622000E+00 -3.319007E-03
  1.623000E+00 -3.246521E-03
  1.624000E+00 -3.173667E-03
  1.625000E+00 -3.100591E-03
  1.626000E+00 -3.027438E-03
  1.627000E+00 -2.954350E-03
  1.628000E+00 -2.881460E-03
  1.629000E+00 -2.808889E-03
  1.630000E+00 -2.736748E-03
  1.631000E+00 -2.665131E-03
  1.632000E+00 -2.594116E-03
  1.633000E+00 -2.523765E-03
  1.634000E+00 -2.454117E-03
  1.635000E+00 -2.385195E-03
  1.636000E+00 -2.317000E-03
  1.637000E+00 -2.249517E-03
  1.638000E+00 -2.182710E-03
  1.639000E+00 -2.116527E-03
  1.640000E+00 -2.050904E-03
  1.641000E+00 -1.985760E-03
  1.642000E+00 -1.921007E-03
  1.643000E+00 -1.856550E-03
  1.644000E+00 -1.792288E-03
  1.645000E+00 -1.728121E-03
  1.646000E+00 -1.663949E-03
  1.647000E+00 -1.599678E-03
  1.648000E+00 -1.535223E-03
  1.649000E+00 -1.470508E-03
  1.650000E+00 -1.405469E-03
  1.651000E+00 -1.340060E-03
  1.652000E+00 -1.274249E-03
  1.653000E+00 -1.208022E-03
  1.654000E+00 -1.141381E-03
  1.655000E+00 -1.074350E-03
  1.656000E+00 -1.006967E-03
  1.657000E+00 -9.392880E-04
  1.658000E+00 -8.713830E-04
  1.659000E+00 -8.033361E-04
  1.660000E+00 -7.352417E-04
  1.661000E+00 -6.672029E-04
  1.662000E+00 -5.993283E-04
  1.663000E+00 -5.317288E-04
  1.664000E+00 -4.645152E-04
  1.665000E+00 -3.977947E-04
  1.666000E+00 -3.316678E-04
  1.667000E+00 -2.662262E-04
  1.668000E+00 -2.015493E-04
  1.669000E+00 -1.377027E-04
  1.670000E+00 -7.473604E-05
  1.671000E+00 -1.268146E-05
  1.672000E+00  4.844714E-05
  1.673000E+00  1.086547E-04
  1.674000E+00  1.679648E-04
  1.675000E+00  2.264192E-04
  1.676000E+00  2.840768E-04
  1.677000E+00  3.410117E-04
  1.678000E+00  3.973117E-04
  1.679000E+00  4.530753E-04
  1.680000E+00  5.084097E-04
  1.681000E+00  5.634270E-04
  1.682000E+00  6.182420E-04
  1.683000E+00  6.729685E-04
  1.684000E+00  7.277160E-04
  1.685000E+00  7.825874E-04
  1.686000E+00  8.376755E-04
  1.687000E+00  8.930610E-04
  1.688000E+00  9.488101E-04
  1.689000E+00  1.004973E-03
  1.690000E+00  1.061581E-03
  1.691000E+00  1.118650E-03
  1.692000E+00  1.176175E-03
  1.693000E+00  1.234133E-03
  1.694000E+00  1.292485E-03
  1.695000E+00  1.351174E-03
  1.696000E+00  1.410128E-03
  1.697000E+00  1.469265E-03
  1.698000E+00  1.528490E-03
  1.699000E+00  1.587703E-03
  1.700000E+00  1.646797E-03
  1.701000E+00  1.705666E-03
  1.702000E+00  1.764202E-03
  1.703000E+00  1.822304E-03
  1.704000E+00  1.879879E-03
  1.705000E+00  1.936839E-03
  1.706000E+00  1.993113E-03
  1.707000E+00  2.048642E-03
  1.708000E+00  2.103380E-03
  1.709000E+00  2.157301E-03
  1.710000E+00  2.210395E-03
  1.711000E+00  2.262667E-03
  1.712000E+00  2.314142E-03
  1.713000E+00  2.364859E-03
  1.714000E+00  2.414871E-03
  1.715000E+00  2.464246E-03
  1.716000E+00  2.513062E-03
  1.717000E+00  2.561405E-03
  1.718000E+00  2.609368E-03
  1.719000E+00  2.657046E-03
  1.720000E+00  2.704537E-03
  1.721000E+00  2.751933E-03
  1.722000E+00  2.799324E-03
  1.723000E+00  2.846791E-03
  1.724000E+00  2.894406E-03
  1.725000E+00  2.942227E-03
  1.726000E+00  2.990301E-03
  1.727000E+00  3.038658E-03
  1.728000E+00  3.087310E-03
  1.729000E+00  3.136256E-03
  1.730000E+00  3.185475E-03
  1.731000E+00  3.234931E-03
  1.732000E+00  3.284569E-03
  1.733000E+00  3.334321E-03
  1.734000E+00  3.384105E-03
  1.735000E+00  3.433826E-03
  1.736000E+00  3.483379E-03
  1.737000E+00  3.532650E-03
  1.738000E+00  3.581518E-03
  1.739000E+00  3.629861E-03
  1.740000E+00  3.677553E-03
  1.741000E+00  3.724470E-03
  1.742000E+00  3.770491E-03
  1.743000E+00  3.815499E-03
  1.744000E+00  3.859385E-03
  1.745000E+00  3.902048E-03
  1.746000E+00  3.943399E-03
  1.747000E+00  3.983357E-03
  1.748000E+00  4.021857E-03
  1.749000E+00  4.058843E-03
  1.750000E+00  4.094275E-03
  1.751000E+00  4.128123E-03
  1.752000E+00  4.160370E-03
  1.753000E+00  4.191014E-03
  1.754000E+00  4.220058E-03
  1.755000E+00  4.247518E-03
  1.756000E+00  4.273419E-03
  1.757000E+00  4.297791E-03
  1.758000E+00  4.320668E-03
  1.759000E+00  4.342089E-03
  1.760000E+00  4.362095E-03
  1.761000E+00  4.380725E-03
  1.762000E+00  4.398018E-03
  1.763000E+00  4.414009E-03
  1.764000E+00  4.428728E-03
  1.765000E+00  4.442201E-03
  1.766000E+00  4.454446E-03
  1.767000E+00  4.465473E-03
  1.768000E+00  4.475286E-03
  1.769000E+00  4.483880E-03
  1.770000E+00  4.491243E-03
  1.771000E+00  4.497353E-03
  1.772000E+00  4.502182E-03
  1.773000E+00  4.505698E-03
  1.774000E+00  4.507859E-03
  1.775000E+00  4.508621E-03
  1.776000E+00  4.507937E-03
  1.777000E+00  4.505757E-03
  1.778000E+00  4.502033E-03
  1.779000E+00  4.496713E-03
  1.780000E+00  4.489752E-03
  1.781000E+00  4.481108E-03
  1.782000E+00  4.470741E-03
  1.783000E+00  4.458621E-03
  1.784000E+00  4.444723E-03
  1.785000E+00  4.429031E-03
  1.786000E+00  4.411540E-03
  1.787000E+00  4.392251E-03
  1.788000E+00  4.371179E-03
  1.789000E+00  4.348348E-03
  1.790000E+00  4.323792E-03
  1.791000E+00  4.297558E-03
  1.792000E+00  4.269700E-03
  1.793000E+00  4.240285E-03
  1.794000E+00  4.209389E-03
  1.795000E+00  4.177096E-03
  1.796000E+00  4.143497E-03
  1.797000E+00  4.108693E-03
  1.798000E+00  4.072789E-03
  1.799000E+00  4.035896E-03
  1.800000E+00  3.998130E-03
  1.801000E+00  3.959607E-03
  1.802000E+00  3.920449E-03
  1.803000E+00  3.880776E-03
  1.804000E+00  3.840708E-03
  1.805000E+00  3.800366E-03
  1.806000E+00  3.759865E-03
  1.807000E+00  3.719319E-03
  1.808000E+00  3.678837E-03
  1.809000E+00  3.638524E-03
  1.810000E+00  3.598476E-03
  1.811000E+00  3.558784E-03
  1.812000E+00  3.519534E-03
  1.813000E+00  3.480799E-03
  1.814000E+00  3.442648E-03
  1.815000E+00  3.405139E-03
  1.816000E+00  3.368323E-03
  1.817000E+00  3.332241E-03
  1.818000E+00  3.296925E-03
  1.819000E+00  3.262400E-03
  1.820000E+00  3.228681E-03
  1.821000E+00  3.195776E-03
  1.822000E+00  3.163687E-03
  1.823000E+00  3.132408E-03
  1.824000E+00  3.101929E-03
  1.825000E+00  3.072233E-03
  1.826000E+00  3.043303E-03
  1.827000E+00  3.015115E-03
  1.828000E+00  2.987645E-03
  1.829000E+00  2.960870E-03
  1.830000E+00  2.934765E-03
  1.831000E+00  2.909307E-03
  1.832000E+00  2.884475E-03
  1.833000E+00  2.860252E-03
  1.834000E+00  2.836625E-03
  1.835000E+00  2.813584E-03
  1.836000E+00  2.791125E-03
  1.837000E+00  2.769249E-03
  1.838000E+00  2.747962E-03
  1.839000E+00  2.727276E-03
  1.840000E+00  2.707207E-03
  1.841000E+00  2.687778E-03
  1.842000E+00  2.669012E-03
  1.843000E+00  2.650938E-03
  1.844000E+00  2.633587E-03
  1.845000E+00  2.616990E-03
  1.846000E+00  2.601176E-03
  1.847000E+00  2.586176E-03
  1.848000E+00  2.572014E-03
  1.849000E+00  2.558713E-03
  1.850000E+00  2.546286E-03
  1.851000E+00  2.534743E-03
  1.852000E+00  2.524082E-03
  1.853000E+00  2.514293E-03
  1.854000E+00  2.505357E-03
  1.855000E+00  2.497241E-03
  1.856000E+00  2.489904E-03
  1.857000E+00  2.483291E-03
  1.858000E+00  2.477339E-03
  1.859000E+00  2.471972E-03
  1.860000E+00  2.467106E-03
  1.861000E+00  2.462649E-03
  1.862000E+00  2.458498E-03
  1.863000E+00  2.454549E-03
  1.864000E+00  2.450691E-03
  1.865000E+00  2.446812E-03
  1.866000E+00  2.442798E-03
  1.867000E+00  2.438538E-03
  1.868000E+00  2.433924E-03
  1.869000E+00  2.428854E-03
  1.870000E+00  2.423233E-03
  1.871000E+00  2.416974E-03
  1.872000E+00  2.410004E-03
  1.873000E+00  2.402258E-03
  1.874000E+00  2.393687E-03
  1.875000E+00  2.384255E-03
  1.876000E+00  2.373940E-03
  1.877000E+00  2.362736E-03
  1.878000E+00  2.350651E-03
  1.879000E+00  2.337709E-03
  1.880000E+00  2.323944E-03
  1.881000E+00  2.309405E-03
  1.882000E+00  2.294152E-03
  1.883000E+00  2.278253E-03
  1.884000E+00  2.261784E-03
  1.885000E+00  2.244827E-03
  1.886000E+00  2.227466E-03
  1.887000E+00  2.209785E-03
  1.888000E+00  2.191868E-03
  1.889000E+00  2.173793E-03
  1.890000E+00  2.155633E-03
  1.891000E+00  2.137452E-03
  1.892000E+00  2.119303E-03
  1.893000E+00  2.101226E-03
  1.894000E+00  2.083250E-03
  1.895000E+00  2.065386E-03
  1.896000E+00  2.047631E-03
  1.897000E+00  2.029966E-03
  1.898000E+00  2.012355E-03
  1.899000E+00  1.994747E-03
  1.900000E+00  1.977076E-03
  1.901000E+00  1.959263E-03
  1.902000E+00  1.941215E-03
  1.903000E+00  1.922833E-03
  1.904000E+00  1.904005E-03
  1.905000E+00  1.884616E-03
  1.906000E+00  1.864549E-03
  1.907000E+00  1.843683E-03
  1.908000E+00  1.821902E-03
  1.909000E+00  1.799093E-03
  1.910000E+00  1.775152E-03
  1.911000E+00  1.749982E-03
  1.912000E+00  1.723498E-03
  1.913000E+00  1.695629E-03
  1.914000E+00  1.666318E-03
  1.915000E+00  1.635522E-03
  1.916000E+00  1.603216E-03
  1.917000E+00  1.569389E-03
  1.918000E+00  1.534045E-03
  1.919000E+00  1.497204E-03
  1.920000E+00  1.458899E-03
  1.921000E+00  1.419174E-03
  1.922000E+00  1.378083E-03
  1.923000E+00  1.335688E-03
  1.924000E+00  1.292056E-03
  1.925000E+00  1.247257E-03
  1.926000E+00  1.201360E-03
  1.927000E+00  1.154432E-03
  1.928000E+00  1.106535E-03
  1.929000E+00  1.057725E-03
  1.930000E+00  1.008048E-03
  1.931000E+00  9.575380E-04
  1.932000E+00  9.062175E-04
  1.933000E+00  8.540958E-04
  1.934000E+00  8.011679E-04
  1.935000E+00  7.474150E-04
  1.936000E+00  6.928047E-04
  1.937000E+00  6.372918E-04
  1.938000E+00  5.808198E-04
  1.939000E+00  5.233224E-04
  1.940000E+00  4.647258E-04
  1.941000E+00  4.049511E-04
  1.942000E+00  3.439170E-04
  1.943000E+00  2.815422E-04
  1.944000E+00  2.177492E-04
  1.945000E+00  1.524666E-04
  1.946000E+00  8.563223E-05
  1.947000E+00  1.719579E-05
  1.948000E+00 -5.287849E-05
  1.949000E+00 -1.246098E-04
  1.950000E+00 -1.979988E-04
  1.951000E+00 -2.730265E-04
  1.952000E+00 -3.496530E-04
  1.953000E+00 -4.278176E-04
  1.954000E+00 -5.074384E-04
  1.955000E+00 -5.884132E-04
  1.956000E+00 -6.706211E-04
  1.957000E+00 -7.539232E-04
  1.958000E+00 -8.381656E-04
  1.959000E+00 -9.231815E-04
  1.960000E+00 -1.008794E-03
  1.961000E+00 -1.094819E-03
  1.962000E+00 -1.181068E-03
  1.963000E+00 -1.267353E-03
  1.964000E+00 -1.353488E-03
  1.965000E+00 -1.439292E-03
  1.966000E+00 -1.524595E-03
  1.967000E+00 -1.609236E-03
  1.968000E+00 -1.693068E-03
  1.969000E+00 -1.775961E-03
  1.970000E+00 -1.857802E-03
  1.971000E+00 -1.938494E-03
  1.972000E+00 -2.017962E-03
  1.973000E+00 -2.096148E-03
  1.974000E+00 -2.173011E-03
  1.975000E+00 -2.248531E-03
  1.976000E+00 -2.322701E-03
  1.977000E+00 -2.395530E-03
  1.978000E+00 -2.467037E-03
  1.979000E+00 -2.537253E-03
  1.980000E+00 -2.606216E-03
  1.981000E+00 -2.673967E-03
  1.982000E+00 -2.740550E-03
  1.983000E+00 -2.806009E-03
  1.984000E+00 -2.870383E-03
  1.985000E+00 -2.933707E-03
  1.986000E+00 -2.996007E-03
  1.987000E+00 -3.057302E-03
  1.988000E+00 -3.117598E-03
  1.989000E+00 -3.176890E-03
  1.990000E+00 -3.235161E-03
  1.991000E+00 -3.292384E-03
  1.992000E+00 -3.348519E-03
  1.993000E+00 -3.403513E-03
  1.994000E+00 -3.457309E-03
  1.995000E+00 -3.509837E-03
  1.996000E+00 -3.561025E-03
  1.997000E+00 -3.610796E-03
  1.998000E+00 -3.659072E-03
  1.999000E+00 -3.705778E-03
  2.000000E+00  3.174863E-02
