; material = LLZO                                                       
La            2000  7.83549747E+00          580.000000
  0.000000E+00  1.000000E+00
  1.000000E-03  9.991553E-01
  2.000000E-03  9.966276E-01
  3.000000E-03  9.924365E-01
  4.000000E-03  9.866138E-01
  5.000000E-03  9.792035E-01
  6.000000E-03  9.702602E-01
  7.000000E-03  9.598486E-01
  8.000000E-03  9.480419E-01
  9.000000E-03  9.349203E-01
  1.000000E-02  9.205696E-01
  1.100000E-02  9.050795E-01
  1.200000E-02  8.885419E-01
  1.300000E-02  8.710495E-01
  1.400000E-02  8.526938E-01
  1.500000E-02  8.335641E-01
  1.600000E-02  8.137459E-01
  1.700000E-02  7.933195E-01
  1.800000E-02  7.723597E-01
  1.900000E-02  7.509340E-01
  2.000000E-02  7.291031E-01
  2.100000E-02  7.069197E-01
  2.200000E-02  6.844290E-01
  2.300000E-02  6.616684E-01
  2.400000E-02  6.386681E-01
  2.500000E-02  6.154514E-01
  2.600000E-02  5.920355E-01
  2.700000E-02  5.684327E-01
  2.800000E-02  5.446506E-01
  2.900000E-02  5.206939E-01
  3.000000E-02  4.965650E-01
  3.100000E-02  4.722653E-01
  3.200000E-02  4.477964E-01
  3.300000E-02  4.231610E-01
  3.400000E-02  3.983638E-01
  3.500000E-02  3.734127E-01
  3.600000E-02  3.483190E-01
  3.700000E-02  3.230984E-01
  3.800000E-02  2.977713E-01
  3.900000E-02  2.723630E-01
  4.000000E-02  2.469036E-01
  4.100000E-02  2.214281E-01
  4.200000E-02  1.959761E-01
  4.300000E-02  1.705911E-01
  4.400000E-02  1.453204E-01
  4.500000E-02  1.202137E-01
  4.600000E-02  9.532281E-02
  4.700000E-02  7.070066E-02
  4.800000E-02  4.640022E-02
  4.900000E-02  2.247363E-02
  5.000000E-02 -1.028712E-03
  5.100000E-02 -2.405909E-02
  5.200000E-02 -4.657331E-02
  5.300000E-02 -6.853144E-02
  5.400000E-02 -8.989843E-02
  5.500000E-02 -1.106447E-01
  5.600000E-02 -1.307464E-01
  5.700000E-02 -1.501858E-01
  5.800000E-02 -1.689512E-01
  5.900000E-02 -1.870371E-01
  6.000000E-02 -2.044437E-01
  6.100000E-02 -2.211766E-01
  6.200000E-02 -2.372466E-01
  6.300000E-02 -2.526689E-01
  6.400000E-02 -2.674622E-01
  6.500000E-02 -2.816485E-01
  6.600000E-02 -2.952517E-01
  6.700000E-02 -3.082974E-01
  6.800000E-02 -3.208116E-01
  6.900000E-02 -3.328200E-01
  7.000000E-02 -3.443476E-01
  7.100000E-02 -3.554175E-01
  7.200000E-02 -3.660507E-01
  7.300000E-02 -3.762655E-01
  7.400000E-02 -3.860768E-01
  7.500000E-02 -3.954965E-01
  7.600000E-02 -4.045327E-01
  7.700000E-02 -4.131899E-01
  7.800000E-02 -4.214690E-01
  7.900000E-02 -4.293679E-01
  8.000000E-02 -4.368811E-01
  8.100000E-02 -4.440006E-01
  8.200000E-02 -4.507162E-01
  8.300000E-02 -4.570161E-01
  8.400000E-02 -4.628872E-01
  8.500000E-02 -4.683159E-01
  8.600000E-02 -4.732888E-01
  8.700000E-02 -4.777927E-01
  8.800000E-02 -4.818159E-01
  8.900000E-02 -4.853482E-01
  9.000000E-02 -4.883812E-01
  9.100000E-02 -4.909092E-01
  9.200000E-02 -4.929290E-01
  9.300000E-02 -4.944401E-01
  9.400000E-02 -4.954453E-01
  9.500000E-02 -4.959501E-01
  9.600000E-02 -4.959627E-01
  9.700000E-02 -4.954944E-01
  9.800000E-02 -4.945587E-01
  9.900000E-02 -4.931714E-01
  1.000000E-01 -4.913500E-01
  1.010000E-01 -4.891135E-01
  1.020000E-01 -4.864820E-01
  1.030000E-01 -4.834761E-01
  1.040000E-01 -4.801165E-01
  1.050000E-01 -4.764238E-01
  1.060000E-01 -4.724178E-01
  1.070000E-01 -4.681175E-01
  1.080000E-01 -4.635403E-01
  1.090000E-01 -4.587025E-01
  1.100000E-01 -4.536183E-01
  1.110000E-01 -4.483003E-01
  1.120000E-01 -4.427591E-01
  1.130000E-01 -4.370035E-01
  1.140000E-01 -4.310405E-01
  1.150000E-01 -4.248755E-01
  1.160000E-01 -4.185124E-01
  1.170000E-01 -4.119537E-01
  1.180000E-01 -4.052014E-01
  1.190000E-01 -3.982565E-01
  1.200000E-01 -3.911196E-01
  1.210000E-01 -3.837915E-01
  1.220000E-01 -3.762731E-01
  1.230000E-01 -3.685661E-01
  1.240000E-01 -3.606726E-01
  1.250000E-01 -3.525962E-01
  1.260000E-01 -3.443415E-01
  1.270000E-01 -3.359146E-01
  1.280000E-01 -3.273229E-01
  1.290000E-01 -3.185755E-01
  1.300000E-01 -3.096830E-01
  1.310000E-01 -3.006574E-01
  1.320000E-01 -2.915122E-01
  1.330000E-01 -2.822619E-01
  1.340000E-01 -2.729222E-01
  1.350000E-01 -2.635097E-01
  1.360000E-01 -2.540414E-01
  1.370000E-01 -2.445347E-01
  1.380000E-01 -2.350071E-01
  1.390000E-01 -2.254761E-01
  1.400000E-01 -2.159586E-01
  1.410000E-01 -2.064708E-01
  1.420000E-01 -1.970283E-01
  1.430000E-01 -1.876455E-01
  1.440000E-01 -1.783357E-01
  1.450000E-01 -1.691109E-01
  1.460000E-01 -1.599817E-01
  1.470000E-01 -1.509575E-01
  1.480000E-01 -1.420461E-01
  1.490000E-01 -1.332541E-01
  1.500000E-01 -1.245869E-01
  1.510000E-01 -1.160485E-01
  1.520000E-01 -1.076421E-01
  1.530000E-01 -9.936994E-02
  1.540000E-01 -9.123361E-02
  1.550000E-01 -8.323406E-02
  1.560000E-01 -7.537194E-02
  1.570000E-01 -6.764769E-02
  1.580000E-01 -6.006169E-02
  1.590000E-01 -5.261448E-02
  1.600000E-01 -4.530683E-02
  1.610000E-01 -3.813985E-02
  1.620000E-01 -3.111512E-02
  1.630000E-01 -2.423471E-02
  1.640000E-01 -1.750124E-02
  1.650000E-01 -1.091788E-02
  1.660000E-01 -4.488304E-03
  1.670000E-01  1.783295E-03
  1.680000E-01  7.892315E-03
  1.690000E-01  1.383380E-02
  1.700000E-01  1.960257E-02
  1.710000E-01  2.519326E-02
  1.720000E-01  3.060051E-02
  1.730000E-01  3.581906E-02
  1.740000E-01  4.084382E-02
  1.750000E-01  4.567005E-02
  1.760000E-01  5.029343E-02
  1.770000E-01  5.471014E-02
  1.780000E-01  5.891698E-02
  1.790000E-01  6.291140E-02
  1.800000E-01  6.669157E-02
  1.810000E-01  7.025640E-02
  1.820000E-01  7.360555E-02
  1.830000E-01  7.673946E-02
  1.840000E-01  7.965929E-02
  1.850000E-01  8.236691E-02
  1.860000E-01  8.486486E-02
  1.870000E-01  8.715627E-02
  1.880000E-01  8.924484E-02
  1.890000E-01  9.113472E-02
  1.900000E-01  9.283047E-02
  1.910000E-01  9.433698E-02
  1.920000E-01  9.565939E-02
  1.930000E-01  9.680302E-02
  1.940000E-01  9.777333E-02
  1.950000E-01  9.857581E-02
  1.960000E-01  9.921597E-02
  1.970000E-01  9.969926E-02
  1.980000E-01  1.000311E-01
  1.990000E-01  1.002167E-01
  2.000000E-01  1.002612E-01
  2.010000E-01  1.001697E-01
  2.020000E-01  9.994686E-02
  2.030000E-01  9.959741E-02
  2.040000E-01  9.912582E-02
  2.050000E-01  9.853640E-02
  2.060000E-01  9.783330E-02
  2.070000E-01  9.702051E-02
  2.080000E-01  9.610186E-02
  2.090000E-01  9.508106E-02
  2.100000E-01  9.396167E-02
  2.110000E-01  9.274712E-02
  2.120000E-01  9.144073E-02
  2.130000E-01  9.004570E-02
  2.140000E-01  8.856512E-02
  2.150000E-01  8.700199E-02
  2.160000E-01  8.535922E-02
  2.170000E-01  8.363965E-02
  2.180000E-01  8.184605E-02
  2.190000E-01  7.998114E-02
  2.200000E-01  7.804764E-02
  2.210000E-01  7.604825E-02
  2.220000E-01  7.398570E-02
  2.230000E-01  7.186278E-02
  2.240000E-01  6.968238E-02
  2.250000E-01  6.744751E-02
  2.260000E-01  6.516134E-02
  2.270000E-01  6.282726E-02
  2.280000E-01  6.044887E-02
  2.290000E-01  5.803008E-02
  2.300000E-01  5.557508E-02
  2.310000E-01  5.308841E-02
  2.320000E-01  5.057493E-02
  2.330000E-01  4.803989E-02
  2.340000E-01  4.548889E-02
  2.350000E-01  4.292787E-02
  2.360000E-01  4.036311E-02
  2.370000E-01  3.780119E-02
  2.380000E-01  3.524894E-02
  2.390000E-01  3.271340E-02
  2.400000E-01  3.020174E-02
  2.410000E-01  2.772117E-02
  2.420000E-01  2.527890E-02
  2.430000E-01  2.288202E-02
  2.440000E-01  2.053742E-02
  2.450000E-01  1.825169E-02
  2.460000E-01  1.603104E-02
  2.470000E-01  1.388117E-02
  2.480000E-01  1.180728E-02
  2.490000E-01  9.813887E-03
  2.500000E-01  7.904852E-03
  2.510000E-01  6.083292E-03
  2.520000E-01  4.351565E-03
  2.530000E-01  2.711257E-03
  2.540000E-01  1.163184E-03
  2.550000E-01 -2.925781E-04
  2.560000E-01 -1.656653E-03
  2.570000E-01 -2.930301E-03
  2.580000E-01 -4.115346E-03
  2.590000E-01 -5.214080E-03
  2.600000E-01 -6.229164E-03
  2.610000E-01 -7.163517E-03
  2.620000E-01 -8.020196E-03
  2.630000E-01 -8.802283E-03
  2.640000E-01 -9.512764E-03
  2.650000E-01 -1.015442E-02
  2.660000E-01 -1.072973E-02
  2.670000E-01 -1.124076E-02
  2.680000E-01 -1.168912E-02
  2.690000E-01 -1.207591E-02
  2.700000E-01 -1.240163E-02
  2.710000E-01 -1.266625E-02
  2.720000E-01 -1.286915E-02
  2.730000E-01 -1.300920E-02
  2.740000E-01 -1.308478E-02
  2.750000E-01 -1.309390E-02
  2.760000E-01 -1.303424E-02
  2.770000E-01 -1.290332E-02
  2.780000E-01 -1.269860E-02
  2.790000E-01 -1.241760E-02
  2.800000E-01 -1.205806E-02
  2.810000E-01 -1.161810E-02
  2.820000E-01 -1.109631E-02
  2.830000E-01 -1.049192E-02
  2.840000E-01 -9.804882E-03
  2.850000E-01 -9.036011E-03
  2.860000E-01 -8.187034E-03
  2.870000E-01 -7.260655E-03
  2.880000E-01 -6.260589E-03
  2.890000E-01 -5.191559E-03
  2.900000E-01 -4.059276E-03
  2.910000E-01 -2.870381E-03
  2.920000E-01 -1.632370E-03
  2.930000E-01 -3.534821E-04
  2.940000E-01  9.574269E-04
  2.950000E-01  2.291034E-03
  2.960000E-01  3.637715E-03
  2.970000E-01  4.987721E-03
  2.980000E-01  6.331358E-03
  2.990000E-01  7.659175E-03
  3.000000E-01  8.962146E-03
  3.010000E-01  1.023183E-02
  3.020000E-01  1.146056E-02
  3.030000E-01  1.264152E-02
  3.040000E-01  1.376893E-02
  3.050000E-01  1.483810E-02
  3.060000E-01  1.584550E-02
  3.070000E-01  1.678877E-02
  3.080000E-01  1.766675E-02
  3.090000E-01  1.847944E-02
  3.100000E-01  1.922791E-02
  3.110000E-01  1.991424E-02
  3.120000E-01  2.054139E-02
  3.130000E-01  2.111305E-02
  3.140000E-01  2.163350E-02
  3.150000E-01  2.210742E-02
  3.160000E-01  2.253970E-02
  3.170000E-01  2.293530E-02
  3.180000E-01  2.329900E-02
  3.190000E-01  2.363530E-02
  3.200000E-01  2.394819E-02
  3.210000E-01  2.424107E-02
  3.220000E-01  2.451656E-02
  3.230000E-01  2.477649E-02
  3.240000E-01  2.502175E-02
  3.250000E-01  2.525231E-02
  3.260000E-01  2.546719E-02
  3.270000E-01  2.566450E-02
  3.280000E-01  2.584150E-02
  3.290000E-01  2.599466E-02
  3.300000E-01  2.611982E-02
  3.310000E-01  2.621228E-02
  3.320000E-01  2.626697E-02
  3.330000E-01  2.627865E-02
  3.340000E-01  2.624202E-02
  3.350000E-01  2.615197E-02
  3.360000E-01  2.600368E-02
  3.370000E-01  2.579287E-02
  3.380000E-01  2.551590E-02
  3.390000E-01  2.516993E-02
  3.400000E-01  2.475300E-02
  3.410000E-01  2.426419E-02
  3.420000E-01  2.370362E-02
  3.430000E-01  2.307250E-02
  3.440000E-01  2.237315E-02
  3.450000E-01  2.160893E-02
  3.460000E-01  2.078422E-02
  3.470000E-01  1.990432E-02
  3.480000E-01  1.897531E-02
  3.490000E-01  1.800396E-02
  3.500000E-01  1.699753E-02
  3.510000E-01  1.596364E-02
  3.520000E-01  1.491007E-02
  3.530000E-01  1.384459E-02
  3.540000E-01  1.277481E-02
  3.550000E-01  1.170793E-02
  3.560000E-01  1.065070E-02
  3.570000E-01  9.609183E-03
  3.580000E-01  8.588674E-03
  3.590000E-01  7.593609E-03
  3.600000E-01  6.627491E-03
  3.610000E-01  5.692843E-03
  3.620000E-01  4.791206E-03
  3.630000E-01  3.923153E-03
  3.640000E-01  3.088335E-03
  3.650000E-01  2.285559E-03
  3.660000E-01  1.512878E-03
  3.670000E-01  7.677140E-04
  3.680000E-01  4.699046E-05
  3.690000E-01 -6.527190E-04
  3.700000E-01 -1.335036E-03
  3.710000E-01 -2.003619E-03
  3.720000E-01 -2.662005E-03
  3.730000E-01 -3.313463E-03
  3.740000E-01 -3.960849E-03
  3.750000E-01 -4.606486E-03
  3.760000E-01 -5.252059E-03
  3.770000E-01 -5.898528E-03
  3.780000E-01 -6.546072E-03
  3.790000E-01 -7.194052E-03
  3.800000E-01 -7.841008E-03
  3.810000E-01 -8.484672E-03
  3.820000E-01 -9.122018E-03
  3.830000E-01 -9.749328E-03
  3.840000E-01 -1.036228E-02
  3.850000E-01 -1.095606E-02
  3.860000E-01 -1.152550E-02
  3.870000E-01 -1.206516E-02
  3.880000E-01 -1.256955E-02
  3.890000E-01 -1.303321E-02
  3.900000E-01 -1.345088E-02
  3.910000E-01 -1.381766E-02
  3.920000E-01 -1.412907E-02
  3.930000E-01 -1.438125E-02
  3.940000E-01 -1.457099E-02
  3.950000E-01 -1.469585E-02
  3.960000E-01 -1.475420E-02
  3.970000E-01 -1.474525E-02
  3.980000E-01 -1.466909E-02
  3.990000E-01 -1.452663E-02
  4.000000E-01 -1.431962E-02
  4.010000E-01 -1.405055E-02
  4.020000E-01 -1.372260E-02
  4.030000E-01 -1.333954E-02
  4.040000E-01 -1.290564E-02
  4.050000E-01 -1.242552E-02
  4.060000E-01 -1.190407E-02
  4.070000E-01 -1.134631E-02
  4.080000E-01 -1.075724E-02
  4.090000E-01 -1.014177E-02
  4.100000E-01 -9.504559E-03
  4.110000E-01 -8.849968E-03
  4.120000E-01 -8.181925E-03
  4.130000E-01 -7.503880E-03
  4.140000E-01 -6.818746E-03
  4.150000E-01 -6.128868E-03
  4.160000E-01 -5.436004E-03
  4.170000E-01 -4.741332E-03
  4.180000E-01 -4.045474E-03
  4.190000E-01 -3.348534E-03
  4.200000E-01 -2.650155E-03
  4.210000E-01 -1.949591E-03
  4.220000E-01 -1.245782E-03
  4.230000E-01 -5.374507E-04
  4.240000E-01  1.768121E-04
  4.250000E-01  8.984453E-04
  4.260000E-01  1.628825E-03
  4.270000E-01  2.369172E-03
  4.280000E-01  3.120468E-03
  4.290000E-01  3.883382E-03
  4.300000E-01  4.658203E-03
  4.310000E-01  5.444790E-03
  4.320000E-01  6.242540E-03
  4.330000E-01  7.050360E-03
  4.340000E-01  7.866667E-03
  4.350000E-01  8.689397E-03
  4.360000E-01  9.516031E-03
  4.370000E-01  1.034363E-02
  4.380000E-01  1.116890E-02
  4.390000E-01  1.198823E-02
  4.400000E-01  1.279779E-02
  4.410000E-01  1.359358E-02
  4.420000E-01  1.437156E-02
  4.430000E-01  1.512767E-02
  4.440000E-01  1.585796E-02
  4.450000E-01  1.655863E-02
  4.460000E-01  1.722615E-02
  4.470000E-01  1.785728E-02
  4.480000E-01  1.844915E-02
  4.490000E-01  1.899931E-02
  4.500000E-01  1.950573E-02
  4.510000E-01  1.996687E-02
  4.520000E-01  2.038163E-02
  4.530000E-01  2.074942E-02
  4.540000E-01  2.107008E-02
  4.550000E-01  2.134386E-02
  4.560000E-01  2.157142E-02
  4.570000E-01  2.175377E-02
  4.580000E-01  2.189218E-02
  4.590000E-01  2.198818E-02
  4.600000E-01  2.204346E-02
  4.610000E-01  2.205983E-02
  4.620000E-01  2.203913E-02
  4.630000E-01  2.198322E-02
  4.640000E-01  2.189387E-02
  4.650000E-01  2.177273E-02
  4.660000E-01  2.162134E-02
  4.670000E-01  2.144100E-02
  4.680000E-01  2.123282E-02
  4.690000E-01  2.099768E-02
  4.700000E-01  2.073621E-02
  4.710000E-01  2.044882E-02
  4.720000E-01  2.013570E-02
  4.730000E-01  1.979681E-02
  4.740000E-01  1.943196E-02
  4.750000E-01  1.904081E-02
  4.760000E-01  1.862290E-02
  4.770000E-01  1.817773E-02
  4.780000E-01  1.770474E-02
  4.790000E-01  1.720343E-02
  4.800000E-01  1.667335E-02
  4.810000E-01  1.611415E-02
  4.820000E-01  1.552563E-02
  4.830000E-01  1.490777E-02
  4.840000E-01  1.426076E-02
  4.850000E-01  1.358499E-02
  4.860000E-01  1.288111E-02
  4.870000E-01  1.215002E-02
  4.880000E-01  1.139287E-02
  4.890000E-01  1.061103E-02
  4.900000E-01  9.806129E-03
  4.910000E-01  8.979979E-03
  4.920000E-01  8.134588E-03
  4.930000E-01  7.272116E-03
  4.940000E-01  6.394845E-03
  4.950000E-01  5.505138E-03
  4.960000E-01  4.605406E-03
  4.970000E-01  3.698069E-03
  4.980000E-01  2.785515E-03
  4.990000E-01  1.870068E-03
  5.000000E-01  9.539520E-04
  5.010000E-01  3.925933E-05
  5.020000E-01 -8.720726E-04
  5.030000E-01 -1.778284E-03
  5.040000E-01 -2.677811E-03
  5.050000E-01 -3.569292E-03
  5.060000E-01 -4.451576E-03
  5.070000E-01 -5.323723E-03
  5.080000E-01 -6.184995E-03
  5.090000E-01 -7.034847E-03
  5.100000E-01 -7.872911E-03
  5.110000E-01 -8.698976E-03
  5.120000E-01 -9.512965E-03
  5.130000E-01 -1.031491E-02
  5.140000E-01 -1.110491E-02
  5.150000E-01 -1.188314E-02
  5.160000E-01 -1.264977E-02
  5.170000E-01 -1.340497E-02
  5.180000E-01 -1.414889E-02
  5.190000E-01 -1.488160E-02
  5.200000E-01 -1.560309E-02
  5.210000E-01 -1.631324E-02
  5.220000E-01 -1.701182E-02
  5.230000E-01 -1.769846E-02
  5.240000E-01 -1.837265E-02
  5.250000E-01 -1.903374E-02
  5.260000E-01 -1.968092E-02
  5.270000E-01 -2.031325E-02
  5.280000E-01 -2.092967E-02
  5.290000E-01 -2.152900E-02
  5.300000E-01 -2.210994E-02
  5.310000E-01 -2.267113E-02
  5.320000E-01 -2.321115E-02
  5.330000E-01 -2.372855E-02
  5.340000E-01 -2.422187E-02
  5.350000E-01 -2.468966E-02
  5.360000E-01 -2.513052E-02
  5.370000E-01 -2.554314E-02
  5.380000E-01 -2.592629E-02
  5.390000E-01 -2.627887E-02
  5.400000E-01 -2.659990E-02
  5.410000E-01 -2.688858E-02
  5.420000E-01 -2.714428E-02
  5.430000E-01 -2.736655E-02
  5.440000E-01 -2.755513E-02
  5.450000E-01 -2.770996E-02
  5.460000E-01 -2.783116E-02
  5.470000E-01 -2.791905E-02
  5.480000E-01 -2.797413E-02
  5.490000E-01 -2.799704E-02
  5.500000E-01 -2.798860E-02
  5.510000E-01 -2.794973E-02
  5.520000E-01 -2.788147E-02
  5.530000E-01 -2.778493E-02
  5.540000E-01 -2.766127E-02
  5.550000E-01 -2.751167E-02
  5.560000E-01 -2.733733E-02
  5.570000E-01 -2.713939E-02
  5.580000E-01 -2.691895E-02
  5.590000E-01 -2.667702E-02
  5.600000E-01 -2.641451E-02
  5.610000E-01 -2.613219E-02
  5.620000E-01 -2.583072E-02
  5.630000E-01 -2.551059E-02
  5.640000E-01 -2.517213E-02
  5.650000E-01 -2.481553E-02
  5.660000E-01 -2.444080E-02
  5.670000E-01 -2.404782E-02
  5.680000E-01 -2.363631E-02
  5.690000E-01 -2.320590E-02
  5.700000E-01 -2.275608E-02
  5.710000E-01 -2.228630E-02
  5.720000E-01 -2.179595E-02
  5.730000E-01 -2.128438E-02
  5.740000E-01 -2.075099E-02
  5.750000E-01 -2.019519E-02
  5.760000E-01 -1.961650E-02
  5.770000E-01 -1.901453E-02
  5.780000E-01 -1.838903E-02
  5.790000E-01 -1.773992E-02
  5.800000E-01 -1.706730E-02
  5.810000E-01 -1.637150E-02
  5.820000E-01 -1.565305E-02
  5.830000E-01 -1.491273E-02
  5.840000E-01 -1.415154E-02
  5.850000E-01 -1.337073E-02
  5.860000E-01 -1.257176E-02
  5.870000E-01 -1.175632E-02
  5.880000E-01 -1.092626E-02
  5.890000E-01 -1.008363E-02
  5.900000E-01 -9.230583E-03
  5.910000E-01 -8.369397E-03
  5.920000E-01 -7.502400E-03
  5.930000E-01 -6.631949E-03
  5.940000E-01 -5.760384E-03
  5.950000E-01 -4.889987E-03
  5.960000E-01 -4.022946E-03
  5.970000E-01 -3.161315E-03
  5.980000E-01 -2.306980E-03
  5.990000E-01 -1.461632E-03
  6.000000E-01 -6.267372E-04
  6.010000E-01  1.964757E-04
  6.020000E-01  1.007032E-03
  6.030000E-01  1.804217E-03
  6.040000E-01  2.587569E-03
  6.050000E-01  3.356878E-03
  6.060000E-01  4.112165E-03
  6.070000E-01  4.853660E-03
  6.080000E-01  5.581775E-03
  6.090000E-01  6.297070E-03
  6.100000E-01  7.000215E-03
  6.110000E-01  7.691948E-03
  6.120000E-01  8.373033E-03
  6.130000E-01  9.044215E-03
  6.140000E-01  9.706175E-03
  6.150000E-01  1.035949E-02
  6.160000E-01  1.100459E-02
  6.170000E-01  1.164173E-02
  6.180000E-01  1.227096E-02
  6.190000E-01  1.289209E-02
  6.200000E-01  1.350468E-02
  6.210000E-01  1.410804E-02
  6.220000E-01  1.470122E-02
  6.230000E-01  1.528302E-02
  6.240000E-01  1.585200E-02
  6.250000E-01  1.640653E-02
  6.260000E-01  1.694476E-02
  6.270000E-01  1.746473E-02
  6.280000E-01  1.796436E-02
  6.290000E-01  1.844152E-02
  6.300000E-01  1.889407E-02
  6.310000E-01  1.931992E-02
  6.320000E-01  1.971707E-02
  6.330000E-01  2.008368E-02
  6.340000E-01  2.041807E-02
  6.350000E-01  2.071883E-02
  6.360000E-01  2.098480E-02
  6.370000E-01  2.121514E-02
  6.380000E-01  2.140933E-02
  6.390000E-01  2.156719E-02
  6.400000E-01  2.168890E-02
  6.410000E-01  2.177498E-02
  6.420000E-01  2.182629E-02
  6.430000E-01  2.184400E-02
  6.440000E-01  2.182959E-02
  6.450000E-01  2.178477E-02
  6.460000E-01  2.171148E-02
  6.470000E-01  2.161181E-02
  6.480000E-01  2.148798E-02
  6.490000E-01  2.134225E-02
  6.500000E-01  2.117691E-02
  6.510000E-01  2.099420E-02
  6.520000E-01  2.079624E-02
  6.530000E-01  2.058502E-02
  6.540000E-01  2.036233E-02
  6.550000E-01  2.012975E-02
  6.560000E-01  1.988859E-02
  6.570000E-01  1.963986E-02
  6.580000E-01  1.938431E-02
  6.590000E-01  1.912237E-02
  6.600000E-01  1.885419E-02
  6.610000E-01  1.857963E-02
  6.620000E-01  1.829829E-02
  6.630000E-01  1.800954E-02
  6.640000E-01  1.771258E-02
  6.650000E-01  1.740643E-02
  6.660000E-01  1.709001E-02
  6.670000E-01  1.676221E-02
  6.680000E-01  1.642190E-02
  6.690000E-01  1.606799E-02
  6.700000E-01  1.569950E-02
  6.710000E-01  1.531561E-02
  6.720000E-01  1.491565E-02
  6.730000E-01  1.449921E-02
  6.740000E-01  1.406612E-02
  6.750000E-01  1.361650E-02
  6.760000E-01  1.315075E-02
  6.770000E-01  1.266957E-02
  6.780000E-01  1.217396E-02
  6.790000E-01  1.166522E-02
  6.800000E-01  1.114489E-02
  6.810000E-01  1.061478E-02
  6.820000E-01  1.007687E-02
  6.830000E-01  9.533327E-03
  6.840000E-01  8.986432E-03
  6.850000E-01  8.438537E-03
  6.860000E-01  7.892016E-03
  6.870000E-01  7.349212E-03
  6.880000E-01  6.812391E-03
  6.890000E-01  6.283691E-03
  6.900000E-01  5.765079E-03
  6.910000E-01  5.258311E-03
  6.920000E-01  4.764902E-03
  6.930000E-01  4.286096E-03
  6.940000E-01  3.822849E-03
  6.950000E-01  3.375817E-03
  6.960000E-01  2.945353E-03
  6.970000E-01  2.531511E-03
  6.980000E-01  2.134063E-03
  6.990000E-01  1.752514E-03
  7.000000E-01  1.386130E-03
  7.010000E-01  1.033973E-03
  7.020000E-01  6.949375E-04
  7.030000E-01  3.677884E-04
  7.040000E-01  5.120781E-05
  7.050000E-01 -2.561619E-04
  7.060000E-01 -5.556740E-04
  7.070000E-01 -8.486346E-04
  7.080000E-01 -1.136263E-03
  7.090000E-01 -1.419654E-03
  7.100000E-01 -1.699748E-03
  7.110000E-01 -1.977304E-03
  7.120000E-01 -2.252880E-03
  7.130000E-01 -2.526818E-03
  7.140000E-01 -2.799241E-03
  7.150000E-01 -3.070049E-03
  7.160000E-01 -3.338929E-03
  7.170000E-01 -3.605366E-03
  7.180000E-01 -3.868666E-03
  7.190000E-01 -4.127973E-03
  7.200000E-01 -4.382303E-03
  7.210000E-01 -4.630576E-03
  7.220000E-01 -4.871644E-03
  7.230000E-01 -5.104333E-03
  7.240000E-01 -5.327472E-03
  7.250000E-01 -5.539933E-03
  7.260000E-01 -5.740660E-03
  7.270000E-01 -5.928698E-03
  7.280000E-01 -6.103225E-03
  7.290000E-01 -6.263566E-03
  7.300000E-01 -6.409217E-03
  7.310000E-01 -6.539852E-03
  7.320000E-01 -6.655335E-03
  7.330000E-01 -6.755718E-03
  7.340000E-01 -6.841238E-03
  7.350000E-01 -6.912309E-03
  7.360000E-01 -6.969508E-03
  7.370000E-01 -7.013560E-03
  7.380000E-01 -7.045314E-03
  7.390000E-01 -7.065721E-03
  7.400000E-01 -7.075812E-03
  7.410000E-01 -7.076666E-03
  7.420000E-01 -7.069389E-03
  7.430000E-01 -7.055084E-03
  7.440000E-01 -7.034829E-03
  7.450000E-01 -7.009652E-03
  7.460000E-01 -6.980512E-03
  7.470000E-01 -6.948282E-03
  7.480000E-01 -6.913732E-03
  7.490000E-01 -6.877524E-03
  7.500000E-01 -6.840199E-03
  7.510000E-01 -6.802179E-03
  7.520000E-01 -6.763766E-03
  7.530000E-01 -6.725146E-03
  7.540000E-01 -6.686396E-03
  7.550000E-01 -6.647495E-03
  7.560000E-01 -6.608337E-03
  7.570000E-01 -6.568744E-03
  7.580000E-01 -6.528480E-03
  7.590000E-01 -6.487271E-03
  7.600000E-01 -6.444817E-03
  7.610000E-01 -6.400810E-03
  7.620000E-01 -6.354949E-03
  7.630000E-01 -6.306951E-03
  7.640000E-01 -6.256568E-03
  7.650000E-01 -6.203591E-03
  7.660000E-01 -6.147862E-03
  7.670000E-01 -6.089278E-03
  7.680000E-01 -6.027792E-03
  7.690000E-01 -5.963419E-03
  7.700000E-01 -5.896232E-03
  7.710000E-01 -5.826356E-03
  7.720000E-01 -5.753970E-03
  7.730000E-01 -5.679295E-03
  7.740000E-01 -5.602588E-03
  7.750000E-01 -5.524136E-03
  7.760000E-01 -5.444247E-03
  7.770000E-01 -5.363239E-03
  7.780000E-01 -5.281438E-03
  7.790000E-01 -5.199162E-03
  7.800000E-01 -5.116723E-03
  7.810000E-01 -5.034415E-03
  7.820000E-01 -4.952513E-03
  7.830000E-01 -4.871267E-03
  7.840000E-01 -4.790905E-03
  7.850000E-01 -4.711625E-03
  7.860000E-01 -4.633602E-03
  7.870000E-01 -4.556986E-03
  7.880000E-01 -4.481907E-03
  7.890000E-01 -4.408474E-03
  7.900000E-01 -4.336782E-03
  7.910000E-01 -4.266915E-03
  7.920000E-01 -4.198949E-03
  7.930000E-01 -4.132956E-03
  7.940000E-01 -4.069005E-03
  7.950000E-01 -4.007171E-03
  7.960000E-01 -3.947528E-03
  7.970000E-01 -3.890156E-03
  7.980000E-01 -3.835138E-03
  7.990000E-01 -3.782562E-03
  8.000000E-01 -3.732517E-03
  8.010000E-01 -3.685090E-03
  8.020000E-01 -3.640365E-03
  8.030000E-01 -3.598417E-03
  8.040000E-01 -3.559312E-03
  8.050000E-01 -3.523095E-03
  8.060000E-01 -3.489794E-03
  8.070000E-01 -3.459412E-03
  8.080000E-01 -3.431924E-03
  8.090000E-01 -3.407274E-03
  8.100000E-01 -3.385375E-03
  8.110000E-01 -3.366105E-03
  8.120000E-01 -3.349310E-03
  8.130000E-01 -3.334801E-03
  8.140000E-01 -3.322362E-03
  8.150000E-01 -3.311750E-03
  8.160000E-01 -3.302698E-03
  8.170000E-01 -3.294923E-03
  8.180000E-01 -3.288132E-03
  8.190000E-01 -3.282027E-03
  8.200000E-01 -3.276312E-03
  8.210000E-01 -3.270700E-03
  8.220000E-01 -3.264923E-03
  8.230000E-01 -3.258733E-03
  8.240000E-01 -3.251914E-03
  8.250000E-01 -3.244280E-03
  8.260000E-01 -3.235687E-03
  8.270000E-01 -3.226029E-03
  8.280000E-01 -3.215243E-03
  8.290000E-01 -3.203310E-03
  8.300000E-01 -3.190252E-03
  8.310000E-01 -3.176128E-03
  8.320000E-01 -3.161035E-03
  8.330000E-01 -3.145099E-03
  8.340000E-01 -3.128469E-03
  8.350000E-01 -3.111312E-03
  8.360000E-01 -3.093805E-03
  8.370000E-01 -3.076124E-03
  8.380000E-01 -3.058441E-03
  8.390000E-01 -3.040911E-03
  8.400000E-01 -3.023667E-03
  8.410000E-01 -3.006815E-03
  8.420000E-01 -2.990421E-03
  8.430000E-01 -2.974514E-03
  8.440000E-01 -2.959076E-03
  8.450000E-01 -2.944044E-03
  8.460000E-01 -2.929305E-03
  8.470000E-01 -2.914700E-03
  8.480000E-01 -2.900024E-03
  8.490000E-01 -2.885030E-03
  8.500000E-01 -2.869431E-03
  8.510000E-01 -2.852912E-03
  8.520000E-01 -2.835130E-03
  8.530000E-01 -2.815727E-03
  8.540000E-01 -2.794334E-03
  8.550000E-01 -2.770581E-03
  8.560000E-01 -2.744106E-03
  8.570000E-01 -2.714564E-03
  8.580000E-01 -2.681631E-03
  8.590000E-01 -2.645013E-03
  8.600000E-01 -2.604456E-03
  8.610000E-01 -2.559744E-03
  8.620000E-01 -2.510707E-03
  8.630000E-01 -2.457224E-03
  8.640000E-01 -2.399221E-03
  8.650000E-01 -2.336675E-03
  8.660000E-01 -2.269610E-03
  8.670000E-01 -2.198094E-03
  8.680000E-01 -2.122237E-03
  8.690000E-01 -2.042187E-03
  8.700000E-01 -1.958122E-03
  8.710000E-01 -1.870248E-03
  8.720000E-01 -1.778788E-03
  8.730000E-01 -1.683981E-03
  8.740000E-01 -1.586073E-03
  8.750000E-01 -1.485311E-03
  8.760000E-01 -1.381938E-03
  8.770000E-01 -1.276191E-03
  8.780000E-01 -1.168292E-03
  8.790000E-01 -1.058450E-03
  8.800000E-01 -9.468551E-04
  8.810000E-01 -8.336799E-04
  8.820000E-01 -7.190773E-04
  8.830000E-01 -6.031821E-04
  8.840000E-01 -4.861123E-04
  8.850000E-01 -3.679707E-04
  8.860000E-01 -2.488478E-04
  8.870000E-01 -1.288247E-04
  8.880000E-01 -7.976446E-06
  8.890000E-01  1.136249E-04
  8.900000E-01  2.359070E-04
  8.910000E-01  3.587940E-04
  8.920000E-01  4.822043E-04
  8.930000E-01  6.060484E-04
  8.940000E-01  7.302272E-04
  8.950000E-01  8.546314E-04
  8.960000E-01  9.791410E-04
  8.970000E-01  1.103626E-03
  8.980000E-01  1.227949E-03
  8.990000E-01  1.351963E-03
  9.000000E-01  1.475518E-03
  9.010000E-01  1.598462E-03
  9.020000E-01  1.720645E-03
  9.030000E-01  1.841917E-03
  9.040000E-01  1.962140E-03
  9.050000E-01  2.081183E-03
  9.060000E-01  2.198928E-03
  9.070000E-01  2.315273E-03
  9.080000E-01  2.430129E-03
  9.090000E-01  2.543427E-03
  9.100000E-01  2.655113E-03
  9.110000E-01  2.765151E-03
  9.120000E-01  2.873519E-03
  9.130000E-01  2.980207E-03
  9.140000E-01  3.085216E-03
  9.150000E-01  3.188553E-03
  9.160000E-01  3.290229E-03
  9.170000E-01  3.390251E-03
  9.180000E-01  3.488621E-03
  9.190000E-01  3.585333E-03
  9.200000E-01  3.680362E-03
  9.210000E-01  3.773670E-03
  9.220000E-01  3.865194E-03
  9.230000E-01  3.954849E-03
  9.240000E-01  4.042525E-03
  9.250000E-01  4.128085E-03
  9.260000E-01  4.211365E-03
  9.270000E-01  4.292179E-03
  9.280000E-01  4.370318E-03
  9.290000E-01  4.445551E-03
  9.300000E-01  4.517637E-03
  9.310000E-01  4.586321E-03
  9.320000E-01  4.651348E-03
  9.330000E-01  4.712460E-03
  9.340000E-01  4.769413E-03
  9.350000E-01  4.821973E-03
  9.360000E-01  4.869929E-03
  9.370000E-01  4.913099E-03
  9.380000E-01  4.951330E-03
  9.390000E-01  4.984509E-03
  9.400000E-01  5.012561E-03
  9.410000E-01  5.035457E-03
  9.420000E-01  5.053210E-03
  9.430000E-01  5.065877E-03
  9.440000E-01  5.073559E-03
  9.450000E-01  5.076396E-03
  9.460000E-01  5.074564E-03
  9.470000E-01  5.068271E-03
  9.480000E-01  5.057745E-03
  9.490000E-01  5.043235E-03
  9.500000E-01  5.024997E-03
  9.510000E-01  5.003286E-03
  9.520000E-01  4.978353E-03
  9.530000E-01  4.950429E-03
  9.540000E-01  4.919721E-03
  9.550000E-01  4.886407E-03
  9.560000E-01  4.850624E-03
  9.570000E-01  4.812466E-03
  9.580000E-01  4.771978E-03
  9.590000E-01  4.729159E-03
  9.600000E-01  4.683951E-03
  9.610000E-01  4.636248E-03
  9.620000E-01  4.585898E-03
  9.630000E-01  4.532701E-03
  9.640000E-01  4.476419E-03
  9.650000E-01  4.416784E-03
  9.660000E-01  4.353502E-03
  9.670000E-01  4.286266E-03
  9.680000E-01  4.214763E-03
  9.690000E-01  4.138688E-03
  9.700000E-01  4.057749E-03
  9.710000E-01  3.971682E-03
  9.720000E-01  3.880260E-03
  9.730000E-01  3.783300E-03
  9.740000E-01  3.680672E-03
  9.750000E-01  3.572307E-03
  9.760000E-01  3.458200E-03
  9.770000E-01  3.338414E-03
  9.780000E-01  3.213083E-03
  9.790000E-01  3.082408E-03
  9.800000E-01  2.946659E-03
  9.810000E-01  2.806169E-03
  9.820000E-01  2.661326E-03
  9.830000E-01  2.512569E-03
  9.840000E-01  2.360378E-03
  9.850000E-01  2.205263E-03
  9.860000E-01  2.047754E-03
  9.870000E-01  1.888390E-03
  9.880000E-01  1.727705E-03
  9.890000E-01  1.566220E-03
  9.900000E-01  1.404433E-03
  9.910000E-01  1.242801E-03
  9.920000E-01  1.081742E-03
  9.930000E-01  9.216168E-04
  9.940000E-01  7.627314E-04
  9.950000E-01  6.053273E-04
  9.960000E-01  4.495805E-04
  9.970000E-01  2.956015E-04
  9.980000E-01  1.434359E-04
  9.990000E-01 -6.932069E-06
  1.000000E+00 -1.555744E-04
  1.001000E+00 -3.026126E-04
  1.002000E+00 -4.482097E-04
  1.003000E+00 -5.925610E-04
  1.004000E+00 -7.358835E-04
  1.005000E+00 -8.784051E-04
  1.006000E+00 -1.020354E-03
  1.007000E+00 -1.161947E-03
  1.008000E+00 -1.303380E-03
  1.009000E+00 -1.444815E-03
  1.010000E+00 -1.586377E-03
  1.011000E+00 -1.728139E-03
  1.012000E+00 -1.870123E-03
  1.013000E+00 -2.012289E-03
  1.014000E+00 -2.154538E-03
  1.015000E+00 -2.296707E-03
  1.016000E+00 -2.438573E-03
  1.017000E+00 -2.579854E-03
  1.018000E+00 -2.720215E-03
  1.019000E+00 -2.859274E-03
  1.020000E+00 -2.996610E-03
  1.021000E+00 -3.131771E-03
  1.022000E+00 -3.264286E-03
  1.023000E+00 -3.393676E-03
  1.024000E+00 -3.519461E-03
  1.025000E+00 -3.641177E-03
  1.026000E+00 -3.758383E-03
  1.027000E+00 -3.870672E-03
  1.028000E+00 -3.977683E-03
  1.029000E+00 -4.079105E-03
  1.030000E+00 -4.174689E-03
  1.031000E+00 -4.264249E-03
  1.032000E+00 -4.347670E-03
  1.033000E+00 -4.424907E-03
  1.034000E+00 -4.495987E-03
  1.035000E+00 -4.561006E-03
  1.036000E+00 -4.620128E-03
  1.037000E+00 -4.673577E-03
  1.038000E+00 -4.721635E-03
  1.039000E+00 -4.764630E-03
  1.040000E+00 -4.802927E-03
  1.041000E+00 -4.836923E-03
  1.042000E+00 -4.867031E-03
  1.043000E+00 -4.893673E-03
  1.044000E+00 -4.917268E-03
  1.045000E+00 -4.938221E-03
  1.046000E+00 -4.956916E-03
  1.047000E+00 -4.973701E-03
  1.048000E+00 -4.988885E-03
  1.049000E+00 -5.002730E-03
  1.050000E+00 -5.015444E-03
  1.051000E+00 -5.027176E-03
  1.052000E+00 -5.038017E-03
  1.053000E+00 -5.047996E-03
  1.054000E+00 -5.057080E-03
  1.055000E+00 -5.065180E-03
  1.056000E+00 -5.072150E-03
  1.057000E+00 -5.077794E-03
  1.058000E+00 -5.081873E-03
  1.059000E+00 -5.084111E-03
  1.060000E+00 -5.084202E-03
  1.061000E+00 -5.081822E-03
  1.062000E+00 -5.076632E-03
  1.063000E+00 -5.068294E-03
  1.064000E+00 -5.056473E-03
  1.065000E+00 -5.040853E-03
  1.066000E+00 -5.021137E-03
  1.067000E+00 -4.997061E-03
  1.068000E+00 -4.968397E-03
  1.069000E+00 -4.934958E-03
  1.070000E+00 -4.896605E-03
  1.071000E+00 -4.853247E-03
  1.072000E+00 -4.804844E-03
  1.073000E+00 -4.751407E-03
  1.074000E+00 -4.692999E-03
  1.075000E+00 -4.629730E-03
  1.076000E+00 -4.561754E-03
  1.077000E+00 -4.489268E-03
  1.078000E+00 -4.412503E-03
  1.079000E+00 -4.331720E-03
  1.080000E+00 -4.247204E-03
  1.081000E+00 -4.159254E-03
  1.082000E+00 -4.068179E-03
  1.083000E+00 -3.974292E-03
  1.084000E+00 -3.877897E-03
  1.085000E+00 -3.779288E-03
  1.086000E+00 -3.678738E-03
  1.087000E+00 -3.576500E-03
  1.088000E+00 -3.472793E-03
  1.089000E+00 -3.367804E-03
  1.090000E+00 -3.261682E-03
  1.091000E+00 -3.154539E-03
  1.092000E+00 -3.046442E-03
  1.093000E+00 -2.937420E-03
  1.094000E+00 -2.827459E-03
  1.095000E+00 -2.716509E-03
  1.096000E+00 -2.604481E-03
  1.097000E+00 -2.491254E-03
  1.098000E+00 -2.376678E-03
  1.099000E+00 -2.260582E-03
  1.100000E+00 -2.142772E-03
  1.101000E+00 -2.023046E-03
  1.102000E+00 -1.901194E-03
  1.103000E+00 -1.777006E-03
  1.104000E+00 -1.650279E-03
  1.105000E+00 -1.520821E-03
  1.106000E+00 -1.388462E-03
  1.107000E+00 -1.253050E-03
  1.108000E+00 -1.114467E-03
  1.109000E+00 -9.726247E-04
  1.110000E+00 -8.274713E-04
  1.111000E+00 -6.789945E-04
  1.112000E+00 -5.272225E-04
  1.113000E+00 -3.722250E-04
  1.114000E+00 -2.141133E-04
  1.115000E+00 -5.303931E-05
  1.116000E+00  1.108062E-04
  1.117000E+00  2.771963E-04
  1.118000E+00  4.458713E-04
  1.119000E+00  6.165431E-04
  1.120000E+00  7.888997E-04
  1.121000E+00  9.626109E-04
  1.122000E+00  1.137334E-03
  1.123000E+00  1.312718E-03
  1.124000E+00  1.488413E-03
  1.125000E+00  1.664073E-03
  1.126000E+00  1.839365E-03
  1.127000E+00  2.013971E-03
  1.128000E+00  2.187595E-03
  1.129000E+00  2.359969E-03
  1.130000E+00  2.530853E-03
  1.131000E+00  2.700044E-03
  1.132000E+00  2.867372E-03
  1.133000E+00  3.032706E-03
  1.134000E+00  3.195951E-03
  1.135000E+00  3.357051E-03
  1.136000E+00  3.515986E-03
  1.137000E+00  3.672768E-03
  1.138000E+00  3.827441E-03
  1.139000E+00  3.980076E-03
  1.140000E+00  4.130763E-03
  1.141000E+00  4.279611E-03
  1.142000E+00  4.426740E-03
  1.143000E+00  4.572275E-03
  1.144000E+00  4.716340E-03
  1.145000E+00  4.859053E-03
  1.146000E+00  5.000518E-03
  1.147000E+00  5.140822E-03
  1.148000E+00  5.280030E-03
  1.149000E+00  5.418178E-03
  1.150000E+00  5.555273E-03
  1.151000E+00  5.691287E-03
  1.152000E+00  5.826160E-03
  1.153000E+00  5.959791E-03
  1.154000E+00  6.092048E-03
  1.155000E+00  6.222762E-03
  1.156000E+00  6.351732E-03
  1.157000E+00  6.478731E-03
  1.158000E+00  6.603503E-03
  1.159000E+00  6.725774E-03
  1.160000E+00  6.845256E-03
  1.161000E+00  6.961651E-03
  1.162000E+00  7.074661E-03
  1.163000E+00  7.183988E-03
  1.164000E+00  7.289348E-03
  1.165000E+00  7.390472E-03
  1.166000E+00  7.487112E-03
  1.167000E+00  7.579048E-03
  1.168000E+00  7.666091E-03
  1.169000E+00  7.748089E-03
  1.170000E+00  7.824925E-03
  1.171000E+00  7.896524E-03
  1.172000E+00  7.962848E-03
  1.173000E+00  8.023901E-03
  1.174000E+00  8.079724E-03
  1.175000E+00  8.130393E-03
  1.176000E+00  8.176015E-03
  1.177000E+00  8.216726E-03
  1.178000E+00  8.252682E-03
  1.179000E+00  8.284058E-03
  1.180000E+00  8.311039E-03
  1.181000E+00  8.333813E-03
  1.182000E+00  8.352569E-03
  1.183000E+00  8.367486E-03
  1.184000E+00  8.378732E-03
  1.185000E+00  8.386455E-03
  1.186000E+00  8.390781E-03
  1.187000E+00  8.391811E-03
  1.188000E+00  8.389616E-03
  1.189000E+00  8.384238E-03
  1.190000E+00  8.375685E-03
  1.191000E+00  8.363939E-03
  1.192000E+00  8.348951E-03
  1.193000E+00  8.330645E-03
  1.194000E+00  8.308924E-03
  1.195000E+00  8.283673E-03
  1.196000E+00  8.254764E-03
  1.197000E+00  8.222059E-03
  1.198000E+00  8.185421E-03
  1.199000E+00  8.144716E-03
  1.200000E+00  8.099820E-03
  1.201000E+00  8.050626E-03
  1.202000E+00  7.997048E-03
  1.203000E+00  7.939027E-03
  1.204000E+00  7.876533E-03
  1.205000E+00  7.809572E-03
  1.206000E+00  7.738183E-03
  1.207000E+00  7.662445E-03
  1.208000E+00  7.582473E-03
  1.209000E+00  7.498419E-03
  1.210000E+00  7.410471E-03
  1.211000E+00  7.318847E-03
  1.212000E+00  7.223795E-03
  1.213000E+00  7.125586E-03
  1.214000E+00  7.024509E-03
  1.215000E+00  6.920868E-03
  1.216000E+00  6.814972E-03
  1.217000E+00  6.707132E-03
  1.218000E+00  6.597655E-03
  1.219000E+00  6.486838E-03
  1.220000E+00  6.374959E-03
  1.221000E+00  6.262281E-03
  1.222000E+00  6.149040E-03
  1.223000E+00  6.035446E-03
  1.224000E+00  5.921680E-03
  1.225000E+00  5.807892E-03
  1.226000E+00  5.694203E-03
  1.227000E+00  5.580706E-03
  1.228000E+00  5.467465E-03
  1.229000E+00  5.354519E-03
  1.230000E+00  5.241888E-03
  1.231000E+00  5.129574E-03
  1.232000E+00  5.017567E-03
  1.233000E+00  4.905849E-03
  1.234000E+00  4.794400E-03
  1.235000E+00  4.683204E-03
  1.236000E+00  4.572250E-03
  1.237000E+00  4.461540E-03
  1.238000E+00  4.351091E-03
  1.239000E+00  4.240940E-03
  1.240000E+00  4.131142E-03
  1.241000E+00  4.021777E-03
  1.242000E+00  3.912945E-03
  1.243000E+00  3.804771E-03
  1.244000E+00  3.697397E-03
  1.245000E+00  3.590987E-03
  1.246000E+00  3.485717E-03
  1.247000E+00  3.381777E-03
  1.248000E+00  3.279360E-03
  1.249000E+00  3.178666E-03
  1.250000E+00  3.079888E-03
  1.251000E+00  2.983213E-03
  1.252000E+00  2.888815E-03
  1.253000E+00  2.796850E-03
  1.254000E+00  2.707452E-03
  1.255000E+00  2.620732E-03
  1.256000E+00  2.536771E-03
  1.257000E+00  2.455621E-03
  1.258000E+00  2.377306E-03
  1.259000E+00  2.301816E-03
  1.260000E+00  2.229115E-03
  1.261000E+00  2.159140E-03
  1.262000E+00  2.091802E-03
  1.263000E+00  2.026995E-03
  1.264000E+00  1.964597E-03
  1.265000E+00  1.904475E-03
  1.266000E+00  1.846493E-03
  1.267000E+00  1.790514E-03
  1.268000E+00  1.736409E-03
  1.269000E+00  1.684062E-03
  1.270000E+00  1.633372E-03
  1.271000E+00  1.584261E-03
  1.272000E+00  1.536676E-03
  1.273000E+00  1.490590E-03
  1.274000E+00  1.446008E-03
  1.275000E+00  1.402964E-03
  1.276000E+00  1.361520E-03
  1.277000E+00  1.321766E-03
  1.278000E+00  1.283819E-03
  1.279000E+00  1.247814E-03
  1.280000E+00  1.213905E-03
  1.281000E+00  1.182254E-03
  1.282000E+00  1.153028E-03
  1.283000E+00  1.126394E-03
  1.284000E+00  1.102508E-03
  1.285000E+00  1.081512E-03
  1.286000E+00  1.063525E-03
  1.287000E+00  1.048641E-03
  1.288000E+00  1.036918E-03
  1.289000E+00  1.028380E-03
  1.290000E+00  1.023010E-03
  1.291000E+00  1.020748E-03
  1.292000E+00  1.021493E-03
  1.293000E+00  1.025101E-03
  1.294000E+00  1.031388E-03
  1.295000E+00  1.040134E-03
  1.296000E+00  1.051086E-03
  1.297000E+00  1.063965E-03
  1.298000E+00  1.078472E-03
  1.299000E+00  1.094297E-03
  1.300000E+00  1.111123E-03
  1.301000E+00  1.128638E-03
  1.302000E+00  1.146541E-03
  1.303000E+00  1.164553E-03
  1.304000E+00  1.182420E-03
  1.305000E+00  1.199923E-03
  1.306000E+00  1.216884E-03
  1.307000E+00  1.233169E-03
  1.308000E+00  1.248691E-03
  1.309000E+00  1.263415E-03
  1.310000E+00  1.277355E-03
  1.311000E+00  1.290575E-03
  1.312000E+00  1.303186E-03
  1.313000E+00  1.315339E-03
  1.314000E+00  1.327224E-03
  1.315000E+00  1.339060E-03
  1.316000E+00  1.351088E-03
  1.317000E+00  1.363561E-03
  1.318000E+00  1.376738E-03
  1.319000E+00  1.390871E-03
  1.320000E+00  1.406198E-03
  1.321000E+00  1.422933E-03
  1.322000E+00  1.441256E-03
  1.323000E+00  1.461308E-03
  1.324000E+00  1.483182E-03
  1.325000E+00  1.506918E-03
  1.326000E+00  1.532501E-03
  1.327000E+00  1.559856E-03
  1.328000E+00  1.588850E-03
  1.329000E+00  1.619292E-03
  1.330000E+00  1.650935E-03
  1.331000E+00  1.683480E-03
  1.332000E+00  1.716587E-03
  1.333000E+00  1.749874E-03
  1.334000E+00  1.782934E-03
  1.335000E+00  1.815339E-03
  1.336000E+00  1.846649E-03
  1.337000E+00  1.876428E-03
  1.338000E+00  1.904250E-03
  1.339000E+00  1.929709E-03
  1.340000E+00  1.952430E-03
  1.341000E+00  1.972077E-03
  1.342000E+00  1.988360E-03
  1.343000E+00  2.001044E-03
  1.344000E+00  2.009948E-03
  1.345000E+00  2.014955E-03
  1.346000E+00  2.016009E-03
  1.347000E+00  2.013114E-03
  1.348000E+00  2.006336E-03
  1.349000E+00  1.995797E-03
  1.350000E+00  1.981668E-03
  1.351000E+00  1.964168E-03
  1.352000E+00  1.943550E-03
  1.353000E+00  1.920096E-03
  1.354000E+00  1.894107E-03
  1.355000E+00  1.865893E-03
  1.356000E+00  1.835766E-03
  1.357000E+00  1.804027E-03
  1.358000E+00  1.770957E-03
  1.359000E+00  1.736814E-03
  1.360000E+00  1.701818E-03
  1.361000E+00  1.666154E-03
  1.362000E+00  1.629959E-03
  1.363000E+00  1.593324E-03
  1.364000E+00  1.556293E-03
  1.365000E+00  1.518858E-03
  1.366000E+00  1.480967E-03
  1.367000E+00  1.442523E-03
  1.368000E+00  1.403390E-03
  1.369000E+00  1.363397E-03
  1.370000E+00  1.322349E-03
  1.371000E+00  1.280030E-03
  1.372000E+00  1.236214E-03
  1.373000E+00  1.190672E-03
  1.374000E+00  1.143180E-03
  1.375000E+00  1.093531E-03
  1.376000E+00  1.041537E-03
  1.377000E+00  9.870405E-04
  1.378000E+00  9.299202E-04
  1.379000E+00  8.700934E-04
  1.380000E+00  8.075222E-04
  1.381000E+00  7.422149E-04
  1.382000E+00  6.742273E-04
  1.383000E+00  6.036623E-04
  1.384000E+00  5.306677E-04
  1.385000E+00  4.554338E-04
  1.386000E+00  3.781879E-04
  1.387000E+00  2.991902E-04
  1.388000E+00  2.187262E-04
  1.389000E+00  1.371007E-04
  1.390000E+00  5.462962E-05
  1.391000E+00 -2.836719E-05
  1.392000E+00 -1.115739E-04
  1.393000E+00 -1.946862E-04
  1.394000E+00 -2.774179E-04
  1.395000E+00 -3.595078E-04
  1.396000E+00 -4.407246E-04
  1.397000E+00 -5.208718E-04
  1.398000E+00 -5.997909E-04
  1.399000E+00 -6.773637E-04
  1.400000E+00 -7.535131E-04
  1.401000E+00 -8.282032E-04
  1.402000E+00 -9.014374E-04
  1.403000E+00 -9.732563E-04
  1.404000E+00 -1.043734E-03
  1.405000E+00 -1.112974E-03
  1.406000E+00 -1.181103E-03
  1.407000E+00 -1.248268E-03
  1.408000E+00 -1.314626E-03
  1.409000E+00 -1.380343E-03
  1.410000E+00 -1.445583E-03
  1.411000E+00 -1.510506E-03
  1.412000E+00 -1.575263E-03
  1.413000E+00 -1.639985E-03
  1.414000E+00 -1.704789E-03
  1.415000E+00 -1.769765E-03
  1.416000E+00 -1.834981E-03
  1.417000E+00 -1.900478E-03
  1.418000E+00 -1.966270E-03
  1.419000E+00 -2.032345E-03
  1.420000E+00 -2.098668E-03
  1.421000E+00 -2.165180E-03
  1.422000E+00 -2.231804E-03
  1.423000E+00 -2.298448E-03
  1.424000E+00 -2.365008E-03
  1.425000E+00 -2.431374E-03
  1.426000E+00 -2.497434E-03
  1.427000E+00 -2.563077E-03
  1.428000E+00 -2.628200E-03
  1.429000E+00 -2.692711E-03
  1.430000E+00 -2.756532E-03
  1.431000E+00 -2.819602E-03
  1.432000E+00 -2.881881E-03
  1.433000E+00 -2.943349E-03
  1.434000E+00 -3.004011E-03
  1.435000E+00 -3.063892E-03
  1.436000E+00 -3.123039E-03
  1.437000E+00 -3.181523E-03
  1.438000E+00 -3.239429E-03
  1.439000E+00 -3.296859E-03
  1.440000E+00 -3.353930E-03
  1.441000E+00 -3.410765E-03
  1.442000E+00 -3.467494E-03
  1.443000E+00 -3.524248E-03
  1.444000E+00 -3.581157E-03
  1.445000E+00 -3.638343E-03
  1.446000E+00 -3.695922E-03
  1.447000E+00 -3.753995E-03
  1.448000E+00 -3.812649E-03
  1.449000E+00 -3.871957E-03
  1.450000E+00 -3.931973E-03
  1.451000E+00 -3.992733E-03
  1.452000E+00 -4.054255E-03
  1.453000E+00 -4.116540E-03
  1.454000E+00 -4.179574E-03
  1.455000E+00 -4.243328E-03
  1.456000E+00 -4.307760E-03
  1.457000E+00 -4.372823E-03
  1.458000E+00 -4.438460E-03
  1.459000E+00 -4.504612E-03
  1.460000E+00 -4.571221E-03
  1.461000E+00 -4.638230E-03
  1.462000E+00 -4.705590E-03
  1.463000E+00 -4.773259E-03
  1.464000E+00 -4.841204E-03
  1.465000E+00 -4.909407E-03
  1.466000E+00 -4.977860E-03
  1.467000E+00 -5.046569E-03
  1.468000E+00 -5.115555E-03
  1.469000E+00 -5.184850E-03
  1.470000E+00 -5.254499E-03
  1.471000E+00 -5.324556E-03
  1.472000E+00 -5.395083E-03
  1.473000E+00 -5.466149E-03
  1.474000E+00 -5.537823E-03
  1.475000E+00 -5.610177E-03
  1.476000E+00 -5.683277E-03
  1.477000E+00 -5.757184E-03
  1.478000E+00 -5.831953E-03
  1.479000E+00 -5.907623E-03
  1.480000E+00 -5.984224E-03
  1.481000E+00 -6.061768E-03
  1.482000E+00 -6.140253E-03
  1.483000E+00 -6.219659E-03
  1.484000E+00 -6.299949E-03
  1.485000E+00 -6.381067E-03
  1.486000E+00 -6.462945E-03
  1.487000E+00 -6.545496E-03
  1.488000E+00 -6.628621E-03
  1.489000E+00 -6.712212E-03
  1.490000E+00 -6.796150E-03
  1.491000E+00 -6.880310E-03
  1.492000E+00 -6.964565E-03
  1.493000E+00 -7.048785E-03
  1.494000E+00 -7.132844E-03
  1.495000E+00 -7.216616E-03
  1.496000E+00 -7.299986E-03
  1.497000E+00 -7.382842E-03
  1.498000E+00 -7.465085E-03
  1.499000E+00 -7.546623E-03
  1.500000E+00 -7.627374E-03
  1.501000E+00 -7.707269E-03
  1.502000E+00 -7.786245E-03
  1.503000E+00 -7.864248E-03
  1.504000E+00 -7.941231E-03
  1.505000E+00 -8.017152E-03
  1.506000E+00 -8.091971E-03
  1.507000E+00 -8.165648E-03
  1.508000E+00 -8.238141E-03
  1.509000E+00 -8.309401E-03
  1.510000E+00 -8.379374E-03
  1.511000E+00 -8.447995E-03
  1.512000E+00 -8.515189E-03
  1.513000E+00 -8.580864E-03
  1.514000E+00 -8.644916E-03
  1.515000E+00 -8.707226E-03
  1.516000E+00 -8.767659E-03
  1.517000E+00 -8.826065E-03
  1.518000E+00 -8.882280E-03
  1.519000E+00 -8.936127E-03
  1.520000E+00 -8.987418E-03
  1.521000E+00 -9.035959E-03
  1.522000E+00 -9.081548E-03
  1.523000E+00 -9.123981E-03
  1.524000E+00 -9.163057E-03
  1.525000E+00 -9.198578E-03
  1.526000E+00 -9.230352E-03
  1.527000E+00 -9.258201E-03
  1.528000E+00 -9.281959E-03
  1.529000E+00 -9.301477E-03
  1.530000E+00 -9.316627E-03
  1.531000E+00 -9.327300E-03
  1.532000E+00 -9.333411E-03
  1.533000E+00 -9.334896E-03
  1.534000E+00 -9.331719E-03
  1.535000E+00 -9.323862E-03
  1.536000E+00 -9.311334E-03
  1.537000E+00 -9.294161E-03
  1.538000E+00 -9.272390E-03
  1.539000E+00 -9.246084E-03
  1.540000E+00 -9.215318E-03
  1.541000E+00 -9.180180E-03
  1.542000E+00 -9.140764E-03
  1.543000E+00 -9.097167E-03
  1.544000E+00 -9.049488E-03
  1.545000E+00 -8.997824E-03
  1.546000E+00 -8.942264E-03
  1.547000E+00 -8.882894E-03
  1.548000E+00 -8.819786E-03
  1.549000E+00 -8.753002E-03
  1.550000E+00 -8.682593E-03
  1.551000E+00 -8.608595E-03
  1.552000E+00 -8.531033E-03
  1.553000E+00 -8.449921E-03
  1.554000E+00 -8.365259E-03
  1.555000E+00 -8.277040E-03
  1.556000E+00 -8.185253E-03
  1.557000E+00 -8.089878E-03
  1.558000E+00 -7.990899E-03
  1.559000E+00 -7.888298E-03
  1.560000E+00 -7.782065E-03
  1.561000E+00 -7.672199E-03
  1.562000E+00 -7.558707E-03
  1.563000E+00 -7.441614E-03
  1.564000E+00 -7.320960E-03
  1.565000E+00 -7.196806E-03
  1.566000E+00 -7.069230E-03
  1.567000E+00 -6.938335E-03
  1.568000E+00 -6.804244E-03
  1.569000E+00 -6.667102E-03
  1.570000E+00 -6.527076E-03
  1.571000E+00 -6.384349E-03
  1.572000E+00 -6.239126E-03
  1.573000E+00 -6.091624E-03
  1.574000E+00 -5.942072E-03
  1.575000E+00 -5.790709E-03
  1.576000E+00 -5.637777E-03
  1.577000E+00 -5.483522E-03
  1.578000E+00 -5.328184E-03
  1.579000E+00 -5.172001E-03
  1.580000E+00 -5.015200E-03
  1.581000E+00 -4.857993E-03
  1.582000E+00 -4.700579E-03
  1.583000E+00 -4.543139E-03
  1.584000E+00 -4.385834E-03
  1.585000E+00 -4.228803E-03
  1.586000E+00 -4.072166E-03
  1.587000E+00 -3.916019E-03
  1.588000E+00 -3.760440E-03
  1.589000E+00 -3.605485E-03
  1.590000E+00 -3.451196E-03
  1.591000E+00 -3.297595E-03
  1.592000E+00 -3.144697E-03
  1.593000E+00 -2.992504E-03
  1.594000E+00 -2.841015E-03
  1.595000E+00 -2.690225E-03
  1.596000E+00 -2.540133E-03
  1.597000E+00 -2.390740E-03
  1.598000E+00 -2.242058E-03
  1.599000E+00 -2.094108E-03
  1.600000E+00 -1.946928E-03
  1.601000E+00 -1.800568E-03
  1.602000E+00 -1.655099E-03
  1.603000E+00 -1.510610E-03
  1.604000E+00 -1.367207E-03
  1.605000E+00 -1.225018E-03
  1.606000E+00 -1.084187E-03
  1.607000E+00 -9.448723E-04
  1.608000E+00 -8.072502E-04
  1.609000E+00 -6.715060E-04
  1.610000E+00 -5.378344E-04
  1.611000E+00 -4.064348E-04
  1.612000E+00 -2.775082E-04
  1.613000E+00 -1.512532E-04
  1.614000E+00 -2.786223E-05
  1.615000E+00  9.248227E-05
  1.616000E+00  2.096114E-04
  1.617000E+00  3.233731E-04
  1.618000E+00  4.336350E-04
  1.619000E+00  5.402871E-04
  1.620000E+00  6.432433E-04
  1.621000E+00  7.424430E-04
  1.622000E+00  8.378520E-04
  1.623000E+00  9.294622E-04
  1.624000E+00  1.017291E-03
  1.625000E+00  1.101381E-03
  1.626000E+00  1.181797E-03
  1.627000E+00  1.258624E-03
  1.628000E+00  1.331965E-03
  1.629000E+00  1.401939E-03
  1.630000E+00  1.468675E-03
  1.631000E+00  1.532310E-03
  1.632000E+00  1.592985E-03
  1.633000E+00  1.650841E-03
  1.634000E+00  1.706016E-03
  1.635000E+00  1.758645E-03
  1.636000E+00  1.808848E-03
  1.637000E+00  1.856738E-03
  1.638000E+00  1.902412E-03
  1.639000E+00  1.945953E-03
  1.640000E+00  1.987427E-03
  1.641000E+00  2.026883E-03
  1.642000E+00  2.064354E-03
  1.643000E+00  2.099858E-03
  1.644000E+00  2.133399E-03
  1.645000E+00  2.164968E-03
  1.646000E+00  2.194546E-03
  1.647000E+00  2.222105E-03
  1.648000E+00  2.247615E-03
  1.649000E+00  2.271043E-03
  1.650000E+00  2.292358E-03
  1.651000E+00  2.311534E-03
  1.652000E+00  2.328551E-03
  1.653000E+00  2.343401E-03
  1.654000E+00  2.356088E-03
  1.655000E+00  2.366635E-03
  1.656000E+00  2.375076E-03
  1.657000E+00  2.381467E-03
  1.658000E+00  2.385884E-03
  1.659000E+00  2.388419E-03
  1.660000E+00  2.389186E-03
  1.661000E+00  2.388315E-03
  1.662000E+00  2.385954E-03
  1.663000E+00  2.382267E-03
  1.664000E+00  2.377429E-03
  1.665000E+00  2.371626E-03
  1.666000E+00  2.365054E-03
  1.667000E+00  2.357910E-03
  1.668000E+00  2.350397E-03
  1.669000E+00  2.342712E-03
  1.670000E+00  2.335052E-03
  1.671000E+00  2.327604E-03
  1.672000E+00  2.320547E-03
  1.673000E+00  2.314048E-03
  1.674000E+00  2.308259E-03
  1.675000E+00  2.303317E-03
  1.676000E+00  2.299344E-03
  1.677000E+00  2.296444E-03
  1.678000E+00  2.294705E-03
  1.679000E+00  2.294198E-03
  1.680000E+00  2.294977E-03
  1.681000E+00  2.297085E-03
  1.682000E+00  2.300549E-03
  1.683000E+00  2.305387E-03
  1.684000E+00  2.311608E-03
  1.685000E+00  2.319216E-03
  1.686000E+00  2.328211E-03
  1.687000E+00  2.338591E-03
  1.688000E+00  2.350356E-03
  1.689000E+00  2.363509E-03
  1.690000E+00  2.378060E-03
  1.691000E+00  2.394025E-03
  1.692000E+00  2.411427E-03
  1.693000E+00  2.430303E-03
  1.694000E+00  2.450696E-03
  1.695000E+00  2.472661E-03
  1.696000E+00  2.496262E-03
  1.697000E+00  2.521572E-03
  1.698000E+00  2.548672E-03
  1.699000E+00  2.577650E-03
  1.700000E+00  2.608596E-03
  1.701000E+00  2.641603E-03
  1.702000E+00  2.676763E-03
  1.703000E+00  2.714165E-03
  1.704000E+00  2.753891E-03
  1.705000E+00  2.796018E-03
  1.706000E+00  2.840606E-03
  1.707000E+00  2.887707E-03
  1.708000E+00  2.937354E-03
  1.709000E+00  2.989564E-03
  1.710000E+00  3.044333E-03
  1.711000E+00  3.101641E-03
  1.712000E+00  3.161445E-03
  1.713000E+00  3.223681E-03
  1.714000E+00  3.288267E-03
  1.715000E+00  3.355101E-03
  1.716000E+00  3.424063E-03
  1.717000E+00  3.495018E-03
  1.718000E+00  3.567818E-03
  1.719000E+00  3.642301E-03
  1.720000E+00  3.718302E-03
  1.721000E+00  3.795646E-03
  1.722000E+00  3.874159E-03
  1.723000E+00  3.953666E-03
  1.724000E+00  4.033997E-03
  1.725000E+00  4.114990E-03
  1.726000E+00  4.196491E-03
  1.727000E+00  4.278357E-03
  1.728000E+00  4.360461E-03
  1.729000E+00  4.442690E-03
  1.730000E+00  4.524946E-03
  1.731000E+00  4.607151E-03
  1.732000E+00  4.689241E-03
  1.733000E+00  4.771169E-03
  1.734000E+00  4.852905E-03
  1.735000E+00  4.934431E-03
  1.736000E+00  5.015742E-03
  1.737000E+00  5.096844E-03
  1.738000E+00  5.177751E-03
  1.739000E+00  5.258481E-03
  1.740000E+00  5.339054E-03
  1.741000E+00  5.419491E-03
  1.742000E+00  5.499810E-03
  1.743000E+00  5.580021E-03
  1.744000E+00  5.660129E-03
  1.745000E+00  5.740124E-03
  1.746000E+00  5.819988E-03
  1.747000E+00  5.899686E-03
  1.748000E+00  5.979170E-03
  1.749000E+00  6.058375E-03
  1.750000E+00  6.137222E-03
  1.751000E+00  6.215616E-03
  1.752000E+00  6.293447E-03
  1.753000E+00  6.370593E-03
  1.754000E+00  6.446922E-03
  1.755000E+00  6.522292E-03
  1.756000E+00  6.596553E-03
  1.757000E+00  6.669555E-03
  1.758000E+00  6.741143E-03
  1.759000E+00  6.811168E-03
  1.760000E+00  6.879484E-03
  1.761000E+00  6.945953E-03
  1.762000E+00  7.010448E-03
  1.763000E+00  7.072853E-03
  1.764000E+00  7.133071E-03
  1.765000E+00  7.191016E-03
  1.766000E+00  7.246625E-03
  1.767000E+00  7.299849E-03
  1.768000E+00  7.350661E-03
  1.769000E+00  7.399048E-03
  1.770000E+00  7.445017E-03
  1.771000E+00  7.488589E-03
  1.772000E+00  7.529801E-03
  1.773000E+00  7.568700E-03
  1.774000E+00  7.605340E-03
  1.775000E+00  7.639786E-03
  1.776000E+00  7.672100E-03
  1.777000E+00  7.702350E-03
  1.778000E+00  7.730596E-03
  1.779000E+00  7.756895E-03
  1.780000E+00  7.781293E-03
  1.781000E+00  7.803826E-03
  1.782000E+00  7.824516E-03
  1.783000E+00  7.843368E-03
  1.784000E+00  7.860373E-03
  1.785000E+00  7.875503E-03
  1.786000E+00  7.888712E-03
  1.787000E+00  7.899937E-03
  1.788000E+00  7.909099E-03
  1.789000E+00  7.916104E-03
  1.790000E+00  7.920843E-03
  1.791000E+00  7.923198E-03
  1.792000E+00  7.923043E-03
  1.793000E+00  7.920247E-03
  1.794000E+00  7.914674E-03
  1.795000E+00  7.906194E-03
  1.796000E+00  7.894679E-03
  1.797000E+00  7.880011E-03
  1.798000E+00  7.862083E-03
  1.799000E+00  7.840801E-03
  1.800000E+00  7.816091E-03
  1.801000E+00  7.787897E-03
  1.802000E+00  7.756183E-03
  1.803000E+00  7.720938E-03
  1.804000E+00  7.682173E-03
  1.805000E+00  7.639922E-03
  1.806000E+00  7.594244E-03
  1.807000E+00  7.545218E-03
  1.808000E+00  7.492946E-03
  1.809000E+00  7.437548E-03
  1.810000E+00  7.379162E-03
  1.811000E+00  7.317937E-03
  1.812000E+00  7.254036E-03
  1.813000E+00  7.187629E-03
  1.814000E+00  7.118891E-03
  1.815000E+00  7.047996E-03
  1.816000E+00  6.975120E-03
  1.817000E+00  6.900432E-03
  1.818000E+00  6.824092E-03
  1.819000E+00  6.746251E-03
  1.820000E+00  6.667047E-03
  1.821000E+00  6.586605E-03
  1.822000E+00  6.505034E-03
  1.823000E+00  6.422425E-03
  1.824000E+00  6.338855E-03
  1.825000E+00  6.254384E-03
  1.826000E+00  6.169055E-03
  1.827000E+00  6.082901E-03
  1.828000E+00  5.995938E-03
  1.829000E+00  5.908172E-03
  1.830000E+00  5.819604E-03
  1.831000E+00  5.730224E-03
  1.832000E+00  5.640022E-03
  1.833000E+00  5.548984E-03
  1.834000E+00  5.457100E-03
  1.835000E+00  5.364361E-03
  1.836000E+00  5.270766E-03
  1.837000E+00  5.176320E-03
  1.838000E+00  5.081038E-03
  1.839000E+00  4.984945E-03
  1.840000E+00  4.888077E-03
  1.841000E+00  4.790482E-03
  1.842000E+00  4.692219E-03
  1.843000E+00  4.593358E-03
  1.844000E+00  4.493978E-03
  1.845000E+00  4.394169E-03
  1.846000E+00  4.294025E-03
  1.847000E+00  4.193648E-03
  1.848000E+00  4.093141E-03
  1.849000E+00  3.992609E-03
  1.850000E+00  3.892155E-03
  1.851000E+00  3.791879E-03
  1.852000E+00  3.691872E-03
  1.853000E+00  3.592222E-03
  1.854000E+00  3.493001E-03
  1.855000E+00  3.394274E-03
  1.856000E+00  3.296091E-03
  1.857000E+00  3.198487E-03
  1.858000E+00  3.101483E-03
  1.859000E+00  3.005086E-03
  1.860000E+00  2.909286E-03
  1.861000E+00  2.814061E-03
  1.862000E+00  2.719375E-03
  1.863000E+00  2.625178E-03
  1.864000E+00  2.531411E-03
  1.865000E+00  2.438007E-03
  1.866000E+00  2.344890E-03
  1.867000E+00  2.251980E-03
  1.868000E+00  2.159196E-03
  1.869000E+00  2.066453E-03
  1.870000E+00  1.973670E-03
  1.871000E+00  1.880772E-03
  1.872000E+00  1.787685E-03
  1.873000E+00  1.694345E-03
  1.874000E+00  1.600699E-03
  1.875000E+00  1.506699E-03
  1.876000E+00  1.412313E-03
  1.877000E+00  1.317517E-03
  1.878000E+00  1.222301E-03
  1.879000E+00  1.126666E-03
  1.880000E+00  1.030625E-03
  1.881000E+00  9.342021E-04
  1.882000E+00  8.374297E-04
  1.883000E+00  7.403509E-04
  1.884000E+00  6.430157E-04
  1.885000E+00  5.454807E-04
  1.886000E+00  4.478070E-04
  1.887000E+00  3.500592E-04
  1.888000E+00  2.523035E-04
  1.889000E+00  1.546063E-04
  1.890000E+00  5.703278E-05
  1.891000E+00 -4.035425E-05
  1.892000E+00 -1.374957E-04
  1.893000E+00 -2.343372E-04
  1.894000E+00 -3.308295E-04
  1.895000E+00 -4.269297E-04
  1.896000E+00 -5.226009E-04
  1.897000E+00 -6.178128E-04
  1.898000E+00 -7.125417E-04
  1.899000E+00 -8.067698E-04
  1.900000E+00 -9.004851E-04
  1.901000E+00 -9.936806E-04
  1.902000E+00 -1.086354E-03
  1.903000E+00 -1.178506E-03
  1.904000E+00 -1.270139E-03
  1.905000E+00 -1.361260E-03
  1.906000E+00 -1.451874E-03
  1.907000E+00 -1.541986E-03
  1.908000E+00 -1.631600E-03
  1.909000E+00 -1.720719E-03
  1.910000E+00 -1.809342E-03
  1.911000E+00 -1.897465E-03
  1.912000E+00 -1.985081E-03
  1.913000E+00 -2.072179E-03
  1.914000E+00 -2.158743E-03
  1.915000E+00 -2.244753E-03
  1.916000E+00 -2.330186E-03
  1.917000E+00 -2.415015E-03
  1.918000E+00 -2.499208E-03
  1.919000E+00 -2.582733E-03
  1.920000E+00 -2.665555E-03
  1.921000E+00 -2.747637E-03
  1.922000E+00 -2.828942E-03
  1.923000E+00 -2.909432E-03
  1.924000E+00 -2.989072E-03
  1.925000E+00 -3.067826E-03
  1.926000E+00 -3.145663E-03
  1.927000E+00 -3.222554E-03
  1.928000E+00 -3.298472E-03
  1.929000E+00 -3.373396E-03
  1.930000E+00 -3.447310E-03
  1.931000E+00 -3.520200E-03
  1.932000E+00 -3.592061E-03
  1.933000E+00 -3.662889E-03
  1.934000E+00 -3.732688E-03
  1.935000E+00 -3.801465E-03
  1.936000E+00 -3.869234E-03
  1.937000E+00 -3.936012E-03
  1.938000E+00 -4.001820E-03
  1.939000E+00 -4.066682E-03
  1.940000E+00 -4.130627E-03
  1.941000E+00 -4.193685E-03
  1.942000E+00 -4.255887E-03
  1.943000E+00 -4.317268E-03
  1.944000E+00 -4.377862E-03
  1.945000E+00 -4.437700E-03
  1.946000E+00 -4.496818E-03
  1.947000E+00 -4.555245E-03
  1.948000E+00 -4.613011E-03
  1.949000E+00 -4.670143E-03
  1.950000E+00 -4.726662E-03
  1.951000E+00 -4.782588E-03
  1.952000E+00 -4.837936E-03
  1.953000E+00 -4.892716E-03
  1.954000E+00 -4.946932E-03
  1.955000E+00 -5.000583E-03
  1.956000E+00 -5.053665E-03
  1.957000E+00 -5.106165E-03
  1.958000E+00 -5.158066E-03
  1.959000E+00 -5.209348E-03
  1.960000E+00 -5.259981E-03
  1.961000E+00 -5.309935E-03
  1.962000E+00 -5.359175E-03
  1.963000E+00 -5.407660E-03
  1.964000E+00 -5.455348E-03
  1.965000E+00 -5.502194E-03
  1.966000E+00 -5.548153E-03
  1.967000E+00 -5.593178E-03
  1.968000E+00 -5.637221E-03
  1.969000E+00 -5.680237E-03
  1.970000E+00 -5.722183E-03
  1.971000E+00 -5.763017E-03
  1.972000E+00 -5.802701E-03
  1.973000E+00 -5.841202E-03
  1.974000E+00 -5.878489E-03
  1.975000E+00 -5.914538E-03
  1.976000E+00 -5.949330E-03
  1.977000E+00 -5.982852E-03
  1.978000E+00 -6.015095E-03
  1.979000E+00 -6.046056E-03
  1.980000E+00 -6.075738E-03
  1.981000E+00 -6.104145E-03
  1.982000E+00 -6.131290E-03
  1.983000E+00 -6.157186E-03
  1.984000E+00 -6.181848E-03
  1.985000E+00 -6.205294E-03
  1.986000E+00 -6.227542E-03
  1.987000E+00 -6.248608E-03
  1.988000E+00 -6.268509E-03
  1.989000E+00 -6.287257E-03
  1.990000E+00 -6.304861E-03
  1.991000E+00 -6.321328E-03
  1.992000E+00 -6.336656E-03
  1.993000E+00 -6.350842E-03
  1.994000E+00 -6.363873E-03
  1.995000E+00 -6.375734E-03
  1.996000E+00 -6.386402E-03
  1.997000E+00 -6.395849E-03
  1.998000E+00 -6.404043E-03
  1.999000E+00 -6.410948E-03
  2.000000E+00  2.933722E-02
