; material = LLZO                                                       
Zr            2000  2.90390128E+01          580.000000
  0.000000E+00  1.000000E+00
  1.000000E-03  9.976114E-01
  2.000000E-03  9.904778E-01
  3.000000E-03  9.786954E-01
  4.000000E-03  9.624218E-01
  5.000000E-03  9.418729E-01
  6.000000E-03  9.173174E-01
  7.000000E-03  8.890714E-01
  8.000000E-03  8.574910E-01
  9.000000E-03  8.229645E-01
  1.000000E-02  7.859046E-01
  1.100000E-02  7.467396E-01
  1.200000E-02  7.059051E-01
  1.300000E-02  6.638352E-01
  1.400000E-02  6.209551E-01
  1.500000E-02  5.776730E-01
  1.600000E-02  5.343742E-01
  1.700000E-02  4.914146E-01
  1.800000E-02  4.491162E-01
  1.900000E-02  4.077632E-01
  2.000000E-02  3.675994E-01
  2.100000E-02  3.288263E-01
  2.200000E-02  2.916028E-01
  2.300000E-02  2.560458E-01
  2.400000E-02  2.222313E-01
  2.500000E-02  1.901973E-01
  2.600000E-02  1.599464E-01
  2.700000E-02  1.314502E-01
  2.800000E-02  1.046532E-01
  2.900000E-02  7.947800E-02
  3.000000E-02  5.582972E-02
  3.100000E-02  3.360160E-02
  3.200000E-02  1.267983E-02
  3.300000E-02 -7.051615E-03
  3.400000E-02 -2.570634E-02
  3.500000E-02 -4.339146E-02
  3.600000E-02 -6.020402E-02
  3.700000E-02 -7.622797E-02
  3.800000E-02 -9.153185E-02
  3.900000E-02 -1.061672E-01
  4.000000E-02 -1.201678E-01
  4.100000E-02 -1.335493E-01
  4.200000E-02 -1.463099E-01
  4.300000E-02 -1.584317E-01
  4.400000E-02 -1.698822E-01
  4.500000E-02 -1.806173E-01
  4.600000E-02 -1.905834E-01
  4.700000E-02 -1.997208E-01
  4.800000E-02 -2.079671E-01
  4.900000E-02 -2.152608E-01
  5.000000E-02 -2.215444E-01
  5.100000E-02 -2.267678E-01
  5.200000E-02 -2.308916E-01
  5.300000E-02 -2.338895E-01
  5.400000E-02 -2.357510E-01
  5.500000E-02 -2.364830E-01
  5.600000E-02 -2.361108E-01
  5.700000E-02 -2.346795E-01
  5.800000E-02 -2.322533E-01
  5.900000E-02 -2.289155E-01
  6.000000E-02 -2.247670E-01
  6.100000E-02 -2.199249E-01
  6.200000E-02 -2.145201E-01
  6.300000E-02 -2.086946E-01
  6.400000E-02 -2.025987E-01
  6.500000E-02 -1.963877E-01
  6.600000E-02 -1.902179E-01
  6.700000E-02 -1.842440E-01
  6.800000E-02 -1.786148E-01
  6.900000E-02 -1.734699E-01
  7.000000E-02 -1.689371E-01
  7.100000E-02 -1.651286E-01
  7.200000E-02 -1.621395E-01
  7.300000E-02 -1.600448E-01
  7.400000E-02 -1.588986E-01
  7.500000E-02 -1.587325E-01
  7.600000E-02 -1.595555E-01
  7.700000E-02 -1.613539E-01
  7.800000E-02 -1.640922E-01
  7.900000E-02 -1.677136E-01
  8.000000E-02 -1.721424E-01
  8.100000E-02 -1.772854E-01
  8.200000E-02 -1.830350E-01
  8.300000E-02 -1.892711E-01
  8.400000E-02 -1.958645E-01
  8.500000E-02 -2.026801E-01
  8.600000E-02 -2.095796E-01
  8.700000E-02 -2.164248E-01
  8.800000E-02 -2.230805E-01
  8.900000E-02 -2.294174E-01
  9.000000E-02 -2.353146E-01
  9.100000E-02 -2.406617E-01
  9.200000E-02 -2.453611E-01
  9.300000E-02 -2.493291E-01
  9.400000E-02 -2.524973E-01
  9.500000E-02 -2.548131E-01
  9.600000E-02 -2.562403E-01
  9.700000E-02 -2.567587E-01
  9.800000E-02 -2.563637E-01
  9.900000E-02 -2.550658E-01
  1.000000E-01 -2.528887E-01
  1.010000E-01 -2.498686E-01
  1.020000E-01 -2.460524E-01
  1.030000E-01 -2.414957E-01
  1.040000E-01 -2.362609E-01
  1.050000E-01 -2.304157E-01
  1.060000E-01 -2.240307E-01
  1.070000E-01 -2.171780E-01
  1.080000E-01 -2.099289E-01
  1.090000E-01 -2.023529E-01
  1.100000E-01 -1.945160E-01
  1.110000E-01 -1.864796E-01
  1.120000E-01 -1.782995E-01
  1.130000E-01 -1.700254E-01
  1.140000E-01 -1.617005E-01
  1.150000E-01 -1.533612E-01
  1.160000E-01 -1.450370E-01
  1.170000E-01 -1.367514E-01
  1.180000E-01 -1.285218E-01
  1.190000E-01 -1.203607E-01
  1.200000E-01 -1.122759E-01
  1.210000E-01 -1.042721E-01
  1.220000E-01 -9.635123E-02
  1.230000E-01 -8.851378E-02
  1.240000E-01 -8.075972E-02
  1.250000E-01 -7.308937E-02
  1.260000E-01 -6.550423E-02
  1.270000E-01 -5.800772E-02
  1.280000E-01 -5.060578E-02
  1.290000E-01 -4.330728E-02
  1.300000E-01 -3.612433E-02
  1.310000E-01 -2.907238E-02
  1.320000E-01 -2.217017E-02
  1.330000E-01 -1.543955E-02
  1.340000E-01 -8.905088E-03
  1.350000E-01 -2.593612E-03
  1.360000E-01  3.466388E-03
  1.370000E-01  9.245452E-03
  1.380000E-01  1.471389E-02
  1.390000E-01  1.984256E-02
  1.400000E-01  2.460366E-02
  1.410000E-01  2.897153E-02
  1.420000E-01  3.292333E-02
  1.430000E-01  3.643976E-02
  1.440000E-01  3.950558E-02
  1.450000E-01  4.211016E-02
  1.460000E-01  4.424776E-02
  1.470000E-01  4.591781E-02
  1.480000E-01  4.712502E-02
  1.490000E-01  4.787930E-02
  1.500000E-01  4.819564E-02
  1.510000E-01  4.809383E-02
  1.520000E-01  4.759802E-02
  1.530000E-01  4.673630E-02
  1.540000E-01  4.554008E-02
  1.550000E-01  4.404345E-02
  1.560000E-01  4.228254E-02
  1.570000E-01  4.029480E-02
  1.580000E-01  3.811827E-02
  1.590000E-01  3.579095E-02
  1.600000E-01  3.335005E-02
  1.610000E-01  3.083150E-02
  1.620000E-01  2.826928E-02
  1.630000E-01  2.569504E-02
  1.640000E-01  2.313769E-02
  1.650000E-01  2.062305E-02
  1.660000E-01  1.817373E-02
  1.670000E-01  1.580891E-02
  1.680000E-01  1.354440E-02
  1.690000E-01  1.139262E-02
  1.700000E-01  9.362772E-03
  1.710000E-01  7.461013E-03
  1.720000E-01  5.690692E-03
  1.730000E-01  4.052651E-03
  1.740000E-01  2.545534E-03
  1.750000E-01  1.166129E-03
  1.760000E-01 -9.029788E-05
  1.770000E-01 -1.229656E-03
  1.780000E-01 -2.258715E-03
  1.790000E-01 -3.184805E-03
  1.800000E-01 -4.015547E-03
  1.810000E-01 -4.758625E-03
  1.820000E-01 -5.421593E-03
  1.830000E-01 -6.011725E-03
  1.840000E-01 -6.535910E-03
  1.850000E-01 -7.000582E-03
  1.860000E-01 -7.411690E-03
  1.870000E-01 -7.774704E-03
  1.880000E-01 -8.094641E-03
  1.890000E-01 -8.376123E-03
  1.900000E-01 -8.623439E-03
  1.910000E-01 -8.840629E-03
  1.920000E-01 -9.031561E-03
  1.930000E-01 -9.200013E-03
  1.940000E-01 -9.349739E-03
  1.950000E-01 -9.484533E-03
  1.960000E-01 -9.608270E-03
  1.970000E-01 -9.724937E-03
  1.980000E-01 -9.838636E-03
  1.990000E-01 -9.953584E-03
  2.000000E-01 -1.007408E-02
  2.010000E-01 -1.020448E-02
  2.020000E-01 -1.034912E-02
  2.030000E-01 -1.051228E-02
  2.040000E-01 -1.069812E-02
  2.050000E-01 -1.091062E-02
  2.060000E-01 -1.115348E-02
  2.070000E-01 -1.143015E-02
  2.080000E-01 -1.174371E-02
  2.090000E-01 -1.209688E-02
  2.100000E-01 -1.249203E-02
  2.110000E-01 -1.293115E-02
  2.120000E-01 -1.341588E-02
  2.130000E-01 -1.394757E-02
  2.140000E-01 -1.452732E-02
  2.150000E-01 -1.515603E-02
  2.160000E-01 -1.583449E-02
  2.170000E-01 -1.656346E-02
  2.180000E-01 -1.734370E-02
  2.190000E-01 -1.817610E-02
  2.200000E-01 -1.906169E-02
  2.210000E-01 -2.000170E-02
  2.220000E-01 -2.099759E-02
  2.230000E-01 -2.205102E-02
  2.240000E-01 -2.316387E-02
  2.250000E-01 -2.433817E-02
  2.260000E-01 -2.557601E-02
  2.270000E-01 -2.687946E-02
  2.280000E-01 -2.825043E-02
  2.290000E-01 -2.969054E-02
  2.300000E-01 -3.120094E-02
  2.310000E-01 -3.278214E-02
  2.320000E-01 -3.443383E-02
  2.330000E-01 -3.615471E-02
  2.340000E-01 -3.794231E-02
  2.350000E-01 -3.979284E-02
  2.360000E-01 -4.170107E-02
  2.370000E-01 -4.366018E-02
  2.380000E-01 -4.566175E-02
  2.390000E-01 -4.769571E-02
  2.400000E-01 -4.975035E-02
  2.410000E-01 -5.181235E-02
  2.420000E-01 -5.386699E-02
  2.430000E-01 -5.589818E-02
  2.440000E-01 -5.788876E-02
  2.450000E-01 -5.982072E-02
  2.460000E-01 -6.167546E-02
  2.470000E-01 -6.343412E-02
  2.480000E-01 -6.507793E-02
  2.490000E-01 -6.658852E-02
  2.500000E-01 -6.794833E-02
  2.510000E-01 -6.914091E-02
  2.520000E-01 -7.015128E-02
  2.530000E-01 -7.096623E-02
  2.540000E-01 -7.157461E-02
  2.550000E-01 -7.196751E-02
  2.560000E-01 -7.213849E-02
  2.570000E-01 -7.208369E-02
  2.580000E-01 -7.180186E-02
  2.590000E-01 -7.129437E-02
  2.600000E-01 -7.056516E-02
  2.610000E-01 -6.962056E-02
  2.620000E-01 -6.846913E-02
  2.630000E-01 -6.712138E-02
  2.640000E-01 -6.558948E-02
  2.650000E-01 -6.388693E-02
  2.660000E-01 -6.202817E-02
  2.670000E-01 -6.002819E-02
  2.680000E-01 -5.790216E-02
  2.690000E-01 -5.566499E-02
  2.700000E-01 -5.333099E-02
  2.710000E-01 -5.091353E-02
  2.720000E-01 -4.842470E-02
  2.730000E-01 -4.587508E-02
  2.740000E-01 -4.327354E-02
  2.750000E-01 -4.062710E-02
  2.760000E-01 -3.794084E-02
  2.770000E-01 -3.521797E-02
  2.780000E-01 -3.245985E-02
  2.790000E-01 -2.966616E-02
  2.800000E-01 -2.683510E-02
  2.810000E-01 -2.396371E-02
  2.820000E-01 -2.104811E-02
  2.830000E-01 -1.808393E-02
  2.840000E-01 -1.506668E-02
  2.850000E-01 -1.199213E-02
  2.860000E-01 -8.856751E-03
  2.870000E-01 -5.658099E-03
  2.880000E-01 -2.395179E-03
  2.890000E-01  9.312105E-04
  2.900000E-01  4.318204E-03
  2.910000E-01  7.760638E-03
  2.920000E-01  1.125090E-02
  2.930000E-01  1.477885E-02
  2.940000E-01  1.833183E-02
  2.950000E-01  2.189473E-02
  2.960000E-01  2.545018E-02
  2.970000E-01  2.897875E-02
  2.980000E-01  3.245935E-02
  2.990000E-01  3.586953E-02
  3.000000E-01  3.918599E-02
  3.010000E-01  4.238501E-02
  3.020000E-01  4.544303E-02
  3.030000E-01  4.833712E-02
  3.040000E-01  5.104558E-02
  3.050000E-01  5.354844E-02
  3.060000E-01  5.582792E-02
  3.070000E-01  5.786894E-02
  3.080000E-01  5.965951E-02
  3.090000E-01  6.119100E-02
  3.100000E-01  6.245847E-02
  3.110000E-01  6.346077E-02
  3.120000E-01  6.420065E-02
  3.130000E-01  6.468472E-02
  3.140000E-01  6.492332E-02
  3.150000E-01  6.493034E-02
  3.160000E-01  6.472289E-02
  3.170000E-01  6.432095E-02
  3.180000E-01  6.374689E-02
  3.190000E-01  6.302498E-02
  3.200000E-01  6.218085E-02
  3.210000E-01  6.124088E-02
  3.220000E-01  6.023162E-02
  3.230000E-01  5.917922E-02
  3.240000E-01  5.810880E-02
  3.250000E-01  5.704397E-02
  3.260000E-01  5.600629E-02
  3.270000E-01  5.501486E-02
  3.280000E-01  5.408595E-02
  3.290000E-01  5.323274E-02
  3.300000E-01  5.246507E-02
  3.310000E-01  5.178942E-02
  3.320000E-01  5.120882E-02
  3.330000E-01  5.072300E-02
  3.340000E-01  5.032852E-02
  3.350000E-01  5.001902E-02
  3.360000E-01  4.978556E-02
  3.370000E-01  4.961701E-02
  3.380000E-01  4.950046E-02
  3.390000E-01  4.942170E-02
  3.400000E-01  4.936575E-02
  3.410000E-01  4.931727E-02
  3.420000E-01  4.926116E-02
  3.430000E-01  4.918293E-02
  3.440000E-01  4.906919E-02
  3.450000E-01  4.890802E-02
  3.460000E-01  4.868926E-02
  3.470000E-01  4.840482E-02
  3.480000E-01  4.804880E-02
  3.490000E-01  4.761764E-02
  3.500000E-01  4.711012E-02
  3.510000E-01  4.652729E-02
  3.520000E-01  4.587238E-02
  3.530000E-01  4.515053E-02
  3.540000E-01  4.436858E-02
  3.550000E-01  4.353473E-02
  3.560000E-01  4.265817E-02
  3.570000E-01  4.174870E-02
  3.580000E-01  4.081632E-02
  3.590000E-01  3.987079E-02
  3.600000E-01  3.892131E-02
  3.610000E-01  3.797603E-02
  3.620000E-01  3.704181E-02
  3.630000E-01  3.612386E-02
  3.640000E-01  3.522553E-02
  3.650000E-01  3.434813E-02
  3.660000E-01  3.349082E-02
  3.670000E-01  3.265060E-02
  3.680000E-01  3.182230E-02
  3.690000E-01  3.099877E-02
  3.700000E-01  3.017100E-02
  3.710000E-01  2.932839E-02
  3.720000E-01  2.845909E-02
  3.730000E-01  2.755030E-02
  3.740000E-01  2.658869E-02
  3.750000E-01  2.556081E-02
  3.760000E-01  2.445353E-02
  3.770000E-01  2.325445E-02
  3.780000E-01  2.195234E-02
  3.790000E-01  2.053749E-02
  3.800000E-01  1.900214E-02
  3.810000E-01  1.734069E-02
  3.820000E-01  1.555003E-02
  3.830000E-01  1.362970E-02
  3.840000E-01  1.158200E-02
  3.850000E-01  9.412032E-03
  3.860000E-01  7.127706E-03
  3.870000E-01  4.739598E-03
  3.880000E-01  2.260797E-03
  3.890000E-01 -2.933375E-04
  3.900000E-01 -2.905469E-03
  3.910000E-01 -5.556635E-03
  3.920000E-01 -8.226635E-03
  3.930000E-01 -1.089444E-02
  3.940000E-01 -1.353865E-02
  3.950000E-01 -1.613791E-02
  3.960000E-01 -1.867135E-02
  3.970000E-01 -2.111904E-02
  3.980000E-01 -2.346232E-02
  3.990000E-01 -2.568423E-02
  4.000000E-01 -2.776975E-02
  4.010000E-01 -2.970606E-02
  4.020000E-01 -3.148277E-02
  4.030000E-01 -3.309202E-02
  4.040000E-01 -3.452854E-02
  4.050000E-01 -3.578965E-02
  4.060000E-01 -3.687518E-02
  4.070000E-01 -3.778737E-02
  4.080000E-01 -3.853063E-02
  4.090000E-01 -3.911136E-02
  4.100000E-01 -3.953764E-02
  4.110000E-01 -3.981895E-02
  4.120000E-01 -3.996579E-02
  4.130000E-01 -3.998941E-02
  4.140000E-01 -3.990140E-02
  4.150000E-01 -3.971339E-02
  4.160000E-01 -3.943675E-02
  4.170000E-01 -3.908223E-02
  4.180000E-01 -3.865980E-02
  4.190000E-01 -3.817836E-02
  4.200000E-01 -3.764560E-02
  4.210000E-01 -3.706788E-02
  4.220000E-01 -3.645015E-02
  4.230000E-01 -3.579598E-02
  4.240000E-01 -3.510752E-02
  4.250000E-01 -3.438567E-02
  4.260000E-01 -3.363013E-02
  4.270000E-01 -3.283962E-02
  4.280000E-01 -3.201206E-02
  4.290000E-01 -3.114480E-02
  4.300000E-01 -3.023483E-02
  4.310000E-01 -2.927910E-02
  4.320000E-01 -2.827468E-02
  4.330000E-01 -2.721906E-02
  4.340000E-01 -2.611035E-02
  4.350000E-01 -2.494749E-02
  4.360000E-01 -2.373042E-02
  4.370000E-01 -2.246019E-02
  4.380000E-01 -2.113908E-02
  4.390000E-01 -1.977066E-02
  4.400000E-01 -1.835976E-02
  4.410000E-01 -1.691247E-02
  4.420000E-01 -1.543607E-02
  4.430000E-01 -1.393885E-02
  4.440000E-01 -1.243004E-02
  4.450000E-01 -1.091956E-02
  4.460000E-01 -9.417848E-03
  4.470000E-01 -7.935606E-03
  4.480000E-01 -6.483573E-03
  4.490000E-01 -5.072273E-03
  4.500000E-01 -3.711773E-03
  4.510000E-01 -2.411447E-03
  4.520000E-01 -1.179762E-03
  4.530000E-01 -2.408122E-05
  4.540000E-01  1.049501E-03
  4.550000E-01  2.036290E-03
  4.560000E-01  2.933089E-03
  4.570000E-01  3.738255E-03
  4.580000E-01  4.451713E-03
  4.590000E-01  5.074936E-03
  4.600000E-01  5.610876E-03
  4.610000E-01  6.063867E-03
  4.620000E-01  6.439488E-03
  4.630000E-01  6.744399E-03
  4.640000E-01  6.986149E-03
  4.650000E-01  7.172972E-03
  4.660000E-01  7.313559E-03
  4.670000E-01  7.416833E-03
  4.680000E-01  7.491717E-03
  4.690000E-01  7.546915E-03
  4.700000E-01  7.590695E-03
  4.710000E-01  7.630700E-03
  4.720000E-01  7.673773E-03
  4.730000E-01  7.725816E-03
  4.740000E-01  7.791670E-03
  4.750000E-01  7.875043E-03
  4.760000E-01  7.978450E-03
  4.770000E-01  8.103212E-03
  4.780000E-01  8.249467E-03
  4.790000E-01  8.416230E-03
  4.800000E-01  8.601476E-03
  4.810000E-01  8.802245E-03
  4.820000E-01  9.014784E-03
  4.830000E-01  9.234693E-03
  4.840000E-01  9.457093E-03
  4.850000E-01  9.676799E-03
  4.860000E-01  9.888500E-03
  4.870000E-01  1.008693E-02
  4.880000E-01  1.026704E-02
  4.890000E-01  1.042415E-02
  4.900000E-01  1.055408E-02
  4.910000E-01  1.065330E-02
  4.920000E-01  1.071898E-02
  4.930000E-01  1.074910E-02
  4.940000E-01  1.074247E-02
  4.950000E-01  1.069875E-02
  4.960000E-01  1.061847E-02
  4.970000E-01  1.050293E-02
  4.980000E-01  1.035419E-02
  4.990000E-01  1.017495E-02
  5.000000E-01  9.968498E-03
  5.010000E-01  9.738519E-03
  5.020000E-01  9.489017E-03
  5.030000E-01  9.224156E-03
  5.040000E-01  8.948123E-03
  5.050000E-01  8.664983E-03
  5.060000E-01  8.378549E-03
  5.070000E-01  8.092254E-03
  5.080000E-01  7.809043E-03
  5.090000E-01  7.531274E-03
  5.100000E-01  7.260646E-03
  5.110000E-01  6.998143E-03
  5.120000E-01  6.744004E-03
  5.130000E-01  6.497714E-03
  5.140000E-01  6.258025E-03
  5.150000E-01  6.022986E-03
  5.160000E-01  5.790015E-03
  5.170000E-01  5.555970E-03
  5.180000E-01  5.317252E-03
  5.190000E-01  5.069916E-03
  5.200000E-01  4.809792E-03
  5.210000E-01  4.532619E-03
  5.220000E-01  4.234178E-03
  5.230000E-01  3.910425E-03
  5.240000E-01  3.557624E-03
  5.250000E-01  3.172467E-03
  5.260000E-01  2.752192E-03
  5.270000E-01  2.294674E-03
  5.280000E-01  1.798512E-03
  5.290000E-01  1.263094E-03
  5.300000E-01  6.886362E-04
  5.310000E-01  7.620784E-05
  5.320000E-01 -5.722679E-04
  5.330000E-01 -1.254035E-03
  5.340000E-01 -1.965548E-03
  5.350000E-01 -2.702530E-03
  5.360000E-01 -3.460056E-03
  5.370000E-01 -4.232645E-03
  5.380000E-01 -5.014373E-03
  5.390000E-01 -5.798984E-03
  5.400000E-01 -6.580027E-03
  5.410000E-01 -7.350978E-03
  5.420000E-01 -8.105373E-03
  5.430000E-01 -8.836942E-03
  5.440000E-01 -9.539725E-03
  5.450000E-01 -1.020819E-02
  5.460000E-01 -1.083734E-02
  5.470000E-01 -1.142280E-02
  5.480000E-01 -1.196088E-02
  5.490000E-01 -1.244864E-02
  5.500000E-01 -1.288395E-02
  5.510000E-01 -1.326547E-02
  5.520000E-01 -1.359267E-02
  5.530000E-01 -1.386582E-02
  5.540000E-01 -1.408591E-02
  5.550000E-01 -1.425466E-02
  5.560000E-01 -1.437440E-02
  5.570000E-01 -1.444802E-02
  5.580000E-01 -1.447884E-02
  5.590000E-01 -1.447054E-02
  5.600000E-01 -1.442704E-02
  5.610000E-01 -1.435240E-02
  5.620000E-01 -1.425071E-02
  5.630000E-01 -1.412597E-02
  5.640000E-01 -1.398200E-02
  5.650000E-01 -1.382234E-02
  5.660000E-01 -1.365021E-02
  5.670000E-01 -1.346837E-02
  5.680000E-01 -1.327914E-02
  5.690000E-01 -1.308429E-02
  5.700000E-01 -1.288509E-02
  5.710000E-01 -1.268226E-02
  5.720000E-01 -1.247597E-02
  5.730000E-01 -1.226589E-02
  5.740000E-01 -1.205125E-02
  5.750000E-01 -1.183083E-02
  5.760000E-01 -1.160309E-02
  5.770000E-01 -1.136622E-02
  5.780000E-01 -1.111821E-02
  5.790000E-01 -1.085694E-02
  5.800000E-01 -1.058032E-02
  5.810000E-01 -1.028628E-02
  5.820000E-01 -9.972981E-03
  5.830000E-01 -9.638787E-03
  5.840000E-01 -9.282412E-03
  5.850000E-01 -8.902954E-03
  5.860000E-01 -8.499961E-03
  5.870000E-01 -8.073469E-03
  5.880000E-01 -7.624032E-03
  5.890000E-01 -7.152736E-03
  5.900000E-01 -6.661198E-03
  5.910000E-01 -6.151550E-03
  5.920000E-01 -5.626407E-03
  5.930000E-01 -5.088821E-03
  5.940000E-01 -4.542227E-03
  5.950000E-01 -3.990373E-03
  5.960000E-01 -3.437239E-03
  5.970000E-01 -2.886955E-03
  5.980000E-01 -2.343705E-03
  5.990000E-01 -1.811639E-03
  6.000000E-01 -1.294769E-03
  6.010000E-01 -7.968861E-04
  6.020000E-01 -3.214622E-04
  6.030000E-01  1.284265E-04
  6.040000E-01  5.501759E-04
  6.050000E-01  9.417164E-04
  6.060000E-01  1.301564E-03
  6.070000E-01  1.628858E-03
  6.080000E-01  1.923383E-03
  6.090000E-01  2.185575E-03
  6.100000E-01  2.416512E-03
  6.110000E-01  2.617895E-03
  6.120000E-01  2.792000E-03
  6.130000E-01  2.941630E-03
  6.140000E-01  3.070045E-03
  6.150000E-01  3.180884E-03
  6.160000E-01  3.278080E-03
  6.170000E-01  3.365759E-03
  6.180000E-01  3.448144E-03
  6.190000E-01  3.529449E-03
  6.200000E-01  3.613777E-03
  6.210000E-01  3.705022E-03
  6.220000E-01  3.806768E-03
  6.230000E-01  3.922207E-03
  6.240000E-01  4.054057E-03
  6.250000E-01  4.204495E-03
  6.260000E-01  4.375108E-03
  6.270000E-01  4.566851E-03
  6.280000E-01  4.780024E-03
  6.290000E-01  5.014268E-03
  6.300000E-01  5.268573E-03
  6.310000E-01  5.541303E-03
  6.320000E-01  5.830238E-03
  6.330000E-01  6.132632E-03
  6.340000E-01  6.445277E-03
  6.350000E-01  6.764583E-03
  6.360000E-01  7.086670E-03
  6.370000E-01  7.407458E-03
  6.380000E-01  7.722770E-03
  6.390000E-01  8.028429E-03
  6.400000E-01  8.320360E-03
  6.410000E-01  8.594687E-03
  6.420000E-01  8.847820E-03
  6.430000E-01  9.076541E-03
  6.440000E-01  9.278072E-03
  6.450000E-01  9.450134E-03
  6.460000E-01  9.590999E-03
  6.470000E-01  9.699514E-03
  6.480000E-01  9.775121E-03
  6.490000E-01  9.817857E-03
  6.500000E-01  9.828337E-03
  6.510000E-01  9.807729E-03
  6.520000E-01  9.757701E-03
  6.530000E-01  9.680375E-03
  6.540000E-01  9.578249E-03
  6.550000E-01  9.454127E-03
  6.560000E-01  9.311032E-03
  6.570000E-01  9.152115E-03
  6.580000E-01  8.980568E-03
  6.590000E-01  8.799530E-03
  6.600000E-01  8.611997E-03
  6.610000E-01  8.420743E-03
  6.620000E-01  8.228240E-03
  6.630000E-01  8.036593E-03
  6.640000E-01  7.847483E-03
  6.650000E-01  7.662127E-03
  6.660000E-01  7.481245E-03
  6.670000E-01  7.305045E-03
  6.680000E-01  7.133226E-03
  6.690000E-01  6.964991E-03
  6.700000E-01  6.799073E-03
  6.710000E-01  6.633783E-03
  6.720000E-01  6.467058E-03
  6.730000E-01  6.296531E-03
  6.740000E-01  6.119603E-03
  6.750000E-01  5.933525E-03
  6.760000E-01  5.735481E-03
  6.770000E-01  5.522680E-03
  6.780000E-01  5.292440E-03
  6.790000E-01  5.042277E-03
  6.800000E-01  4.769981E-03
  6.810000E-01  4.473696E-03
  6.820000E-01  4.151979E-03
  6.830000E-01  3.803861E-03
  6.840000E-01  3.428881E-03
  6.850000E-01  3.027123E-03
  6.860000E-01  2.599229E-03
  6.870000E-01  2.146400E-03
  6.880000E-01  1.670380E-03
  6.890000E-01  1.173437E-03
  6.900000E-01  6.583149E-04
  6.910000E-01  1.281880E-04
  6.920000E-01 -4.134049E-04
  6.930000E-01 -9.626308E-04
  6.940000E-01 -1.515441E-03
  6.950000E-01 -2.067652E-03
  6.960000E-01 -2.615038E-03
  6.970000E-01 -3.153410E-03
  6.980000E-01 -3.678706E-03
  6.990000E-01 -4.187069E-03
  7.000000E-01 -4.674925E-03
  7.010000E-01 -5.139049E-03
  7.020000E-01 -5.576625E-03
  7.030000E-01 -5.985291E-03
  7.040000E-01 -6.363179E-03
  7.050000E-01 -6.708934E-03
  7.060000E-01 -7.021728E-03
  7.070000E-01 -7.301259E-03
  7.080000E-01 -7.547731E-03
  7.090000E-01 -7.761835E-03
  7.100000E-01 -7.944704E-03
  7.110000E-01 -8.097873E-03
  7.120000E-01 -8.223219E-03
  7.130000E-01 -8.322902E-03
  7.140000E-01 -8.399295E-03
  7.150000E-01 -8.454916E-03
  7.160000E-01 -8.492361E-03
  7.170000E-01 -8.514226E-03
  7.180000E-01 -8.523047E-03
  7.190000E-01 -8.521234E-03
  7.200000E-01 -8.511014E-03
  7.210000E-01 -8.494382E-03
  7.220000E-01 -8.473061E-03
  7.230000E-01 -8.448468E-03
  7.240000E-01 -8.421691E-03
  7.250000E-01 -8.393481E-03
  7.260000E-01 -8.364246E-03
  7.270000E-01 -8.334063E-03
  7.280000E-01 -8.302692E-03
  7.290000E-01 -8.269605E-03
  7.300000E-01 -8.234016E-03
  7.310000E-01 -8.194928E-03
  7.320000E-01 -8.151171E-03
  7.330000E-01 -8.101459E-03
  7.340000E-01 -8.044433E-03
  7.350000E-01 -7.978724E-03
  7.360000E-01 -7.902995E-03
  7.370000E-01 -7.815995E-03
  7.380000E-01 -7.716607E-03
  7.390000E-01 -7.603884E-03
  7.400000E-01 -7.477088E-03
  7.410000E-01 -7.335717E-03
  7.420000E-01 -7.179526E-03
  7.430000E-01 -7.008541E-03
  7.440000E-01 -6.823063E-03
  7.450000E-01 -6.623664E-03
  7.460000E-01 -6.411177E-03
  7.470000E-01 -6.186678E-03
  7.480000E-01 -5.951458E-03
  7.490000E-01 -5.706991E-03
  7.500000E-01 -5.454904E-03
  7.510000E-01 -5.196927E-03
  7.520000E-01 -4.934857E-03
  7.530000E-01 -4.670513E-03
  7.540000E-01 -4.405687E-03
  7.550000E-01 -4.142106E-03
  7.560000E-01 -3.881390E-03
  7.570000E-01 -3.625013E-03
  7.580000E-01 -3.374271E-03
  7.590000E-01 -3.130256E-03
  7.600000E-01 -2.893836E-03
  7.610000E-01 -2.665635E-03
  7.620000E-01 -2.446032E-03
  7.630000E-01 -2.235156E-03
  7.640000E-01 -2.032894E-03
  7.650000E-01 -1.838900E-03
  7.660000E-01 -1.652621E-03
  7.670000E-01 -1.473315E-03
  7.680000E-01 -1.300080E-03
  7.690000E-01 -1.131891E-03
  7.700000E-01 -9.676314E-04
  7.710000E-01 -8.061329E-04
  7.720000E-01 -6.462108E-04
  7.730000E-01 -4.867027E-04
  7.740000E-01 -3.265044E-04
  7.750000E-01 -1.646032E-04
  7.760000E-01 -1.079483E-07
  7.770000E-01  1.677248E-04
  7.780000E-01  3.394695E-04
  7.790000E-01  5.155152E-04
  7.800000E-01  6.960552E-04
  7.810000E-01  8.810819E-04
  7.820000E-01  1.070388E-03
  7.830000E-01  1.263571E-03
  7.840000E-01  1.460049E-03
  7.850000E-01  1.659071E-03
  7.860000E-01  1.859744E-03
  7.870000E-01  2.061052E-03
  7.880000E-01  2.261887E-03
  7.890000E-01  2.461074E-03
  7.900000E-01  2.657405E-03
  7.910000E-01  2.849668E-03
  7.920000E-01  3.036675E-03
  7.930000E-01  3.217294E-03
  7.940000E-01  3.390473E-03
  7.950000E-01  3.555263E-03
  7.960000E-01  3.710836E-03
  7.970000E-01  3.856508E-03
  7.980000E-01  3.991741E-03
  7.990000E-01  4.116154E-03
  8.000000E-01  4.229528E-03
  8.010000E-01  4.331798E-03
  8.020000E-01  4.423049E-03
  8.030000E-01  4.503505E-03
  8.040000E-01  4.573512E-03
  8.050000E-01  4.633525E-03
  8.060000E-01  4.684081E-03
  8.070000E-01  4.725783E-03
  8.080000E-01  4.759273E-03
  8.090000E-01  4.785210E-03
  8.100000E-01  4.804245E-03
  8.110000E-01  4.817002E-03
  8.120000E-01  4.824055E-03
  8.130000E-01  4.825911E-03
  8.140000E-01  4.822995E-03
  8.150000E-01  4.815638E-03
  8.160000E-01  4.804070E-03
  8.170000E-01  4.788412E-03
  8.180000E-01  4.768678E-03
  8.190000E-01  4.744781E-03
  8.200000E-01  4.716533E-03
  8.210000E-01  4.683659E-03
  8.220000E-01  4.645812E-03
  8.230000E-01  4.602584E-03
  8.240000E-01  4.553528E-03
  8.250000E-01  4.498173E-03
  8.260000E-01  4.436049E-03
  8.270000E-01  4.366702E-03
  8.280000E-01  4.289716E-03
  8.290000E-01  4.204733E-03
  8.300000E-01  4.111470E-03
  8.310000E-01  4.009734E-03
  8.320000E-01  3.899432E-03
  8.330000E-01  3.780588E-03
  8.340000E-01  3.653343E-03
  8.350000E-01  3.517964E-03
  8.360000E-01  3.374842E-03
  8.370000E-01  3.224489E-03
  8.380000E-01  3.067533E-03
  8.390000E-01  2.904707E-03
  8.400000E-01  2.736840E-03
  8.410000E-01  2.564837E-03
  8.420000E-01  2.389667E-03
  8.430000E-01  2.212344E-03
  8.440000E-01  2.033903E-03
  8.450000E-01  1.855387E-03
  8.460000E-01  1.677819E-03
  8.470000E-01  1.502189E-03
  8.480000E-01  1.329431E-03
  8.490000E-01  1.160410E-03
  8.500000E-01  9.959021E-04
  8.510000E-01  8.365847E-04
  8.520000E-01  6.830264E-04
  8.530000E-01  5.356790E-04
  8.540000E-01  3.948735E-04
  8.550000E-01  2.608190E-04
  8.560000E-01  1.336047E-04
  8.570000E-01  1.320522E-05
  8.580000E-01 -1.005122E-04
  8.590000E-01 -2.077769E-04
  8.600000E-01 -3.089024E-04
  8.610000E-01 -4.042717E-04
  8.620000E-01 -4.943219E-04
  8.630000E-01 -5.795267E-04
  8.640000E-01 -6.603797E-04
  8.650000E-01 -7.373762E-04
  8.660000E-01 -8.109964E-04
  8.670000E-01 -8.816896E-04
  8.680000E-01 -9.498583E-04
  8.690000E-01 -1.015846E-03
  8.700000E-01 -1.079924E-03
  8.710000E-01 -1.142286E-03
  8.720000E-01 -1.203036E-03
  8.730000E-01 -1.262190E-03
  8.740000E-01 -1.319672E-03
  8.750000E-01 -1.375315E-03
  8.760000E-01 -1.428866E-03
  8.770000E-01 -1.479995E-03
  8.780000E-01 -1.528302E-03
  8.790000E-01 -1.573330E-03
  8.800000E-01 -1.614574E-03
  8.810000E-01 -1.651503E-03
  8.820000E-01 -1.683570E-03
  8.830000E-01 -1.710232E-03
  8.840000E-01 -1.730965E-03
  8.850000E-01 -1.745278E-03
  8.860000E-01 -1.752736E-03
  8.870000E-01 -1.752968E-03
  8.880000E-01 -1.745681E-03
  8.890000E-01 -1.730677E-03
  8.900000E-01 -1.707857E-03
  8.910000E-01 -1.677230E-03
  8.920000E-01 -1.638918E-03
  8.930000E-01 -1.593159E-03
  8.940000E-01 -1.540305E-03
  8.950000E-01 -1.480820E-03
  8.960000E-01 -1.415273E-03
  8.970000E-01 -1.344333E-03
  8.980000E-01 -1.268752E-03
  8.990000E-01 -1.189361E-03
  9.000000E-01 -1.107047E-03
  9.010000E-01 -1.022741E-03
  9.020000E-01 -9.374035E-04
  9.030000E-01 -8.520002E-04
  9.040000E-01 -7.674888E-04
  9.050000E-01 -6.847990E-04
  9.060000E-01 -6.048148E-04
  9.070000E-01 -5.283581E-04
  9.080000E-01 -4.561729E-04
  9.090000E-01 -3.889116E-04
  9.100000E-01 -3.271228E-04
  9.110000E-01 -2.712418E-04
  9.120000E-01 -2.215831E-04
  9.130000E-01 -1.783358E-04
  9.140000E-01 -1.415614E-04
  9.150000E-01 -1.111946E-04
  9.160000E-01 -8.704665E-05
  9.170000E-01 -6.881181E-05
  9.180000E-01 -5.607574E-05
  9.190000E-01 -4.832673E-05
  9.200000E-01 -4.496888E-05
  9.210000E-01 -4.533713E-05
  9.220000E-01 -4.871371E-05
  9.230000E-01 -5.434577E-05
  9.240000E-01 -6.146348E-05
  9.250000E-01 -6.929853E-05
  9.260000E-01 -7.710221E-05
  9.270000E-01 -8.416291E-05
  9.280000E-01 -8.982240E-05
  9.290000E-01 -9.349063E-05
  9.300000E-01 -9.465866E-05
  9.310000E-01 -9.290931E-05
  9.320000E-01 -8.792549E-05
  9.330000E-01 -7.949579E-05
  9.340000E-01 -6.751744E-05
  9.350000E-01 -5.199639E-05
  9.360000E-01 -3.304474E-05
  9.370000E-01 -1.087547E-05
  9.380000E-01  1.420529E-05
  9.390000E-01  4.180823E-05
  9.400000E-01  7.147284E-05
  9.410000E-01  1.026810E-04
  9.420000E-01  1.348719E-04
  9.430000E-01  1.674579E-04
  9.440000E-01  1.998407E-04
  9.450000E-01  2.314279E-04
  9.460000E-01  2.616490E-04
  9.470000E-01  2.899705E-04
  9.480000E-01  3.159104E-04
  9.490000E-01  3.390510E-04
  9.500000E-01  3.590494E-04
  9.510000E-01  3.756470E-04
  9.520000E-01  3.886758E-04
  9.530000E-01  3.980628E-04
  9.540000E-01  4.038321E-04
  9.550000E-01  4.061037E-04
  9.560000E-01  4.050909E-04
  9.570000E-01  4.010941E-04
  9.580000E-01  3.944933E-04
  9.590000E-01  3.857378E-04
  9.600000E-01  3.753347E-04
  9.610000E-01  3.638353E-04
  9.620000E-01  3.518208E-04
  9.630000E-01  3.398864E-04
  9.640000E-01  3.286261E-04
  9.650000E-01  3.186163E-04
  9.660000E-01  3.104002E-04
  9.670000E-01  3.044736E-04
  9.680000E-01  3.012704E-04
  9.690000E-01  3.011510E-04
  9.700000E-01  3.043918E-04
  9.710000E-01  3.111766E-04
  9.720000E-01  3.215911E-04
  9.730000E-01  3.356191E-04
  9.740000E-01  3.531418E-04
  9.750000E-01  3.739392E-04
  9.760000E-01  3.976946E-04
  9.770000E-01  4.240015E-04
  9.780000E-01  4.523722E-04
  9.790000E-01  4.822493E-04
  9.800000E-01  5.130186E-04
  9.810000E-01  5.440227E-04
  9.820000E-01  5.745772E-04
  9.830000E-01  6.039859E-04
  9.840000E-01  6.315569E-04
  9.850000E-01  6.566189E-04
  9.860000E-01  6.785357E-04
  9.870000E-01  6.967206E-04
  9.880000E-01  7.106491E-04
  9.890000E-01  7.198696E-04
  9.900000E-01  7.240129E-04
  9.910000E-01  7.227986E-04
  9.920000E-01  7.160398E-04
  9.930000E-01  7.036454E-04
  9.940000E-01  6.856198E-04
  9.950000E-01  6.620605E-04
  9.960000E-01  6.331534E-04
  9.970000E-01  5.991661E-04
  9.980000E-01  5.604395E-04
  9.990000E-01  5.173780E-04
  1.000000E+00  4.704383E-04
  1.001000E+00  4.201175E-04
  1.002000E+00  3.669413E-04
  1.003000E+00  3.114508E-04
  1.004000E+00  2.541907E-04
  1.005000E+00  1.956978E-04
  1.006000E+00  1.364895E-04
  1.007000E+00  7.705453E-05
  1.008000E+00  1.784412E-05
  1.009000E+00 -4.073533E-05
  1.010000E+00 -9.832791E-05
  1.011000E+00 -1.546324E-04
  1.012000E+00 -2.094048E-04
  1.013000E+00 -2.624596E-04
  1.014000E+00 -3.136691E-04
  1.015000E+00 -3.629613E-04
  1.016000E+00 -4.103174E-04
  1.017000E+00 -4.557668E-04
  1.018000E+00 -4.993818E-04
  1.019000E+00 -5.412720E-04
  1.020000E+00 -5.815772E-04
  1.021000E+00 -6.204603E-04
  1.022000E+00 -6.581006E-04
  1.023000E+00 -6.946860E-04
  1.024000E+00 -7.304069E-04
  1.025000E+00 -7.654494E-04
  1.026000E+00 -7.999897E-04
  1.027000E+00 -8.341892E-04
  1.028000E+00 -8.681902E-04
  1.029000E+00 -9.021129E-04
  1.030000E+00 -9.360527E-04
  1.031000E+00 -9.700792E-04
  1.032000E+00 -1.004235E-03
  1.033000E+00 -1.038538E-03
  1.034000E+00 -1.072980E-03
  1.035000E+00 -1.107527E-03
  1.036000E+00 -1.142128E-03
  1.037000E+00 -1.176710E-03
  1.038000E+00 -1.211185E-03
  1.039000E+00 -1.245453E-03
  1.040000E+00 -1.279402E-03
  1.041000E+00 -1.312916E-03
  1.042000E+00 -1.345873E-03
  1.043000E+00 -1.378151E-03
  1.044000E+00 -1.409629E-03
  1.045000E+00 -1.440190E-03
  1.046000E+00 -1.469720E-03
  1.047000E+00 -1.498111E-03
  1.048000E+00 -1.525262E-03
  1.049000E+00 -1.551080E-03
  1.050000E+00 -1.575476E-03
  1.051000E+00 -1.598368E-03
  1.052000E+00 -1.619680E-03
  1.053000E+00 -1.639338E-03
  1.054000E+00 -1.657274E-03
  1.055000E+00 -1.673418E-03
  1.056000E+00 -1.687701E-03
  1.057000E+00 -1.700053E-03
  1.058000E+00 -1.710402E-03
  1.059000E+00 -1.718670E-03
  1.060000E+00 -1.724776E-03
  1.061000E+00 -1.728633E-03
  1.062000E+00 -1.730150E-03
  1.063000E+00 -1.729230E-03
  1.064000E+00 -1.725773E-03
  1.065000E+00 -1.719674E-03
  1.066000E+00 -1.710830E-03
  1.067000E+00 -1.699135E-03
  1.068000E+00 -1.684488E-03
  1.069000E+00 -1.666794E-03
  1.070000E+00 -1.645966E-03
  1.071000E+00 -1.621927E-03
  1.072000E+00 -1.594616E-03
  1.073000E+00 -1.563989E-03
  1.074000E+00 -1.530024E-03
  1.075000E+00 -1.492720E-03
  1.076000E+00 -1.452102E-03
  1.077000E+00 -1.408224E-03
  1.078000E+00 -1.361168E-03
  1.079000E+00 -1.311046E-03
  1.080000E+00 -1.258001E-03
  1.081000E+00 -1.202203E-03
  1.082000E+00 -1.143855E-03
  1.083000E+00 -1.083182E-03
  1.084000E+00 -1.020437E-03
  1.085000E+00 -9.558922E-04
  1.086000E+00 -8.898386E-04
  1.087000E+00 -8.225802E-04
  1.088000E+00 -7.544302E-04
  1.089000E+00 -6.857065E-04
  1.090000E+00 -6.167264E-04
  1.091000E+00 -5.478021E-04
  1.092000E+00 -4.792355E-04
  1.093000E+00 -4.113139E-04
  1.094000E+00 -3.443051E-04
  1.095000E+00 -2.784541E-04
  1.096000E+00 -2.139793E-04
  1.097000E+00 -1.510696E-04
  1.098000E+00 -8.988291E-05
  1.099000E+00 -3.054452E-05
  1.100000E+00  2.685296E-05
  1.101000E+00  8.224902E-05
  1.102000E+00  1.356138E-04
  1.103000E+00  1.869456E-04
  1.104000E+00  2.362679E-04
  1.105000E+00  2.836256E-04
  1.106000E+00  3.290804E-04
  1.107000E+00  3.727065E-04
  1.108000E+00  4.145855E-04
  1.109000E+00  4.548016E-04
  1.110000E+00  4.934368E-04
  1.111000E+00  5.305660E-04
  1.112000E+00  5.662534E-04
  1.113000E+00  6.005489E-04
  1.114000E+00  6.334849E-04
  1.115000E+00  6.650748E-04
  1.116000E+00  6.953112E-04
  1.117000E+00  7.241663E-04
  1.118000E+00  7.515920E-04
  1.119000E+00  7.775217E-04
  1.120000E+00  8.018728E-04
  1.121000E+00  8.245500E-04
  1.122000E+00  8.454488E-04
  1.123000E+00  8.644610E-04
  1.124000E+00  8.814787E-04
  1.125000E+00  8.964004E-04
  1.126000E+00  9.091362E-04
  1.127000E+00  9.196132E-04
  1.128000E+00  9.277806E-04
  1.129000E+00  9.336145E-04
  1.130000E+00  9.371223E-04
  1.131000E+00  9.383456E-04
  1.132000E+00  9.373631E-04
  1.133000E+00  9.342918E-04
  1.134000E+00  9.292879E-04
  1.135000E+00  9.225455E-04
  1.136000E+00  9.142954E-04
  1.137000E+00  9.048018E-04
  1.138000E+00  8.943583E-04
  1.139000E+00  8.832832E-04
  1.140000E+00  8.719135E-04
  1.141000E+00  8.605982E-04
  1.142000E+00  8.496914E-04
  1.143000E+00  8.395445E-04
  1.144000E+00  8.304981E-04
  1.145000E+00  8.228748E-04
  1.146000E+00  8.169708E-04
  1.147000E+00  8.130486E-04
  1.148000E+00  8.113306E-04
  1.149000E+00  8.119926E-04
  1.150000E+00  8.151588E-04
  1.151000E+00  8.208981E-04
  1.152000E+00  8.292208E-04
  1.153000E+00  8.400773E-04
  1.154000E+00  8.533585E-04
  1.155000E+00  8.688966E-04
  1.156000E+00  8.864685E-04
  1.157000E+00  9.057996E-04
  1.158000E+00  9.265700E-04
  1.159000E+00  9.484206E-04
  1.160000E+00  9.709618E-04
  1.161000E+00  9.937812E-04
  1.162000E+00  1.016454E-03
  1.163000E+00  1.038551E-03
  1.164000E+00  1.059650E-03
  1.165000E+00  1.079347E-03
  1.166000E+00  1.097259E-03
  1.167000E+00  1.113041E-03
  1.168000E+00  1.126389E-03
  1.169000E+00  1.137047E-03
  1.170000E+00  1.144816E-03
  1.171000E+00  1.149554E-03
  1.172000E+00  1.151184E-03
  1.173000E+00  1.149693E-03
  1.174000E+00  1.145131E-03
  1.175000E+00  1.137615E-03
  1.176000E+00  1.127321E-03
  1.177000E+00  1.114484E-03
  1.178000E+00  1.099389E-03
  1.179000E+00  1.082369E-03
  1.180000E+00  1.063796E-03
  1.181000E+00  1.044071E-03
  1.182000E+00  1.023617E-03
  1.183000E+00  1.002869E-03
  1.184000E+00  9.822680E-04
  1.185000E+00  9.622452E-04
  1.186000E+00  9.432190E-04
  1.187000E+00  9.255837E-04
  1.188000E+00  9.097025E-04
  1.189000E+00  8.959009E-04
  1.190000E+00  8.844610E-04
  1.191000E+00  8.756170E-04
  1.192000E+00  8.695529E-04
  1.193000E+00  8.664006E-04
  1.194000E+00  8.662403E-04
  1.195000E+00  8.691016E-04
  1.196000E+00  8.749667E-04
  1.197000E+00  8.837741E-04
  1.198000E+00  8.954242E-04
  1.199000E+00  9.097851E-04
  1.200000E+00  9.266994E-04
  1.201000E+00  9.459916E-04
  1.202000E+00  9.674752E-04
  1.203000E+00  9.909605E-04
  1.204000E+00  1.016261E-03
  1.205000E+00  1.043202E-03
  1.206000E+00  1.071623E-03
  1.207000E+00  1.101387E-03
  1.208000E+00  1.132379E-03
  1.209000E+00  1.164516E-03
  1.210000E+00  1.197742E-03
  1.211000E+00  1.232031E-03
  1.212000E+00  1.267387E-03
  1.213000E+00  1.303839E-03
  1.214000E+00  1.341440E-03
  1.215000E+00  1.380263E-03
  1.216000E+00  1.420396E-03
  1.217000E+00  1.461932E-03
  1.218000E+00  1.504972E-03
  1.219000E+00  1.549610E-03
  1.220000E+00  1.595933E-03
  1.221000E+00  1.644011E-03
  1.222000E+00  1.693897E-03
  1.223000E+00  1.745616E-03
  1.224000E+00  1.799168E-03
  1.225000E+00  1.854519E-03
  1.226000E+00  1.911604E-03
  1.227000E+00  1.970324E-03
  1.228000E+00  2.030548E-03
  1.229000E+00  2.092113E-03
  1.230000E+00  2.154827E-03
  1.231000E+00  2.218478E-03
  1.232000E+00  2.282829E-03
  1.233000E+00  2.347634E-03
  1.234000E+00  2.412635E-03
  1.235000E+00  2.477577E-03
  1.236000E+00  2.542205E-03
  1.237000E+00  2.606280E-03
  1.238000E+00  2.669579E-03
  1.239000E+00  2.731901E-03
  1.240000E+00  2.793075E-03
  1.241000E+00  2.852962E-03
  1.242000E+00  2.911456E-03
  1.243000E+00  2.968488E-03
  1.244000E+00  3.024026E-03
  1.245000E+00  3.078073E-03
  1.246000E+00  3.130665E-03
  1.247000E+00  3.181867E-03
  1.248000E+00  3.231770E-03
  1.249000E+00  3.280482E-03
  1.250000E+00  3.328125E-03
  1.251000E+00  3.374826E-03
  1.252000E+00  3.420710E-03
  1.253000E+00  3.465889E-03
  1.254000E+00  3.510462E-03
  1.255000E+00  3.554500E-03
  1.256000E+00  3.598045E-03
  1.257000E+00  3.641101E-03
  1.258000E+00  3.683632E-03
  1.259000E+00  3.725558E-03
  1.260000E+00  3.766755E-03
  1.261000E+00  3.807050E-03
  1.262000E+00  3.846229E-03
  1.263000E+00  3.884035E-03
  1.264000E+00  3.920178E-03
  1.265000E+00  3.954334E-03
  1.266000E+00  3.986160E-03
  1.267000E+00  4.015296E-03
  1.268000E+00  4.041381E-03
  1.269000E+00  4.064057E-03
  1.270000E+00  4.082981E-03
  1.271000E+00  4.097837E-03
  1.272000E+00  4.108346E-03
  1.273000E+00  4.114271E-03
  1.274000E+00  4.115431E-03
  1.275000E+00  4.111703E-03
  1.276000E+00  4.103029E-03
  1.277000E+00  4.089425E-03
  1.278000E+00  4.070974E-03
  1.279000E+00  4.047834E-03
  1.280000E+00  4.020234E-03
  1.281000E+00  3.988470E-03
  1.282000E+00  3.952902E-03
  1.283000E+00  3.913947E-03
  1.284000E+00  3.872069E-03
  1.285000E+00  3.827776E-03
  1.286000E+00  3.781602E-03
  1.287000E+00  3.734104E-03
  1.288000E+00  3.685846E-03
  1.289000E+00  3.637390E-03
  1.290000E+00  3.589287E-03
  1.291000E+00  3.542061E-03
  1.292000E+00  3.496207E-03
  1.293000E+00  3.452174E-03
  1.294000E+00  3.410363E-03
  1.295000E+00  3.371120E-03
  1.296000E+00  3.334727E-03
  1.297000E+00  3.301405E-03
  1.298000E+00  3.271305E-03
  1.299000E+00  3.244515E-03
  1.300000E+00  3.221054E-03
  1.301000E+00  3.200882E-03
  1.302000E+00  3.183898E-03
  1.303000E+00  3.169950E-03
  1.304000E+00  3.158839E-03
  1.305000E+00  3.150325E-03
  1.306000E+00  3.144139E-03
  1.307000E+00  3.139985E-03
  1.308000E+00  3.137556E-03
  1.309000E+00  3.136536E-03
  1.310000E+00  3.136608E-03
  1.311000E+00  3.137467E-03
  1.312000E+00  3.138821E-03
  1.313000E+00  3.140397E-03
  1.314000E+00  3.141951E-03
  1.315000E+00  3.143265E-03
  1.316000E+00  3.144154E-03
  1.317000E+00  3.144465E-03
  1.318000E+00  3.144079E-03
  1.319000E+00  3.142906E-03
  1.320000E+00  3.140889E-03
  1.321000E+00  3.137994E-03
  1.322000E+00  3.134211E-03
  1.323000E+00  3.129546E-03
  1.324000E+00  3.124019E-03
  1.325000E+00  3.117654E-03
  1.326000E+00  3.110477E-03
  1.327000E+00  3.102510E-03
  1.328000E+00  3.093764E-03
  1.329000E+00  3.084237E-03
  1.330000E+00  3.073905E-03
  1.331000E+00  3.062724E-03
  1.332000E+00  3.050625E-03
  1.333000E+00  3.037511E-03
  1.334000E+00  3.023257E-03
  1.335000E+00  3.007712E-03
  1.336000E+00  2.990696E-03
  1.337000E+00  2.972007E-03
  1.338000E+00  2.951418E-03
  1.339000E+00  2.928684E-03
  1.340000E+00  2.903548E-03
  1.341000E+00  2.875738E-03
  1.342000E+00  2.844982E-03
  1.343000E+00  2.811003E-03
  1.344000E+00  2.773533E-03
  1.345000E+00  2.732314E-03
  1.346000E+00  2.687106E-03
  1.347000E+00  2.637690E-03
  1.348000E+00  2.583878E-03
  1.349000E+00  2.525513E-03
  1.350000E+00  2.462477E-03
  1.351000E+00  2.394697E-03
  1.352000E+00  2.322143E-03
  1.353000E+00  2.244841E-03
  1.354000E+00  2.162864E-03
  1.355000E+00  2.076346E-03
  1.356000E+00  1.985473E-03
  1.357000E+00  1.890491E-03
  1.358000E+00  1.791700E-03
  1.359000E+00  1.689457E-03
  1.360000E+00  1.584173E-03
  1.361000E+00  1.476306E-03
  1.362000E+00  1.366363E-03
  1.363000E+00  1.254895E-03
  1.364000E+00  1.142485E-03
  1.365000E+00  1.029753E-03
  1.366000E+00  9.173391E-04
  1.367000E+00  8.059047E-04
  1.368000E+00  6.961206E-04
  1.369000E+00  5.886611E-04
  1.370000E+00  4.841959E-04
  1.371000E+00  3.833822E-04
  1.372000E+00  2.868566E-04
  1.373000E+00  1.952273E-04
  1.374000E+00  1.090664E-04
  1.375000E+00  2.890241E-05
  1.376000E+00 -4.478679E-05
  1.377000E+00 -1.115802E-04
  1.378000E+00 -1.711196E-04
  1.379000E+00 -2.231146E-04
  1.380000E+00 -2.673471E-04
  1.381000E+00 -3.036739E-04
  1.382000E+00 -3.320297E-04
  1.383000E+00 -3.524281E-04
  1.384000E+00 -3.649616E-04
  1.385000E+00 -3.698007E-04
  1.386000E+00 -3.671925E-04
  1.387000E+00 -3.574567E-04
  1.388000E+00 -3.409827E-04
  1.389000E+00 -3.182237E-04
  1.390000E+00 -2.896917E-04
  1.391000E+00 -2.559505E-04
  1.392000E+00 -2.176090E-04
  1.393000E+00 -1.753130E-04
  1.394000E+00 -1.297379E-04
  1.395000E+00 -8.157985E-05
  1.396000E+00 -3.154790E-05
  1.397000E+00  1.964449E-05
  1.398000E+00  7.128741E-05
  1.399000E+00  1.226823E-04
  1.400000E+00  1.731491E-04
  1.401000E+00  2.220332E-04
  1.402000E+00  2.687115E-04
  1.403000E+00  3.125979E-04
  1.404000E+00  3.531478E-04
  1.405000E+00  3.898619E-04
  1.406000E+00  4.222897E-04
  1.407000E+00  4.500310E-04
  1.408000E+00  4.727373E-04
  1.409000E+00  4.901126E-04
  1.410000E+00  5.019125E-04
  1.411000E+00  5.079433E-04
  1.412000E+00  5.080604E-04
  1.413000E+00  5.021656E-04
  1.414000E+00  4.902048E-04
  1.415000E+00  4.721643E-04
  1.416000E+00  4.480684E-04
  1.417000E+00  4.179750E-04
  1.418000E+00  3.819733E-04
  1.419000E+00  3.401800E-04
  1.420000E+00  2.927371E-04
  1.421000E+00  2.398087E-04
  1.422000E+00  1.815795E-04
  1.423000E+00  1.182527E-04
  1.424000E+00  5.004904E-05
  1.425000E+00 -2.279398E-05
  1.426000E+00 -1.000226E-04
  1.427000E+00 -1.813666E-04
  1.428000E+00 -2.665390E-04
  1.429000E+00 -3.552358E-04
  1.430000E+00 -4.471347E-04
  1.431000E+00 -5.418949E-04
  1.432000E+00 -6.391563E-04
  1.433000E+00 -7.385393E-04
  1.434000E+00 -8.396446E-04
  1.435000E+00 -9.420538E-04
  1.436000E+00 -1.045330E-03
  1.437000E+00 -1.149020E-03
  1.438000E+00 -1.252655E-03
  1.439000E+00 -1.355757E-03
  1.440000E+00 -1.457836E-03
  1.441000E+00 -1.558400E-03
  1.442000E+00 -1.656959E-03
  1.443000E+00 -1.753025E-03
  1.444000E+00 -1.846124E-03
  1.445000E+00 -1.935797E-03
  1.446000E+00 -2.021607E-03
  1.447000E+00 -2.103147E-03
  1.448000E+00 -2.180041E-03
  1.449000E+00 -2.251953E-03
  1.450000E+00 -2.318591E-03
  1.451000E+00 -2.379709E-03
  1.452000E+00 -2.435110E-03
  1.453000E+00 -2.484654E-03
  1.454000E+00 -2.528252E-03
  1.455000E+00 -2.565873E-03
  1.456000E+00 -2.597540E-03
  1.457000E+00 -2.623331E-03
  1.458000E+00 -2.643376E-03
  1.459000E+00 -2.657855E-03
  1.460000E+00 -2.666993E-03
  1.461000E+00 -2.671056E-03
  1.462000E+00 -2.670350E-03
  1.463000E+00 -2.665208E-03
  1.464000E+00 -2.655991E-03
  1.465000E+00 -2.643081E-03
  1.466000E+00 -2.626870E-03
  1.467000E+00 -2.607762E-03
  1.468000E+00 -2.586163E-03
  1.469000E+00 -2.562474E-03
  1.470000E+00 -2.537093E-03
  1.471000E+00 -2.510402E-03
  1.472000E+00 -2.482770E-03
  1.473000E+00 -2.454550E-03
  1.474000E+00 -2.426073E-03
  1.475000E+00 -2.397650E-03
  1.476000E+00 -2.369568E-03
  1.477000E+00 -2.342094E-03
  1.478000E+00 -2.315472E-03
  1.479000E+00 -2.289927E-03
  1.480000E+00 -2.265663E-03
  1.481000E+00 -2.242866E-03
  1.482000E+00 -2.221706E-03
  1.483000E+00 -2.202339E-03
  1.484000E+00 -2.184905E-03
  1.485000E+00 -2.169536E-03
  1.486000E+00 -2.156350E-03
  1.487000E+00 -2.145457E-03
  1.488000E+00 -2.136958E-03
  1.489000E+00 -2.130945E-03
  1.490000E+00 -2.127500E-03
  1.491000E+00 -2.126696E-03
  1.492000E+00 -2.128595E-03
  1.493000E+00 -2.133248E-03
  1.494000E+00 -2.140691E-03
  1.495000E+00 -2.150945E-03
  1.496000E+00 -2.164014E-03
  1.497000E+00 -2.179881E-03
  1.498000E+00 -2.198510E-03
  1.499000E+00 -2.219837E-03
  1.500000E+00 -2.243776E-03
  1.501000E+00 -2.270212E-03
  1.502000E+00 -2.299003E-03
  1.503000E+00 -2.329977E-03
  1.504000E+00 -2.362935E-03
  1.505000E+00 -2.397647E-03
  1.506000E+00 -2.433857E-03
  1.507000E+00 -2.471284E-03
  1.508000E+00 -2.509624E-03
  1.509000E+00 -2.548553E-03
  1.510000E+00 -2.587731E-03
  1.511000E+00 -2.626806E-03
  1.512000E+00 -2.665420E-03
  1.513000E+00 -2.703213E-03
  1.514000E+00 -2.739829E-03
  1.515000E+00 -2.774920E-03
  1.516000E+00 -2.808156E-03
  1.517000E+00 -2.839226E-03
  1.518000E+00 -2.867845E-03
  1.519000E+00 -2.893760E-03
  1.520000E+00 -2.916753E-03
  1.521000E+00 -2.936646E-03
  1.522000E+00 -2.953303E-03
  1.523000E+00 -2.966632E-03
  1.524000E+00 -2.976588E-03
  1.525000E+00 -2.983174E-03
  1.526000E+00 -2.986436E-03
  1.527000E+00 -2.986470E-03
  1.528000E+00 -2.983412E-03
  1.529000E+00 -2.977440E-03
  1.530000E+00 -2.968769E-03
  1.531000E+00 -2.957646E-03
  1.532000E+00 -2.944350E-03
  1.533000E+00 -2.929180E-03
  1.534000E+00 -2.912455E-03
  1.535000E+00 -2.894508E-03
  1.536000E+00 -2.875678E-03
  1.537000E+00 -2.856305E-03
  1.538000E+00 -2.836728E-03
  1.539000E+00 -2.817276E-03
  1.540000E+00 -2.798265E-03
  1.541000E+00 -2.779992E-03
  1.542000E+00 -2.762734E-03
  1.543000E+00 -2.746740E-03
  1.544000E+00 -2.732234E-03
  1.545000E+00 -2.719407E-03
  1.546000E+00 -2.708418E-03
  1.547000E+00 -2.699395E-03
  1.548000E+00 -2.692428E-03
  1.549000E+00 -2.687578E-03
  1.550000E+00 -2.684869E-03
  1.551000E+00 -2.684297E-03
  1.552000E+00 -2.685825E-03
  1.553000E+00 -2.689390E-03
  1.554000E+00 -2.694905E-03
  1.555000E+00 -2.702257E-03
  1.556000E+00 -2.711316E-03
  1.557000E+00 -2.721937E-03
  1.558000E+00 -2.733958E-03
  1.559000E+00 -2.747210E-03
  1.560000E+00 -2.761514E-03
  1.561000E+00 -2.776689E-03
  1.562000E+00 -2.792549E-03
  1.563000E+00 -2.808911E-03
  1.564000E+00 -2.825591E-03
  1.565000E+00 -2.842409E-03
  1.566000E+00 -2.859192E-03
  1.567000E+00 -2.875770E-03
  1.568000E+00 -2.891982E-03
  1.569000E+00 -2.907675E-03
  1.570000E+00 -2.922702E-03
  1.571000E+00 -2.936930E-03
  1.572000E+00 -2.950231E-03
  1.573000E+00 -2.962493E-03
  1.574000E+00 -2.973611E-03
  1.575000E+00 -2.983495E-03
  1.576000E+00 -2.992069E-03
  1.577000E+00 -2.999269E-03
  1.578000E+00 -3.005047E-03
  1.579000E+00 -3.009368E-03
  1.580000E+00 -3.012216E-03
  1.581000E+00 -3.013587E-03
  1.582000E+00 -3.013494E-03
  1.583000E+00 -3.011964E-03
  1.584000E+00 -3.009038E-03
  1.585000E+00 -3.004766E-03
  1.586000E+00 -2.999213E-03
  1.587000E+00 -2.992447E-03
  1.588000E+00 -2.984543E-03
  1.589000E+00 -2.975580E-03
  1.590000E+00 -2.965631E-03
  1.591000E+00 -2.954770E-03
  1.592000E+00 -2.943058E-03
  1.593000E+00 -2.930549E-03
  1.594000E+00 -2.917280E-03
  1.595000E+00 -2.903272E-03
  1.596000E+00 -2.888527E-03
  1.597000E+00 -2.873028E-03
  1.598000E+00 -2.856732E-03
  1.599000E+00 -2.839579E-03
  1.600000E+00 -2.821484E-03
  1.601000E+00 -2.802344E-03
  1.602000E+00 -2.782037E-03
  1.603000E+00 -2.760426E-03
  1.604000E+00 -2.737364E-03
  1.605000E+00 -2.712694E-03
  1.606000E+00 -2.686259E-03
  1.607000E+00 -2.657902E-03
  1.608000E+00 -2.627476E-03
  1.609000E+00 -2.594844E-03
  1.610000E+00 -2.559889E-03
  1.611000E+00 -2.522519E-03
  1.612000E+00 -2.482666E-03
  1.613000E+00 -2.440298E-03
  1.614000E+00 -2.395416E-03
  1.615000E+00 -2.348062E-03
  1.616000E+00 -2.298317E-03
  1.617000E+00 -2.246303E-03
  1.618000E+00 -2.192184E-03
  1.619000E+00 -2.136164E-03
  1.620000E+00 -2.078485E-03
  1.621000E+00 -2.019425E-03
  1.622000E+00 -1.959292E-03
  1.623000E+00 -1.898422E-03
  1.624000E+00 -1.837172E-03
  1.625000E+00 -1.775914E-03
  1.626000E+00 -1.715029E-03
  1.627000E+00 -1.654901E-03
  1.628000E+00 -1.595909E-03
  1.629000E+00 -1.538422E-03
  1.630000E+00 -1.482789E-03
  1.631000E+00 -1.429335E-03
  1.632000E+00 -1.378359E-03
  1.633000E+00 -1.330119E-03
  1.634000E+00 -1.284837E-03
  1.635000E+00 -1.242692E-03
  1.636000E+00 -1.203815E-03
  1.637000E+00 -1.168290E-03
  1.638000E+00 -1.136151E-03
  1.639000E+00 -1.107387E-03
  1.640000E+00 -1.081935E-03
  1.641000E+00 -1.059689E-03
  1.642000E+00 -1.040501E-03
  1.643000E+00 -1.024184E-03
  1.644000E+00 -1.010516E-03
  1.645000E+00 -9.992468E-04
  1.646000E+00 -9.901030E-04
  1.647000E+00 -9.827939E-04
  1.648000E+00 -9.770177E-04
  1.649000E+00 -9.724680E-04
  1.650000E+00 -9.688399E-04
  1.651000E+00 -9.658362E-04
  1.652000E+00 -9.631728E-04
  1.653000E+00 -9.605839E-04
  1.654000E+00 -9.578268E-04
  1.655000E+00 -9.546853E-04
  1.656000E+00 -9.509730E-04
  1.657000E+00 -9.465348E-04
  1.658000E+00 -9.412488E-04
  1.659000E+00 -9.350257E-04
  1.660000E+00 -9.278085E-04
  1.661000E+00 -9.195706E-04
  1.662000E+00 -9.103134E-04
  1.663000E+00 -9.000629E-04
  1.664000E+00 -8.888659E-04
  1.665000E+00 -8.767854E-04
  1.666000E+00 -8.638961E-04
  1.667000E+00 -8.502795E-04
  1.668000E+00 -8.360181E-04
  1.669000E+00 -8.211913E-04
  1.670000E+00 -8.058703E-04
  1.671000E+00 -7.901138E-04
  1.672000E+00 -7.739642E-04
  1.673000E+00 -7.574447E-04
  1.674000E+00 -7.405568E-04
  1.675000E+00 -7.232792E-04
  1.676000E+00 -7.055665E-04
  1.677000E+00 -6.873501E-04
  1.678000E+00 -6.685388E-04
  1.679000E+00 -6.490212E-04
  1.680000E+00 -6.286680E-04
  1.681000E+00 -6.073352E-04
  1.682000E+00 -5.848680E-04
  1.683000E+00 -5.611050E-04
  1.684000E+00 -5.358825E-04
  1.685000E+00 -5.090389E-04
  1.686000E+00 -4.804190E-04
  1.687000E+00 -4.498784E-04
  1.688000E+00 -4.172872E-04
  1.689000E+00 -3.825336E-04
  1.690000E+00 -3.455264E-04
  1.691000E+00 -3.061979E-04
  1.692000E+00 -2.645054E-04
  1.693000E+00 -2.204321E-04
  1.694000E+00 -1.739879E-04
  1.695000E+00 -1.252093E-04
  1.696000E+00 -7.415853E-05
  1.697000E+00 -2.092289E-05
  1.698000E+00  3.438698E-05
  1.699000E+00  9.163888E-05
  1.700000E+00  1.506811E-04
  1.701000E+00  2.113446E-04
  1.702000E+00  2.734457E-04
  1.703000E+00  3.367884E-04
  1.704000E+00  4.011669E-04
  1.705000E+00  4.663684E-04
  1.706000E+00  5.321752E-04
  1.707000E+00  5.983673E-04
  1.708000E+00  6.647248E-04
  1.709000E+00  7.310297E-04
  1.710000E+00  7.970685E-04
  1.711000E+00  8.626339E-04
  1.712000E+00  9.275267E-04
  1.713000E+00  9.915573E-04
  1.714000E+00  1.054548E-03
  1.715000E+00  1.116334E-03
  1.716000E+00  1.176766E-03
  1.717000E+00  1.235709E-03
  1.718000E+00  1.293047E-03
  1.719000E+00  1.348683E-03
  1.720000E+00  1.402540E-03
  1.721000E+00  1.454562E-03
  1.722000E+00  1.504716E-03
  1.723000E+00  1.552993E-03
  1.724000E+00  1.599407E-03
  1.725000E+00  1.643996E-03
  1.726000E+00  1.686826E-03
  1.727000E+00  1.727982E-03
  1.728000E+00  1.767577E-03
  1.729000E+00  1.805741E-03
  1.730000E+00  1.842629E-03
  1.731000E+00  1.878409E-03
  1.732000E+00  1.913264E-03
  1.733000E+00  1.947389E-03
  1.734000E+00  1.980985E-03
  1.735000E+00  2.014252E-03
  1.736000E+00  2.047389E-03
  1.737000E+00  2.080588E-03
  1.738000E+00  2.114025E-03
  1.739000E+00  2.147859E-03
  1.740000E+00  2.182227E-03
  1.741000E+00  2.217236E-03
  1.742000E+00  2.252965E-03
  1.743000E+00  2.289458E-03
  1.744000E+00  2.326722E-03
  1.745000E+00  2.364729E-03
  1.746000E+00  2.403412E-03
  1.747000E+00  2.442668E-03
  1.748000E+00  2.482360E-03
  1.749000E+00  2.522319E-03
  1.750000E+00  2.562349E-03
  1.751000E+00  2.602228E-03
  1.752000E+00  2.641720E-03
  1.753000E+00  2.680573E-03
  1.754000E+00  2.718531E-03
  1.755000E+00  2.755336E-03
  1.756000E+00  2.790740E-03
  1.757000E+00  2.824502E-03
  1.758000E+00  2.856402E-03
  1.759000E+00  2.886242E-03
  1.760000E+00  2.913852E-03
  1.761000E+00  2.939093E-03
  1.762000E+00  2.961857E-03
  1.763000E+00  2.982074E-03
  1.764000E+00  2.999708E-03
  1.765000E+00  3.014760E-03
  1.766000E+00  3.027262E-03
  1.767000E+00  3.037282E-03
  1.768000E+00  3.044911E-03
  1.769000E+00  3.050267E-03
  1.770000E+00  3.053487E-03
  1.771000E+00  3.054722E-03
  1.772000E+00  3.054131E-03
  1.773000E+00  3.051878E-03
  1.774000E+00  3.048124E-03
  1.775000E+00  3.043019E-03
  1.776000E+00  3.036705E-03
  1.777000E+00  3.029304E-03
  1.778000E+00  3.020916E-03
  1.779000E+00  3.011620E-03
  1.780000E+00  3.001468E-03
  1.781000E+00  2.990482E-03
  1.782000E+00  2.978663E-03
  1.783000E+00  2.965981E-03
  1.784000E+00  2.952385E-03
  1.785000E+00  2.937801E-03
  1.786000E+00  2.922140E-03
  1.787000E+00  2.905301E-03
  1.788000E+00  2.887172E-03
  1.789000E+00  2.867644E-03
  1.790000E+00  2.846609E-03
  1.791000E+00  2.823970E-03
  1.792000E+00  2.799648E-03
  1.793000E+00  2.773584E-03
  1.794000E+00  2.745747E-03
  1.795000E+00  2.716138E-03
  1.796000E+00  2.684795E-03
  1.797000E+00  2.651794E-03
  1.798000E+00  2.617251E-03
  1.799000E+00  2.581327E-03
  1.800000E+00  2.544223E-03
  1.801000E+00  2.506178E-03
  1.802000E+00  2.467470E-03
  1.803000E+00  2.428411E-03
  1.804000E+00  2.389338E-03
  1.805000E+00  2.350611E-03
  1.806000E+00  2.312603E-03
  1.807000E+00  2.275693E-03
  1.808000E+00  2.240260E-03
  1.809000E+00  2.206668E-03
  1.810000E+00  2.175265E-03
  1.811000E+00  2.146369E-03
  1.812000E+00  2.120261E-03
  1.813000E+00  2.097180E-03
  1.814000E+00  2.077313E-03
  1.815000E+00  2.060792E-03
  1.816000E+00  2.047688E-03
  1.817000E+00  2.038011E-03
  1.818000E+00  2.031703E-03
  1.819000E+00  2.028642E-03
  1.820000E+00  2.028645E-03
  1.821000E+00  2.031466E-03
  1.822000E+00  2.036803E-03
  1.823000E+00  2.044303E-03
  1.824000E+00  2.053571E-03
  1.825000E+00  2.064171E-03
  1.826000E+00  2.075645E-03
  1.827000E+00  2.087513E-03
  1.828000E+00  2.099286E-03
  1.829000E+00  2.110478E-03
  1.830000E+00  2.120611E-03
  1.831000E+00  2.129230E-03
  1.832000E+00  2.135907E-03
  1.833000E+00  2.140252E-03
  1.834000E+00  2.141922E-03
  1.835000E+00  2.140623E-03
  1.836000E+00  2.136119E-03
  1.837000E+00  2.128235E-03
  1.838000E+00  2.116860E-03
  1.839000E+00  2.101947E-03
  1.840000E+00  2.083515E-03
  1.841000E+00  2.061645E-03
  1.842000E+00  2.036481E-03
  1.843000E+00  2.008221E-03
  1.844000E+00  1.977114E-03
  1.845000E+00  1.943454E-03
  1.846000E+00  1.907571E-03
  1.847000E+00  1.869826E-03
  1.848000E+00  1.830596E-03
  1.849000E+00  1.790274E-03
  1.850000E+00  1.749250E-03
  1.851000E+00  1.707911E-03
  1.852000E+00  1.666627E-03
  1.853000E+00  1.625747E-03
  1.854000E+00  1.585587E-03
  1.855000E+00  1.546431E-03
  1.856000E+00  1.508521E-03
  1.857000E+00  1.472056E-03
  1.858000E+00  1.437188E-03
  1.859000E+00  1.404025E-03
  1.860000E+00  1.372629E-03
  1.861000E+00  1.343017E-03
  1.862000E+00  1.315168E-03
  1.863000E+00  1.289025E-03
  1.864000E+00  1.264502E-03
  1.865000E+00  1.241486E-03
  1.866000E+00  1.219851E-03
  1.867000E+00  1.199457E-03
  1.868000E+00  1.180164E-03
  1.869000E+00  1.161836E-03
  1.870000E+00  1.144347E-03
  1.871000E+00  1.127590E-03
  1.872000E+00  1.111480E-03
  1.873000E+00  1.095964E-03
  1.874000E+00  1.081019E-03
  1.875000E+00  1.066659E-03
  1.876000E+00  1.052938E-03
  1.877000E+00  1.039946E-03
  1.878000E+00  1.027814E-03
  1.879000E+00  1.016708E-03
  1.880000E+00  1.006826E-03
  1.881000E+00  9.983982E-04
  1.882000E+00  9.916738E-04
  1.883000E+00  9.869201E-04
  1.884000E+00  9.844115E-04
  1.885000E+00  9.844223E-04
  1.886000E+00  9.872163E-04
  1.887000E+00  9.930383E-04
  1.888000E+00  1.002104E-03
  1.889000E+00  1.014589E-03
  1.890000E+00  1.030624E-03
  1.891000E+00  1.050283E-03
  1.892000E+00  1.073575E-03
  1.893000E+00  1.100443E-03
  1.894000E+00  1.130756E-03
  1.895000E+00  1.164307E-03
  1.896000E+00  1.200812E-03
  1.897000E+00  1.239912E-03
  1.898000E+00  1.281174E-03
  1.899000E+00  1.324098E-03
  1.900000E+00  1.368124E-03
  1.901000E+00  1.412638E-03
  1.902000E+00  1.456982E-03
  1.903000E+00  1.500471E-03
  1.904000E+00  1.542397E-03
  1.905000E+00  1.582048E-03
  1.906000E+00  1.618722E-03
  1.907000E+00  1.651737E-03
  1.908000E+00  1.680448E-03
  1.909000E+00  1.704259E-03
  1.910000E+00  1.722635E-03
  1.911000E+00  1.735115E-03
  1.912000E+00  1.741320E-03
  1.913000E+00  1.740960E-03
  1.914000E+00  1.733841E-03
  1.915000E+00  1.719872E-03
  1.916000E+00  1.699060E-03
  1.917000E+00  1.671516E-03
  1.918000E+00  1.637447E-03
  1.919000E+00  1.597153E-03
  1.920000E+00  1.551022E-03
  1.921000E+00  1.499517E-03
  1.922000E+00  1.443167E-03
  1.923000E+00  1.382555E-03
  1.924000E+00  1.318303E-03
  1.925000E+00  1.251059E-03
  1.926000E+00  1.181483E-03
  1.927000E+00  1.110230E-03
  1.928000E+00  1.037936E-03
  1.929000E+00  9.652064E-04
  1.930000E+00  8.925986E-04
  1.931000E+00  8.206147E-04
  1.932000E+00  7.496896E-04
  1.933000E+00  6.801833E-04
  1.934000E+00  6.123749E-04
  1.935000E+00  5.464589E-04
  1.936000E+00  4.825441E-04
  1.937000E+00  4.206545E-04
  1.938000E+00  3.607323E-04
  1.939000E+00  3.026438E-04
  1.940000E+00  2.461866E-04
  1.941000E+00  1.910993E-04
  1.942000E+00  1.370722E-04
  1.943000E+00  8.375968E-05
  1.944000E+00  3.079309E-05
  1.945000E+00 -2.220559E-05
  1.946000E+00 -7.561007E-05
  1.947000E+00 -1.297764E-04
  1.948000E+00 -1.850300E-04
  1.949000E+00 -2.416546E-04
  1.950000E+00 -2.998813E-04
  1.951000E+00 -3.598804E-04
  1.952000E+00 -4.217548E-04
  1.953000E+00 -4.855355E-04
  1.954000E+00 -5.511799E-04
  1.955000E+00 -6.185716E-04
  1.956000E+00 -6.875238E-04
  1.957000E+00 -7.577837E-04
  1.958000E+00 -8.290400E-04
  1.959000E+00 -9.009319E-04
  1.960000E+00 -9.730602E-04
  1.961000E+00 -1.044999E-03
  1.962000E+00 -1.116308E-03
  1.963000E+00 -1.186549E-03
  1.964000E+00 -1.255294E-03
  1.965000E+00 -1.322147E-03
  1.966000E+00 -1.386746E-03
  1.967000E+00 -1.448784E-03
  1.968000E+00 -1.508013E-03
  1.969000E+00 -1.564254E-03
  1.970000E+00 -1.617401E-03
  1.971000E+00 -1.667427E-03
  1.972000E+00 -1.714384E-03
  1.973000E+00 -1.758397E-03
  1.974000E+00 -1.799665E-03
  1.975000E+00 -1.838455E-03
  1.976000E+00 -1.875085E-03
  1.977000E+00 -1.909923E-03
  1.978000E+00 -1.943368E-03
  1.979000E+00 -1.975837E-03
  1.980000E+00 -2.007756E-03
  1.981000E+00 -2.039537E-03
  1.982000E+00 -2.071570E-03
  1.983000E+00 -2.104206E-03
  1.984000E+00 -2.137748E-03
  1.985000E+00 -2.172433E-03
  1.986000E+00 -2.208430E-03
  1.987000E+00 -2.245830E-03
  1.988000E+00 -2.284641E-03
  1.989000E+00 -2.324784E-03
  1.990000E+00 -2.366100E-03
  1.991000E+00 -2.408347E-03
  1.992000E+00 -2.451207E-03
  1.993000E+00 -2.494296E-03
  1.994000E+00 -2.537173E-03
  1.995000E+00 -2.579352E-03
  1.996000E+00 -2.620313E-03
  1.997000E+00 -2.659522E-03
  1.998000E+00 -2.696440E-03
  1.999000E+00 -2.730541E-03
  2.000000E+00  3.321153E-02
