; material = LLZO                                                       
Li            2000  3.09761068E+02          580.000000
  0.000000E+00  1.000000E+00
  1.000000E-03  9.953634E-01
  2.000000E-03  9.815349E-01
  3.000000E-03  9.587572E-01
  4.000000E-03  9.274274E-01
  5.000000E-03  8.880865E-01
  6.000000E-03  8.414054E-01
  7.000000E-03  7.881672E-01
  8.000000E-03  7.292483E-01
  9.000000E-03  6.655971E-01
  1.000000E-02  5.982118E-01
  1.100000E-02  5.281184E-01
  1.200000E-02  4.563486E-01
  1.300000E-02  3.839192E-01
  1.400000E-02  3.118125E-01
  1.500000E-02  2.409584E-01
  1.600000E-02  1.722195E-01
  1.700000E-02  1.063768E-01
  1.800000E-02  4.411996E-02
  1.900000E-02 -1.396153E-02
  2.000000E-02 -6.738388E-02
  2.100000E-02 -1.157721E-01
  2.200000E-02 -1.588607E-01
  2.300000E-02 -1.964921E-01
  2.400000E-02 -2.286129E-01
  2.500000E-02 -2.552681E-01
  2.600000E-02 -2.765938E-01
  2.700000E-02 -2.928080E-01
  2.800000E-02 -3.042011E-01
  2.900000E-02 -3.111245E-01
  3.000000E-02 -3.139790E-01
  3.100000E-02 -3.132030E-01
  3.200000E-02 -3.092605E-01
  3.300000E-02 -3.026289E-01
  3.400000E-02 -2.937882E-01
  3.500000E-02 -2.832098E-01
  3.600000E-02 -2.713471E-01
  3.700000E-02 -2.586266E-01
  3.800000E-02 -2.454405E-01
  3.900000E-02 -2.321407E-01
  4.000000E-02 -2.190339E-01
  4.100000E-02 -2.063786E-01
  4.200000E-02 -1.943833E-01
  4.300000E-02 -1.832059E-01
  4.400000E-02 -1.729551E-01
  4.500000E-02 -1.636925E-01
  4.600000E-02 -1.554358E-01
  4.700000E-02 -1.481630E-01
  4.800000E-02 -1.418177E-01
  4.900000E-02 -1.363147E-01
  5.000000E-02 -1.315455E-01
  5.100000E-02 -1.273848E-01
  5.200000E-02 -1.236968E-01
  5.300000E-02 -1.203404E-01
  5.400000E-02 -1.171755E-01
  5.500000E-02 -1.140676E-01
  5.600000E-02 -1.108926E-01
  5.700000E-02 -1.075400E-01
  5.800000E-02 -1.039166E-01
  5.900000E-02 -9.994800E-02
  6.000000E-02 -9.558030E-02
  6.100000E-02 -9.078058E-02
  6.200000E-02 -8.553669E-02
  6.300000E-02 -7.985633E-02
  6.400000E-02 -7.376554E-02
  6.500000E-02 -6.730664E-02
  6.600000E-02 -6.053575E-02
  6.700000E-02 -5.352004E-02
  6.800000E-02 -4.633476E-02
  6.900000E-02 -3.906016E-02
  7.000000E-02 -3.177850E-02
  7.100000E-02 -2.457118E-02
  7.200000E-02 -1.751608E-02
  7.300000E-02 -1.068521E-02
  7.400000E-02 -4.142755E-03
  7.500000E-02  2.056497E-03
  7.600000E-02  7.868253E-03
  7.700000E-02  1.325936E-02
  7.800000E-02  1.820801E-02
  7.900000E-02  2.270346E-02
  8.000000E-02  2.674543E-02
  8.100000E-02  3.034307E-02
  8.200000E-02  3.351367E-02
  8.300000E-02  3.628116E-02
  8.400000E-02  3.867439E-02
  8.500000E-02  4.072541E-02
  8.600000E-02  4.246764E-02
  8.700000E-02  4.393420E-02
  8.800000E-02  4.515632E-02
  8.900000E-02  4.616186E-02
  9.000000E-02  4.697424E-02
  9.100000E-02  4.761143E-02
  9.200000E-02  4.808542E-02
  9.300000E-02  4.840183E-02
  9.400000E-02  4.856003E-02
  9.500000E-02  4.855334E-02
  9.600000E-02  4.836971E-02
  9.700000E-02  4.799251E-02
  9.800000E-02  4.740166E-02
  9.900000E-02  4.657476E-02
  1.000000E-01  4.548852E-02
  1.010000E-01  4.412012E-02
  1.020000E-01  4.244863E-02
  1.030000E-01  4.045635E-02
  1.040000E-01  3.813006E-02
  1.050000E-01  3.546215E-02
  1.060000E-01  3.245150E-02
  1.070000E-01  2.910415E-02
  1.080000E-01  2.543375E-02
  1.090000E-01  2.146170E-02
  1.100000E-01  1.721704E-02
  1.110000E-01  1.273605E-02
  1.120000E-01  8.061592E-03
  1.130000E-01  3.242235E-03
  1.140000E-01 -1.668843E-03
  1.150000E-01 -6.615118E-03
  1.160000E-01 -1.153810E-02
  1.170000E-01 -1.637881E-02
  1.180000E-01 -2.107926E-02
  1.190000E-01 -2.558391E-02
  1.200000E-01 -2.984110E-02
  1.210000E-01 -3.380430E-02
  1.220000E-01 -3.743324E-02
  1.230000E-01 -4.069482E-02
  1.240000E-01 -4.356385E-02
  1.250000E-01 -4.602347E-02
  1.260000E-01 -4.806539E-02
  1.270000E-01 -4.968979E-02
  1.280000E-01 -5.090507E-02
  1.290000E-01 -5.172724E-02
  1.300000E-01 -5.217921E-02
  1.310000E-01 -5.228980E-02
  1.320000E-01 -5.209264E-02
  1.330000E-01 -5.162498E-02
  1.340000E-01 -5.092633E-02
  1.350000E-01 -5.003720E-02
  1.360000E-01 -4.899776E-02
  1.370000E-01 -4.784659E-02
  1.380000E-01 -4.661955E-02
  1.390000E-01 -4.534874E-02
  1.400000E-01 -4.406167E-02
  1.410000E-01 -4.278061E-02
  1.420000E-01 -4.152209E-02
  1.430000E-01 -4.029674E-02
  1.440000E-01 -3.910921E-02
  1.450000E-01 -3.795845E-02
  1.460000E-01 -3.683805E-02
  1.470000E-01 -3.573688E-02
  1.480000E-01 -3.463985E-02
  1.490000E-01 -3.352877E-02
  1.500000E-01 -3.238340E-02
  1.510000E-01 -3.118242E-02
  1.520000E-01 -2.990457E-02
  1.530000E-01 -2.852968E-02
  1.540000E-01 -2.703971E-02
  1.550000E-01 -2.541960E-02
  1.560000E-01 -2.365816E-02
  1.570000E-01 -2.174870E-02
  1.580000E-01 -1.968948E-02
  1.590000E-01 -1.748409E-02
  1.600000E-01 -1.514155E-02
  1.610000E-01 -1.267622E-02
  1.620000E-01 -1.010755E-02
  1.630000E-01 -7.459661E-03
  1.640000E-01 -4.760716E-03
  1.650000E-01 -2.042190E-03
  1.660000E-01  6.619885E-04
  1.670000E-01  3.316388E-03
  1.680000E-01  5.885069E-03
  1.690000E-01  8.332601E-03
  1.700000E-01  1.062507E-02
  1.710000E-01  1.273104E-02
  1.720000E-01  1.462242E-02
  1.730000E-01  1.627526E-02
  1.740000E-01  1.767038E-02
  1.750000E-01  1.879386E-02
  1.760000E-01  1.963742E-02
  1.770000E-01  2.019850E-02
  1.780000E-01  2.048034E-02
  1.790000E-01  2.049174E-02
  1.800000E-01  2.024670E-02
  1.810000E-01  1.976399E-02
  1.820000E-01  1.906646E-02
  1.830000E-01  1.818036E-02
  1.840000E-01  1.713449E-02
  1.850000E-01  1.595933E-02
  1.860000E-01  1.468619E-02
  1.870000E-01  1.334626E-02
  1.880000E-01  1.196981E-02
  1.890000E-01  1.058533E-02
  1.900000E-01  9.218889E-03
  1.910000E-01  7.893443E-03
  1.920000E-01  6.628399E-03
  1.930000E-01  5.439238E-03
  1.940000E-01  4.337298E-03
  1.950000E-01  3.329705E-03
  1.960000E-01  2.419436E-03
  1.970000E-01  1.605529E-03
  1.980000E-01  8.834084E-04
  1.990000E-01  2.453178E-04
  2.000000E-01 -3.191489E-04
  2.010000E-01 -8.224554E-04
  2.020000E-01 -1.278481E-03
  2.030000E-01 -1.701856E-03
  2.040000E-01 -2.107303E-03
  2.050000E-01 -2.508999E-03
  2.060000E-01 -2.919985E-03
  2.070000E-01 -3.351643E-03
  2.080000E-01 -3.813260E-03
  2.090000E-01 -4.311681E-03
  2.100000E-01 -4.851076E-03
  2.110000E-01 -5.432813E-03
  2.120000E-01 -6.055453E-03
  2.130000E-01 -6.714845E-03
  2.140000E-01 -7.404337E-03
  2.150000E-01 -8.115070E-03
  2.160000E-01 -8.836366E-03
  2.170000E-01 -9.556163E-03
  2.180000E-01 -1.026152E-02
  2.190000E-01 -1.093911E-02
  2.200000E-01 -1.157579E-02
  2.210000E-01 -1.215905E-02
  2.220000E-01 -1.267756E-02
  2.230000E-01 -1.312152E-02
  2.240000E-01 -1.348310E-02
  2.250000E-01 -1.375668E-02
  2.260000E-01 -1.393904E-02
  2.270000E-01 -1.402949E-02
  2.280000E-01 -1.402984E-02
  2.290000E-01 -1.394434E-02
  2.300000E-01 -1.377949E-02
  2.310000E-01 -1.354374E-02
  2.320000E-01 -1.324720E-02
  2.330000E-01 -1.290122E-02
  2.340000E-01 -1.251795E-02
  2.350000E-01 -1.210988E-02
  2.360000E-01 -1.168937E-02
  2.370000E-01 -1.126820E-02
  2.380000E-01 -1.085711E-02
  2.390000E-01 -1.046544E-02
  2.400000E-01 -1.010082E-02
  2.410000E-01 -9.768857E-03
  2.420000E-01 -9.473008E-03
  2.430000E-01 -9.214484E-03
  2.440000E-01 -8.992250E-03
  2.450000E-01 -8.803121E-03
  2.460000E-01 -8.641948E-03
  2.470000E-01 -8.501880E-03
  2.480000E-01 -8.374690E-03
  2.490000E-01 -8.251173E-03
  2.500000E-01 -8.121573E-03
  2.510000E-01 -7.976041E-03
  2.520000E-01 -7.805103E-03
  2.530000E-01 -7.600118E-03
  2.540000E-01 -7.353704E-03
  2.550000E-01 -7.060130E-03
  2.560000E-01 -6.715640E-03
  2.570000E-01 -6.318707E-03
  2.580000E-01 -5.870210E-03
  2.590000E-01 -5.373509E-03
  2.600000E-01 -4.834431E-03
  2.610000E-01 -4.261163E-03
  2.620000E-01 -3.664039E-03
  2.630000E-01 -3.055248E-03
  2.640000E-01 -2.448462E-03
  2.650000E-01 -1.858387E-03
  2.660000E-01 -1.300274E-03
  2.670000E-01 -7.893843E-04
  2.680000E-01 -3.404397E-04
  2.690000E-01  3.292310E-05
  2.700000E-01  3.186803E-04
  2.710000E-01  5.069080E-04
  2.720000E-01  5.902108E-04
  2.730000E-01  5.640766E-04
  2.740000E-01  4.271439E-04
  2.750000E-01  1.813696E-04
  2.760000E-01 -1.679094E-04
  2.770000E-01 -6.120259E-04
  2.780000E-01 -1.139144E-03
  2.790000E-01 -1.734526E-03
  2.800000E-01 -2.380910E-03
  2.810000E-01 -3.058963E-03
  2.820000E-01 -3.747831E-03
  2.830000E-01 -4.425735E-03
  2.840000E-01 -5.070619E-03
  2.850000E-01 -5.660822E-03
  2.860000E-01 -6.175749E-03
  2.870000E-01 -6.596526E-03
  2.880000E-01 -6.906616E-03
  2.890000E-01 -7.092374E-03
  2.900000E-01 -7.143526E-03
  2.910000E-01 -7.053553E-03
  2.920000E-01 -6.819965E-03
  2.930000E-01 -6.444465E-03
  2.940000E-01 -5.932978E-03
  2.950000E-01 -5.295566E-03
  2.960000E-01 -4.546206E-03
  2.970000E-01 -3.702450E-03
  2.980000E-01 -2.784982E-03
  2.990000E-01 -1.817062E-03
  3.000000E-01 -8.238973E-04
  3.010000E-01  1.680594E-04
  3.020000E-01  1.131851E-03
  3.030000E-01  2.040784E-03
  3.040000E-01  2.869197E-03
  3.050000E-01  3.593202E-03
  3.060000E-01  4.191389E-03
  3.070000E-01  4.645457E-03
  3.080000E-01  4.940763E-03
  3.090000E-01  5.066771E-03
  3.100000E-01  5.017383E-03
  3.110000E-01  4.791145E-03
  3.120000E-01  4.391325E-03
  3.130000E-01  3.825850E-03
  3.140000E-01  3.107119E-03
  3.150000E-01  2.251680E-03
  3.160000E-01  1.279797E-03
  3.170000E-01  2.149089E-04
  3.180000E-01 -9.170034E-04
  3.190000E-01 -2.088115E-03
  3.200000E-01 -3.269511E-03
  3.210000E-01 -4.431963E-03
  3.220000E-01 -5.546722E-03
  3.230000E-01 -6.586280E-03
  3.240000E-01 -7.525109E-03
  3.250000E-01 -8.340331E-03
  3.260000E-01 -9.012310E-03
  3.270000E-01 -9.525155E-03
  3.280000E-01 -9.867112E-03
  3.290000E-01 -1.003084E-02
  3.300000E-01 -1.001354E-02
  3.310000E-01 -9.817021E-03
  3.320000E-01 -9.447534E-03
  3.330000E-01 -8.915582E-03
  3.340000E-01 -8.235561E-03
  3.350000E-01 -7.425307E-03
  3.360000E-01 -6.505565E-03
  3.370000E-01 -5.499370E-03
  3.380000E-01 -4.431383E-03
  3.390000E-01 -3.327191E-03
  3.400000E-01 -2.212594E-03
  3.410000E-01 -1.112894E-03
  3.420000E-01 -5.222336E-05
  3.430000E-01  9.470917E-04
  3.440000E-01  1.865096E-03
  3.450000E-01  2.684689E-03
  3.460000E-01  3.392025E-03
  3.470000E-01  3.976794E-03
  3.480000E-01  4.432410E-03
  3.490000E-01  4.756075E-03
  3.500000E-01  4.948741E-03
  3.510000E-01  5.014949E-03
  3.520000E-01  4.962583E-03
  3.530000E-01  4.802520E-03
  3.540000E-01  4.548206E-03
  3.550000E-01  4.215164E-03
  3.560000E-01  3.820459E-03
  3.570000E-01  3.382119E-03
  3.580000E-01  2.918561E-03
  3.590000E-01  2.448004E-03
  3.600000E-01  1.987911E-03
  3.610000E-01  1.554476E-03
  3.620000E-01  1.162149E-03
  3.630000E-01  8.232398E-04
  3.640000E-01  5.475948E-04
  3.650000E-01  3.423542E-04
  3.660000E-01  2.118042E-04
  3.670000E-01  1.573195E-04
  3.680000E-01  1.773975E-04
  3.690000E-01  2.677825E-04
  3.700000E-01  4.216722E-04
  3.710000E-01  6.299996E-04
  3.720000E-01  8.817793E-04
  3.730000E-01  1.164507E-03
  3.740000E-01  1.464598E-03
  3.750000E-01  1.767850E-03
  3.760000E-01  2.059918E-03
  3.770000E-01  2.326781E-03
  3.780000E-01  2.555193E-03
  3.790000E-01  2.733104E-03
  3.800000E-01  2.850025E-03
  3.810000E-01  2.897354E-03
  3.820000E-01  2.868624E-03
  3.830000E-01  2.759688E-03
  3.840000E-01  2.568827E-03
  3.850000E-01  2.296786E-03
  3.860000E-01  1.946724E-03
  3.870000E-01  1.524101E-03
  3.880000E-01  1.036495E-03
  3.890000E-01  4.933496E-04
  3.900000E-01 -9.431650E-05
  3.910000E-01 -7.142545E-04
  3.920000E-01 -1.353354E-03
  3.930000E-01 -1.998033E-03
  3.940000E-01 -2.634632E-03
  3.950000E-01 -3.249803E-03
  3.960000E-01 -3.830884E-03
  3.970000E-01 -4.366235E-03
  3.980000E-01 -4.845547E-03
  3.990000E-01 -5.260097E-03
  4.000000E-01 -5.602947E-03
  4.010000E-01 -5.869096E-03
  4.020000E-01 -6.055557E-03
  4.030000E-01 -6.161380E-03
  4.040000E-01 -6.187614E-03
  4.050000E-01 -6.137210E-03
  4.060000E-01 -6.014867E-03
  4.070000E-01 -5.826841E-03
  4.080000E-01 -5.580702E-03
  4.090000E-01 -5.285075E-03
  4.100000E-01 -4.949344E-03
  4.110000E-01 -4.583360E-03
  4.120000E-01 -4.197133E-03
  4.130000E-01 -3.800543E-03
  4.140000E-01 -3.403060E-03
  4.150000E-01 -3.013491E-03
  4.160000E-01 -2.639760E-03
  4.170000E-01 -2.288723E-03
  4.180000E-01 -1.966027E-03
  4.190000E-01 -1.676009E-03
  4.200000E-01 -1.421652E-03
  4.210000E-01 -1.204571E-03
  4.220000E-01 -1.025060E-03
  4.230000E-01 -8.821651E-04
  4.240000E-01 -7.738064E-04
  4.250000E-01 -6.969235E-04
  4.260000E-01 -6.476496E-04
  4.270000E-01 -6.215032E-04
  4.280000E-01 -6.135909E-04
  4.290000E-01 -6.188137E-04
  4.300000E-01 -6.320709E-04
  4.310000E-01 -6.484528E-04
  4.320000E-01 -6.634177E-04
  4.330000E-01 -6.729465E-04
  4.340000E-01 -6.736716E-04
  4.350000E-01 -6.629751E-04
  4.360000E-01 -6.390553E-04
  4.370000E-01 -6.009596E-04
  4.380000E-01 -5.485838E-04
  4.390000E-01 -4.826398E-04
  4.400000E-01 -4.045922E-04
  4.410000E-01 -3.165691E-04
  4.420000E-01 -2.212498E-04
  4.430000E-01 -1.217339E-04
  4.440000E-01 -2.139843E-05
  4.450000E-01  7.625295E-05
  4.460000E-01  1.677418E-04
  4.470000E-01  2.497629E-04
  4.480000E-01  3.193234E-04
  4.490000E-01  3.738666E-04
  4.500000E-01  4.113783E-04
  4.510000E-01  4.304703E-04
  4.520000E-01  4.304394E-04
  4.530000E-01  4.112994E-04
  4.540000E-01  3.737865E-04
  4.550000E-01  3.193359E-04
  4.560000E-01  2.500336E-04
  4.570000E-01  1.685429E-04
  4.580000E-01  7.800997E-05
  4.590000E-01 -1.804930E-05
  4.600000E-01 -1.158757E-04
  4.610000E-01 -2.116032E-04
  4.620000E-01 -3.013994E-04
  4.630000E-01 -3.816062E-04
  4.640000E-01 -4.488747E-04
  4.650000E-01 -5.002898E-04
  4.660000E-01 -5.334810E-04
  4.670000E-01 -5.467141E-04
  4.680000E-01 -5.389618E-04
  4.690000E-01 -5.099503E-04
  4.700000E-01 -4.601798E-04
  4.710000E-01 -3.909196E-04
  4.720000E-01 -3.041767E-04
  4.730000E-01 -2.026392E-04
  4.740000E-01 -8.959674E-05
  4.750000E-01  3.115936E-05
  4.760000E-01  1.554535E-04
  4.770000E-01  2.788563E-04
  4.780000E-01  3.968250E-04
  4.790000E-01  5.048471E-04
  4.800000E-01  5.985859E-04
  4.810000E-01  6.740197E-04
  4.820000E-01  7.275726E-04
  4.830000E-01  7.562327E-04
  4.840000E-01  7.576515E-04
  4.850000E-01  7.302255E-04
  4.860000E-01  6.731536E-04
  4.870000E-01  5.864706E-04
  4.880000E-01  4.710564E-04
  4.890000E-01  3.286188E-04
  4.900000E-01  1.616523E-04
  4.910000E-01 -2.662632E-05
  4.920000E-01 -2.323643E-04
  4.930000E-01 -4.511768E-04
  4.940000E-01 -6.782669E-04
  4.950000E-01 -9.085568E-04
  4.960000E-01 -1.136828E-03
  4.970000E-01 -1.357862E-03
  4.980000E-01 -1.566586E-03
  4.990000E-01 -1.758209E-03
  5.000000E-01 -1.928352E-03
  5.010000E-01 -2.073167E-03
  5.020000E-01 -2.189436E-03
  5.030000E-01 -2.274659E-03
  5.040000E-01 -2.327114E-03
  5.050000E-01 -2.345905E-03
  5.060000E-01 -2.330974E-03
  5.070000E-01 -2.283102E-03
  5.080000E-01 -2.203882E-03
  5.090000E-01 -2.095670E-03
  5.100000E-01 -1.961515E-03
  5.110000E-01 -1.805076E-03
  5.120000E-01 -1.630523E-03
  5.130000E-01 -1.442417E-03
  5.140000E-01 -1.245597E-03
  5.150000E-01 -1.045048E-03
  5.160000E-01 -8.457758E-04
  5.170000E-01 -6.526789E-04
  5.180000E-01 -4.704297E-04
  5.190000E-01 -3.033604E-04
  5.200000E-01 -1.553625E-04
  5.210000E-01 -2.979886E-05
  5.220000E-01  7.056793E-05
  5.230000E-01  1.436303E-04
  5.240000E-01  1.879720E-04
  5.250000E-01  2.028858E-04
  5.260000E-01  1.883725E-04
  5.270000E-01  1.451218E-04
  5.280000E-01  7.447657E-05
  5.290000E-01 -2.161935E-05
  5.300000E-01 -1.406857E-04
  5.310000E-01 -2.797829E-04
  5.320000E-01 -4.355975E-04
  5.330000E-01 -6.045344E-04
  5.340000E-01 -7.828134E-04
  5.350000E-01 -9.665662E-04
  5.360000E-01 -1.151933E-03
  5.370000E-01 -1.335154E-03
  5.380000E-01 -1.512659E-03
  5.390000E-01 -1.681141E-03
  5.400000E-01 -1.837630E-03
  5.410000E-01 -1.979551E-03
  5.420000E-01 -2.104768E-03
  5.430000E-01 -2.211619E-03
  5.440000E-01 -2.298937E-03
  5.450000E-01 -2.366062E-03
  5.460000E-01 -2.412830E-03
  5.470000E-01 -2.439563E-03
  5.480000E-01 -2.447038E-03
  5.490000E-01 -2.436454E-03
  5.500000E-01 -2.409382E-03
  5.510000E-01 -2.367715E-03
  5.520000E-01 -2.313606E-03
  5.530000E-01 -2.249409E-03
  5.540000E-01 -2.177608E-03
  5.550000E-01 -2.100754E-03
  5.560000E-01 -2.021396E-03
  5.570000E-01 -1.942019E-03
  5.580000E-01 -1.864983E-03
  5.590000E-01 -1.792465E-03
  5.600000E-01 -1.726412E-03
  5.610000E-01 -1.668499E-03
  5.620000E-01 -1.620093E-03
  5.630000E-01 -1.582229E-03
  5.640000E-01 -1.555590E-03
  5.650000E-01 -1.540503E-03
  5.660000E-01 -1.536938E-03
  5.670000E-01 -1.544518E-03
  5.680000E-01 -1.562539E-03
  5.690000E-01 -1.589994E-03
  5.700000E-01 -1.625608E-03
  5.710000E-01 -1.667876E-03
  5.720000E-01 -1.715109E-03
  5.730000E-01 -1.765479E-03
  5.740000E-01 -1.817070E-03
  5.750000E-01 -1.867934E-03
  5.760000E-01 -1.916139E-03
  5.770000E-01 -1.959820E-03
  5.780000E-01 -1.997230E-03
  5.790000E-01 -2.026785E-03
  5.800000E-01 -2.047102E-03
  5.810000E-01 -2.057035E-03
  5.820000E-01 -2.055706E-03
  5.830000E-01 -2.042526E-03
  5.840000E-01 -2.017206E-03
  5.850000E-01 -1.979768E-03
  5.860000E-01 -1.930544E-03
  5.870000E-01 -1.870166E-03
  5.880000E-01 -1.799548E-03
  5.890000E-01 -1.719870E-03
  5.900000E-01 -1.632542E-03
  5.910000E-01 -1.539172E-03
  5.920000E-01 -1.441524E-03
  5.930000E-01 -1.341475E-03
  5.940000E-01 -1.240966E-03
  5.950000E-01 -1.141952E-03
  5.960000E-01 -1.046352E-03
  5.970000E-01 -9.559987E-04
  5.980000E-01 -8.725897E-04
  5.990000E-01 -7.976412E-04
  6.000000E-01 -7.324477E-04
  6.010000E-01 -6.780449E-04
  6.020000E-01 -6.351808E-04
  6.030000E-01 -6.042928E-04
  6.040000E-01 -5.854932E-04
  6.050000E-01 -5.785631E-04
  6.060000E-01 -5.829550E-04
  6.070000E-01 -5.978043E-04
  6.080000E-01 -6.219494E-04
  6.090000E-01 -6.539598E-04
  6.100000E-01 -6.921728E-04
  6.110000E-01 -7.347360E-04
  6.120000E-01 -7.796568E-04
  6.130000E-01 -8.248558E-04
  6.140000E-01 -8.682241E-04
  6.150000E-01 -9.076823E-04
  6.160000E-01 -9.412395E-04
  6.170000E-01 -9.670517E-04
  6.180000E-01 -9.834763E-04
  6.190000E-01 -9.891225E-04
  6.200000E-01 -9.828959E-04
  6.210000E-01 -9.640349E-04
  6.220000E-01 -9.321388E-04
  6.230000E-01 -8.871868E-04
  6.240000E-01 -8.295455E-04
  6.250000E-01 -7.599669E-04
  6.260000E-01 -6.795748E-04
  6.270000E-01 -5.898410E-04
  6.280000E-01 -4.925510E-04
  6.290000E-01 -3.897605E-04
  6.300000E-01 -2.837437E-04
  6.310000E-01 -1.769343E-04
  6.320000E-01 -7.186086E-05
  6.330000E-01  2.892122E-05
  6.340000E-01  1.229005E-04
  6.350000E-01  2.076799E-04
  6.360000E-01  2.810456E-04
  6.370000E-01  3.410324E-04
  6.380000E-01  3.859825E-04
  6.390000E-01  4.145981E-04
  6.400000E-01  4.259840E-04
  6.410000E-01  4.196802E-04
  6.420000E-01  3.956828E-04
  6.430000E-01  3.544529E-04
  6.440000E-01  2.969123E-04
  6.450000E-01  2.244273E-04
  6.460000E-01  1.387787E-04
  6.470000E-01  4.212103E-05
  6.480000E-01 -6.306984E-05
  6.490000E-01 -1.740582E-04
  6.500000E-01 -2.879184E-04
  6.510000E-01 -4.016109E-04
  6.520000E-01 -5.120617E-04
  6.530000E-01 -6.162452E-04
  6.540000E-01 -7.112648E-04
  6.550000E-01 -7.944326E-04
  6.560000E-01 -8.633429E-04
  6.570000E-01 -9.159400E-04
  6.580000E-01 -9.505767E-04
  6.590000E-01 -9.660620E-04
  6.600000E-01 -9.616983E-04
  6.610000E-01 -9.373048E-04
  6.620000E-01 -8.932280E-04
  6.630000E-01 -8.303385E-04
  6.640000E-01 -7.500134E-04
  6.650000E-01 -6.541065E-04
  6.660000E-01 -5.449049E-04
  6.670000E-01 -4.250739E-04
  6.680000E-01 -2.975924E-04
  6.690000E-01 -1.656788E-04
  6.700000E-01 -3.270994E-05
  6.710000E-01  9.786420E-05
  6.720000E-01  2.226087E-04
  6.730000E-01  3.381921E-04
  6.740000E-01  4.414724E-04
  6.750000E-01  5.295788E-04
  6.760000E-01  5.999869E-04
  6.770000E-01  6.505847E-04
  6.780000E-01  6.797289E-04
  6.790000E-01  6.862884E-04
  6.800000E-01  6.696754E-04
  6.810000E-01  6.298622E-04
  6.820000E-01  5.673831E-04
  6.830000E-01  4.833222E-04
  6.840000E-01  3.792871E-04
  6.850000E-01  2.573679E-04
  6.860000E-01  1.200854E-04
  6.870000E-01 -2.967311E-05
  6.880000E-01 -1.887267E-04
  6.890000E-01 -3.536811E-04
  6.900000E-01 -5.210139E-04
  6.910000E-01 -6.871631E-04
  6.920000E-01 -8.486156E-04
  6.930000E-01 -1.001994E-03
  6.940000E-01 -1.144139E-03
  6.950000E-01 -1.272187E-03
  6.960000E-01 -1.383636E-03
  6.970000E-01 -1.476403E-03
  6.980000E-01 -1.548872E-03
  6.990000E-01 -1.599927E-03
  7.000000E-01 -1.628970E-03
  7.010000E-01 -1.635929E-03
  7.020000E-01 -1.621249E-03
  7.030000E-01 -1.585874E-03
  7.040000E-01 -1.531212E-03
  7.050000E-01 -1.459090E-03
  7.060000E-01 -1.371705E-03
  7.070000E-01 -1.271557E-03
  7.080000E-01 -1.161386E-03
  7.090000E-01 -1.044096E-03
  7.100000E-01 -9.226840E-04
  7.110000E-01 -8.001659E-04
  7.120000E-01 -6.795010E-04
  7.130000E-01 -5.635251E-04
  7.140000E-01 -4.548857E-04
  7.150000E-01 -3.559850E-04
  7.160000E-01 -2.689297E-04
  7.170000E-01 -1.954908E-04
  7.180000E-01 -1.370723E-04
  7.190000E-01 -9.469021E-05
  7.200000E-01 -6.896179E-05
  7.210000E-01 -6.010495E-05
  7.220000E-01 -6.794734E-05
  7.230000E-01 -9.194459E-05
  7.240000E-01 -1.312067E-04
  7.250000E-01 -1.845314E-04
  7.260000E-01 -2.504440E-04
  7.270000E-01 -3.272409E-04
  7.280000E-01 -4.130367E-04
  7.290000E-01 -5.058138E-04
  7.300000E-01 -6.034709E-04
  7.310000E-01 -7.038720E-04
  7.320000E-01 -8.048931E-04
  7.330000E-01 -9.044655E-04
  7.340000E-01 -1.000616E-03
  7.350000E-01 -1.091502E-03
  7.360000E-01 -1.175441E-03
  7.370000E-01 -1.250941E-03
  7.380000E-01 -1.316711E-03
  7.390000E-01 -1.371684E-03
  7.400000E-01 -1.415023E-03
  7.410000E-01 -1.446122E-03
  7.420000E-01 -1.464610E-03
  7.430000E-01 -1.470344E-03
  7.440000E-01 -1.463397E-03
  7.450000E-01 -1.444051E-03
  7.460000E-01 -1.412778E-03
  7.470000E-01 -1.370226E-03
  7.480000E-01 -1.317198E-03
  7.490000E-01 -1.254635E-03
  7.500000E-01 -1.183594E-03
  7.510000E-01 -1.105229E-03
  7.520000E-01 -1.020771E-03
  7.530000E-01 -9.315108E-04
  7.540000E-01 -8.387760E-04
  7.550000E-01 -7.439173E-04
  7.560000E-01 -6.482894E-04
  7.570000E-01 -5.532354E-04
  7.580000E-01 -4.600712E-04
  7.590000E-01 -3.700714E-04
  7.600000E-01 -2.844550E-04
  7.610000E-01 -2.043720E-04
  7.620000E-01 -1.308911E-04
  7.630000E-01 -6.498667E-05
  7.640000E-01 -7.527031E-06
  7.650000E-01  4.073727E-05
  7.660000E-01  7.918482E-05
  7.670000E-01  1.073341E-04
  7.680000E-01  1.248536E-04
  7.690000E-01  1.315707E-04
  7.700000E-01  1.274795E-04
  7.710000E-01  1.127469E-04
  7.720000E-01  8.771632E-05
  7.730000E-01  5.290943E-05
  7.740000E-01  9.024652E-06
  7.750000E-01 -4.306722E-05
  7.760000E-01 -1.023310E-04
  7.770000E-01 -1.675784E-04
  7.780000E-01 -2.374835E-04
  7.790000E-01 -3.106019E-04
  7.800000E-01 -3.853930E-04
  7.810000E-01 -4.602463E-04
  7.820000E-01 -5.335105E-04
  7.830000E-01 -6.035256E-04
  7.840000E-01 -6.686562E-04
  7.850000E-01 -7.273270E-04
  7.860000E-01 -7.780580E-04
  7.870000E-01 -8.195001E-04
  7.880000E-01 -8.504688E-04
  7.890000E-01 -8.699767E-04
  7.900000E-01 -8.772615E-04
  7.910000E-01 -8.718118E-04
  7.920000E-01 -8.533869E-04
  7.930000E-01 -8.220313E-04
  7.940000E-01 -7.780836E-04
  7.950000E-01 -7.221784E-04
  7.960000E-01 -6.552409E-04
  7.970000E-01 -5.784748E-04
  7.980000E-01 -4.933431E-04
  7.990000E-01 -4.015420E-04
  8.000000E-01 -3.049679E-04
  8.010000E-01 -2.056790E-04
  8.020000E-01 -1.058515E-04
  8.030000E-01 -7.731599E-06
  8.040000E-01  8.641564E-05
  8.050000E-01  1.743594E-04
  8.060000E-01  2.539566E-04
  8.070000E-01  3.232051E-04
  8.080000E-01  3.802938E-04
  8.090000E-01  4.236501E-04
  8.100000E-01  4.519812E-04
  8.110000E-01  4.643105E-04
  8.120000E-01  4.600051E-04
  8.130000E-01  4.387966E-04
  8.140000E-01  4.007921E-04
  8.150000E-01  3.464763E-04
  8.160000E-01  2.767039E-04
  8.170000E-01  1.926837E-04
  8.180000E-01  9.595226E-05
  8.190000E-01 -1.165965E-05
  8.200000E-01 -1.280688E-04
  8.210000E-01 -2.509877E-04
  8.220000E-01 -3.779786E-04
  8.230000E-01 -5.065107E-04
  8.240000E-01 -6.340216E-04
  8.250000E-01 -7.579777E-04
  8.260000E-01 -8.759356E-04
  8.270000E-01 -9.856003E-04
  8.280000E-01 -1.084880E-03
  8.290000E-01 -1.171935E-03
  8.300000E-01 -1.245219E-03
  8.310000E-01 -1.303515E-03
  8.320000E-01 -1.345962E-03
  8.330000E-01 -1.372067E-03
  8.340000E-01 -1.381714E-03
  8.350000E-01 -1.375164E-03
  8.360000E-01 -1.353036E-03
  8.370000E-01 -1.316288E-03
  8.380000E-01 -1.266190E-03
  8.390000E-01 -1.204281E-03
  8.400000E-01 -1.132326E-03
  8.410000E-01 -1.052273E-03
  8.420000E-01 -9.661917E-04
  8.430000E-01 -8.762255E-04
  8.440000E-01 -7.845341E-04
  8.450000E-01 -6.932394E-04
  8.460000E-01 -6.043743E-04
  8.470000E-01 -5.198348E-04
  8.480000E-01 -4.413374E-04
  8.490000E-01 -3.703824E-04
  8.500000E-01 -3.082244E-04
  8.510000E-01 -2.558499E-04
  8.520000E-01 -2.139638E-04
  8.530000E-01 -1.829829E-04
  8.540000E-01 -1.630380E-04
  8.550000E-01 -1.539835E-04
  8.560000E-01 -1.554139E-04
  8.570000E-01 -1.666866E-04
  8.580000E-01 -1.869505E-04
  8.590000E-01 -2.151779E-04
  8.600000E-01 -2.502010E-04
  8.610000E-01 -2.907495E-04
  8.620000E-01 -3.354892E-04
  8.630000E-01 -3.830608E-04
  8.640000E-01 -4.321165E-04
  8.650000E-01 -4.813551E-04
  8.660000E-01 -5.295530E-04
  8.670000E-01 -5.755912E-04
  8.680000E-01 -6.184784E-04
  8.690000E-01 -6.573680E-04
  8.700000E-01 -6.915706E-04
  8.710000E-01 -7.205609E-04
  8.720000E-01 -7.439793E-04
  8.730000E-01 -7.616290E-04
  8.740000E-01 -7.734686E-04
  8.750000E-01 -7.796003E-04
  8.760000E-01 -7.802561E-04
  8.770000E-01 -7.757800E-04
  8.780000E-01 -7.666100E-04
  8.790000E-01 -7.532579E-04
  8.800000E-01 -7.362895E-04
  8.810000E-01 -7.163051E-04
  8.820000E-01 -6.939206E-04
  8.830000E-01 -6.697511E-04
  8.840000E-01 -6.443957E-04
  8.850000E-01 -6.184247E-04
  8.860000E-01 -5.923704E-04
  8.870000E-01 -5.667193E-04
  8.880000E-01 -5.419082E-04
  8.890000E-01 -5.183219E-04
  8.900000E-01 -4.962942E-04
  8.910000E-01 -4.761106E-04
  8.920000E-01 -4.580122E-04
  8.930000E-01 -4.422018E-04
  8.940000E-01 -4.288498E-04
  8.950000E-01 -4.181007E-04
  8.960000E-01 -4.100798E-04
  8.970000E-01 -4.048986E-04
  8.980000E-01 -4.026597E-04
  8.990000E-01 -4.034605E-04
  9.000000E-01 -4.073953E-04
  9.010000E-01 -4.145554E-04
  9.020000E-01 -4.250286E-04
  9.030000E-01 -4.388956E-04
  9.040000E-01 -4.562258E-04
  9.050000E-01 -4.770715E-04
  9.060000E-01 -5.014602E-04
  9.070000E-01 -5.293874E-04
  9.080000E-01 -5.608077E-04
  9.090000E-01 -5.956265E-04
  9.100000E-01 -6.336921E-04
  9.110000E-01 -6.747888E-04
  9.120000E-01 -7.186311E-04
  9.130000E-01 -7.648601E-04
  9.140000E-01 -8.130418E-04
  9.150000E-01 -8.626677E-04
  9.160000E-01 -9.131588E-04
  9.170000E-01 -9.638716E-04
  9.180000E-01 -1.014108E-03
  9.190000E-01 -1.063125E-03
  9.200000E-01 -1.110155E-03
  9.210000E-01 -1.154417E-03
  9.220000E-01 -1.195137E-03
  9.230000E-01 -1.231569E-03
  9.240000E-01 -1.263015E-03
  9.250000E-01 -1.288848E-03
  9.260000E-01 -1.308528E-03
  9.270000E-01 -1.321621E-03
  9.280000E-01 -1.327819E-03
  9.290000E-01 -1.326949E-03
  9.300000E-01 -1.318983E-03
  9.310000E-01 -1.304049E-03
  9.320000E-01 -1.282422E-03
  9.330000E-01 -1.254533E-03
  9.340000E-01 -1.220949E-03
  9.350000E-01 -1.182370E-03
  9.360000E-01 -1.139604E-03
  9.370000E-01 -1.093552E-03
  9.380000E-01 -1.045180E-03
  9.390000E-01 -9.954922E-04
  9.400000E-01 -9.455038E-04
  9.410000E-01 -8.962080E-04
  9.420000E-01 -8.485471E-04
  9.430000E-01 -8.033826E-04
  9.440000E-01 -7.614672E-04
  9.450000E-01 -7.234202E-04
  9.460000E-01 -6.897066E-04
  9.470000E-01 -6.606203E-04
  9.480000E-01 -6.362731E-04
  9.490000E-01 -6.165890E-04
  9.500000E-01 -6.013051E-04
  9.510000E-01 -5.899778E-04
  9.520000E-01 -5.819954E-04
  9.530000E-01 -5.765972E-04
  9.540000E-01 -5.728965E-04
  9.550000E-01 -5.699096E-04
  9.560000E-01 -5.665877E-04
  9.570000E-01 -5.618523E-04
  9.580000E-01 -5.546319E-04
  9.590000E-01 -5.438997E-04
  9.600000E-01 -5.287103E-04
  9.610000E-01 -5.082345E-04
  9.620000E-01 -4.817914E-04
  9.630000E-01 -4.488756E-04
  9.640000E-01 -4.091802E-04
  9.650000E-01 -3.626125E-04
  9.660000E-01 -3.093047E-04
  9.670000E-01 -2.496161E-04
  9.680000E-01 -1.841294E-04
  9.690000E-01 -1.136393E-04
  9.700000E-01 -3.913487E-05
  9.710000E-01  3.822455E-05
  9.720000E-01  1.171386E-04
  9.730000E-01  1.961999E-04
  9.740000E-01  2.739317E-04
  9.750000E-01  3.488284E-04
  9.760000E-01  4.193968E-04
  9.770000E-01  4.841985E-04
  9.780000E-01  5.418912E-04
  9.790000E-01  5.912679E-04
  9.800000E-01  6.312925E-04
  9.810000E-01  6.611320E-04
  9.820000E-01  6.801831E-04
  9.830000E-01  6.880921E-04
  9.840000E-01  6.847688E-04
  9.850000E-01  6.703929E-04
  9.860000E-01  6.454127E-04
  9.870000E-01  6.105360E-04
  9.880000E-01  5.667142E-04
  9.890000E-01  5.151183E-04
  9.900000E-01  4.571090E-04
  9.910000E-01  3.942011E-04
  9.920000E-01  3.280220E-04
  9.930000E-01  2.602679E-04
  9.940000E-01  1.926562E-04
  9.950000E-01  1.268778E-04
  9.960000E-01  6.454887E-05
  9.970000E-01  7.164823E-06
  9.980000E-01 -4.394259E-05
  9.990000E-01 -8.764394E-05
  1.000000E+00 -1.230449E-04
  1.001000E+00 -1.495127E-04
  1.002000E+00 -1.666946E-04
  1.003000E+00 -1.745288E-04
  1.004000E+00 -1.732467E-04
  1.005000E+00 -1.633669E-04
  1.006000E+00 -1.456805E-04
  1.007000E+00 -1.212285E-04
  1.008000E+00 -9.127230E-05
  1.009000E+00 -5.725710E-05
  1.010000E+00 -2.077044E-05
  1.011000E+00  1.650381E-05
  1.012000E+00  5.283414E-05
  1.013000E+00  8.649161E-05
  1.014000E+00  1.158000E-04
  1.015000E+00  1.391846E-04
  1.016000E+00  1.552179E-04
  1.017000E+00  1.626617E-04
  1.018000E+00  1.605034E-04
  1.019000E+00  1.479860E-04
  1.020000E+00  1.246315E-04
  1.021000E+00  9.025551E-05
  1.022000E+00  4.497497E-05
  1.023000E+00 -1.079358E-05
  1.024000E+00 -7.634320E-05
  1.025000E+00 -1.506940E-04
  1.026000E+00 -2.326179E-04
  1.027000E+00 -3.206699E-04
  1.028000E+00 -4.132258E-04
  1.029000E+00 -5.085238E-04
  1.030000E+00 -6.047101E-04
  1.031000E+00 -6.998870E-04
  1.032000E+00 -7.921612E-04
  1.033000E+00 -8.796929E-04
  1.034000E+00 -9.607416E-04
  1.035000E+00 -1.033710E-03
  1.036000E+00 -1.097184E-03
  1.037000E+00 -1.149967E-03
  1.038000E+00 -1.191106E-03
  1.039000E+00 -1.219916E-03
  1.040000E+00 -1.235994E-03
  1.041000E+00 -1.239223E-03
  1.042000E+00 -1.229778E-03
  1.043000E+00 -1.208108E-03
  1.044000E+00 -1.174930E-03
  1.045000E+00 -1.131203E-03
  1.046000E+00 -1.078099E-03
  1.047000E+00 -1.016972E-03
  1.048000E+00 -9.493208E-04
  1.049000E+00 -8.767489E-04
  1.050000E+00 -8.009209E-04
  1.051000E+00 -7.235204E-04
  1.052000E+00 -6.462072E-04
  1.053000E+00 -5.705756E-04
  1.054000E+00 -4.981160E-04
  1.055000E+00 -4.301791E-04
  1.056000E+00 -3.679456E-04
  1.057000E+00 -3.124005E-04
  1.058000E+00 -2.643135E-04
  1.059000E+00 -2.242262E-04
  1.060000E+00 -1.924449E-04
  1.061000E+00 -1.690416E-04
  1.062000E+00 -1.538599E-04
  1.063000E+00 -1.465283E-04
  1.064000E+00 -1.464786E-04
  1.065000E+00 -1.529691E-04
  1.066000E+00 -1.651124E-04
  1.067000E+00 -1.819057E-04
  1.068000E+00 -2.022635E-04
  1.069000E+00 -2.250518E-04
  1.070000E+00 -2.491215E-04
  1.071000E+00 -2.733416E-04
  1.072000E+00 -2.966305E-04
  1.073000E+00 -3.179841E-04
  1.074000E+00 -3.365017E-04
  1.075000E+00 -3.514069E-04
  1.076000E+00 -3.620649E-04
  1.077000E+00 -3.679952E-04
  1.078000E+00 -3.688792E-04
  1.079000E+00 -3.645637E-04
  1.080000E+00 -3.550592E-04
  1.081000E+00 -3.405338E-04
  1.082000E+00 -3.213041E-04
  1.083000E+00 -2.978208E-04
  1.084000E+00 -2.706530E-04
  1.085000E+00 -2.404684E-04
  1.086000E+00 -2.080128E-04
  1.087000E+00 -1.740874E-04
  1.088000E+00 -1.395260E-04
  1.089000E+00 -1.051717E-04
  1.090000E+00 -7.185437E-05
  1.091000E+00 -4.036981E-05
  1.092000E+00 -1.145976E-05
  1.093000E+00  1.420523E-05
  1.094000E+00  3.604057E-05
  1.095000E+00  5.355956E-05
  1.096000E+00  6.638227E-05
  1.097000E+00  7.424124E-05
  1.098000E+00  7.698420E-05
  1.099000E+00  7.457363E-05
  1.100000E+00  6.708358E-05
  1.101000E+00  5.469386E-05
  1.102000E+00  3.768201E-05
  1.103000E+00  1.641323E-05
  1.104000E+00 -8.671185E-06
  1.105000E+00 -3.706670E-05
  1.106000E+00 -6.821928E-05
  1.107000E+00 -1.015396E-04
  1.108000E+00 -1.364176E-04
  1.109000E+00 -1.722364E-04
  1.110000E+00 -2.083866E-04
  1.111000E+00 -2.442792E-04
  1.112000E+00 -2.793577E-04
  1.113000E+00 -3.131096E-04
  1.114000E+00 -3.450760E-04
  1.115000E+00 -3.748604E-04
  1.116000E+00 -4.021352E-04
  1.117000E+00 -4.266477E-04
  1.118000E+00 -4.482231E-04
  1.119000E+00 -4.667671E-04
  1.120000E+00 -4.822658E-04
  1.121000E+00 -4.947838E-04
  1.122000E+00 -5.044616E-04
  1.123000E+00 -5.115101E-04
  1.124000E+00 -5.162038E-04
  1.125000E+00 -5.188734E-04
  1.126000E+00 -5.198958E-04
  1.127000E+00 -5.196839E-04
  1.128000E+00 -5.186754E-04
  1.129000E+00 -5.173209E-04
  1.130000E+00 -5.160719E-04
  1.131000E+00 -5.153688E-04
  1.132000E+00 -5.156291E-04
  1.133000E+00 -5.172367E-04
  1.134000E+00 -5.205316E-04
  1.135000E+00 -5.258014E-04
  1.136000E+00 -5.332734E-04
  1.137000E+00 -5.431090E-04
  1.138000E+00 -5.553998E-04
  1.139000E+00 -5.701645E-04
  1.140000E+00 -5.873485E-04
  1.141000E+00 -6.068247E-04
  1.142000E+00 -6.283953E-04
  1.143000E+00 -6.517959E-04
  1.144000E+00 -6.766992E-04
  1.145000E+00 -7.027215E-04
  1.146000E+00 -7.294281E-04
  1.147000E+00 -7.563409E-04
  1.148000E+00 -7.829453E-04
  1.149000E+00 -8.086985E-04
  1.150000E+00 -8.330381E-04
  1.151000E+00 -8.553906E-04
  1.152000E+00 -8.751810E-04
  1.153000E+00 -8.918426E-04
  1.154000E+00 -9.048275E-04
  1.155000E+00 -9.136169E-04
  1.156000E+00 -9.177323E-04
  1.157000E+00 -9.167462E-04
  1.158000E+00 -9.102927E-04
  1.159000E+00 -8.980779E-04
  1.160000E+00 -8.798886E-04
  1.161000E+00 -8.556013E-04
  1.162000E+00 -8.251882E-04
  1.163000E+00 -7.887228E-04
  1.164000E+00 -7.463831E-04
  1.165000E+00 -6.984526E-04
  1.166000E+00 -6.453195E-04
  1.167000E+00 -5.874732E-04
  1.168000E+00 -5.254989E-04
  1.169000E+00 -4.600694E-04
  1.170000E+00 -3.919346E-04
  1.171000E+00 -3.219098E-04
  1.172000E+00 -2.508602E-04
  1.173000E+00 -1.796861E-04
  1.174000E+00 -1.093043E-04
  1.175000E+00 -4.063101E-05
  1.176000E+00  2.543782E-05
  1.177000E+00  8.804463E-05
  1.178000E+00  1.463886E-04
  1.179000E+00  1.997429E-04
  1.180000E+00  2.474701E-04
  1.181000E+00  2.890361E-04
  1.182000E+00  3.240210E-04
  1.183000E+00  3.521280E-04
  1.184000E+00  3.731884E-04
  1.185000E+00  3.871645E-04
  1.186000E+00  3.941482E-04
  1.187000E+00  3.943580E-04
  1.188000E+00  3.881313E-04
  1.189000E+00  3.759161E-04
  1.190000E+00  3.582583E-04
  1.191000E+00  3.357886E-04
  1.192000E+00  3.092072E-04
  1.193000E+00  2.792671E-04
  1.194000E+00  2.467572E-04
  1.195000E+00  2.124852E-04
  1.196000E+00  1.772603E-04
  1.197000E+00  1.418767E-04
  1.198000E+00  1.070978E-04
  1.199000E+00  7.364198E-05
  1.200000E+00  4.216933E-05
  1.201000E+00  1.327036E-05
  1.202000E+00 -1.254349E-05
  1.203000E+00 -3.484731E-05
  1.204000E+00 -5.330814E-05
  1.205000E+00 -6.768805E-05
  1.206000E+00 -7.784498E-05
  1.207000E+00 -8.373117E-05
  1.208000E+00 -8.538930E-05
  1.209000E+00 -8.294635E-05
  1.210000E+00 -7.660540E-05
  1.211000E+00 -6.663563E-05
  1.212000E+00 -5.336093E-05
  1.213000E+00 -3.714731E-05
  1.214000E+00 -1.838993E-05
  1.215000E+00  2.500111E-06
  1.216000E+00  2.510851E-05
  1.217000E+00  4.902969E-05
  1.218000E+00  7.387736E-05
  1.219000E+00  9.929347E-05
  1.220000E+00  1.249552E-04
  1.221000E+00  1.505799E-04
  1.222000E+00  1.759278E-04
  1.223000E+00  2.008023E-04
  1.224000E+00  2.250492E-04
  1.225000E+00  2.485531E-04
  1.226000E+00  2.712329E-04
  1.227000E+00  2.930364E-04
  1.228000E+00  3.139335E-04
  1.229000E+00  3.339097E-04
  1.230000E+00  3.529586E-04
  1.231000E+00  3.710757E-04
  1.232000E+00  3.882516E-04
  1.233000E+00  4.044664E-04
  1.234000E+00  4.196850E-04
  1.235000E+00  4.338530E-04
  1.236000E+00  4.468940E-04
  1.237000E+00  4.587078E-04
  1.238000E+00  4.691702E-04
  1.239000E+00  4.781333E-04
  1.240000E+00  4.854281E-04
  1.241000E+00  4.908675E-04
  1.242000E+00  4.942506E-04
  1.243000E+00  4.953687E-04
  1.244000E+00  4.940118E-04
  1.245000E+00  4.899756E-04
  1.246000E+00  4.830700E-04
  1.247000E+00  4.731266E-04
  1.248000E+00  4.600070E-04
  1.249000E+00  4.436104E-04
  1.250000E+00  4.238801E-04
  1.251000E+00  4.008092E-04
  1.252000E+00  3.744449E-04
  1.253000E+00  3.448906E-04
  1.254000E+00  3.123073E-04
  1.255000E+00  2.769118E-04
  1.256000E+00  2.389743E-04
  1.257000E+00  1.988129E-04
  1.258000E+00  1.567879E-04
  1.259000E+00  1.132931E-04
  1.260000E+00  6.874736E-05
  1.261000E+00  2.358435E-05
  1.262000E+00 -2.175736E-05
  1.263000E+00 -6.684465E-05
  1.264000E+00 -1.112596E-04
  1.265000E+00 -1.546087E-04
  1.266000E+00 -1.965307E-04
  1.267000E+00 -2.367041E-04
  1.268000E+00 -2.748518E-04
  1.269000E+00 -3.107456E-04
  1.270000E+00 -3.442083E-04
  1.271000E+00 -3.751143E-04
  1.272000E+00 -4.033883E-04
  1.273000E+00 -4.290028E-04
  1.274000E+00 -4.519734E-04
  1.275000E+00 -4.723536E-04
  1.276000E+00 -4.902278E-04
  1.277000E+00 -5.057035E-04
  1.278000E+00 -5.189029E-04
  1.279000E+00 -5.299547E-04
  1.280000E+00 -5.389850E-04
  1.281000E+00 -5.461095E-04
  1.282000E+00 -5.514258E-04
  1.283000E+00 -5.550067E-04
  1.284000E+00 -5.568956E-04
  1.285000E+00 -5.571020E-04
  1.286000E+00 -5.556003E-04
  1.287000E+00 -5.523290E-04
  1.288000E+00 -5.471929E-04
  1.289000E+00 -5.400664E-04
  1.290000E+00 -5.307988E-04
  1.291000E+00 -5.192208E-04
  1.292000E+00 -5.051529E-04
  1.293000E+00 -4.884139E-04
  1.294000E+00 -4.688307E-04
  1.295000E+00 -4.462482E-04
  1.296000E+00 -4.205387E-04
  1.297000E+00 -3.916118E-04
  1.298000E+00 -3.594225E-04
  1.299000E+00 -3.239792E-04
  1.300000E+00 -2.853499E-04
  1.301000E+00 -2.436667E-04
  1.302000E+00 -1.991292E-04
  1.303000E+00 -1.520053E-04
  1.304000E+00 -1.026304E-04
  1.305000E+00 -5.140477E-05
  1.306000E+00  1.211218E-06
  1.307000E+00  5.470382E-05
  1.308000E+00  1.085140E-04
  1.309000E+00  1.620470E-04
  1.310000E+00  2.146837E-04
  1.311000E+00  2.657920E-04
  1.312000E+00  3.147395E-04
  1.313000E+00  3.609065E-04
  1.314000E+00  4.036985E-04
  1.315000E+00  4.425582E-04
  1.316000E+00  4.769771E-04
  1.317000E+00  5.065058E-04
  1.318000E+00  5.307626E-04
  1.319000E+00  5.494406E-04
  1.320000E+00  5.623128E-04
  1.321000E+00  5.692356E-04
  1.322000E+00  5.701494E-04
  1.323000E+00  5.650782E-04
  1.324000E+00  5.541258E-04
  1.325000E+00  5.374717E-04
  1.326000E+00  5.153643E-04
  1.327000E+00  4.881136E-04
  1.328000E+00  4.560825E-04
  1.329000E+00  4.196777E-04
  1.330000E+00  3.793406E-04
  1.331000E+00  3.355375E-04
  1.332000E+00  2.887511E-04
  1.333000E+00  2.394720E-04
  1.334000E+00  1.881909E-04
  1.335000E+00  1.353916E-04
  1.336000E+00  8.154547E-05
  1.337000E+00  2.710584E-05
  1.338000E+00 -2.749549E-05
  1.339000E+00 -8.185141E-05
  1.340000E+00 -1.355814E-04
  1.341000E+00 -1.883322E-04
  1.342000E+00 -2.397782E-04
  1.343000E+00 -2.896196E-04
  1.344000E+00 -3.375816E-04
  1.345000E+00 -3.834110E-04
  1.346000E+00 -4.268737E-04
  1.347000E+00 -4.677512E-04
  1.348000E+00 -5.058368E-04
  1.349000E+00 -5.409321E-04
  1.350000E+00 -5.728439E-04
  1.351000E+00 -6.013814E-04
  1.352000E+00 -6.263542E-04
  1.353000E+00 -6.475717E-04
  1.354000E+00 -6.648434E-04
  1.355000E+00 -6.779807E-04
  1.356000E+00 -6.868004E-04
  1.357000E+00 -6.911291E-04
  1.358000E+00 -6.908096E-04
  1.359000E+00 -6.857084E-04
  1.360000E+00 -6.757237E-04
  1.361000E+00 -6.607944E-04
  1.362000E+00 -6.409100E-04
  1.363000E+00 -6.161193E-04
  1.364000E+00 -5.865394E-04
  1.365000E+00 -5.523633E-04
  1.366000E+00 -5.138659E-04
  1.367000E+00 -4.714091E-04
  1.368000E+00 -4.254433E-04
  1.369000E+00 -3.765077E-04
  1.370000E+00 -3.252279E-04
  1.371000E+00 -2.723101E-04
  1.372000E+00 -2.185335E-04
  1.373000E+00 -1.647391E-04
  1.374000E+00 -1.118166E-04
  1.375000E+00 -6.068834E-05
  1.376000E+00 -1.229113E-05
  1.377000E+00  3.244334E-05
  1.378000E+00  7.260980E-05
  1.379000E+00  1.073513E-04
  1.380000E+00  1.358811E-04
  1.381000E+00  1.575048E-04
  1.382000E+00  1.716404E-04
  1.383000E+00  1.778373E-04
  1.384000E+00  1.757930E-04
  1.385000E+00  1.653663E-04
  1.386000E+00  1.465875E-04
  1.387000E+00  1.196646E-04
  1.388000E+00  8.498457E-05
  1.389000E+00  4.311099E-05
  1.390000E+00 -5.223622E-06
  1.391000E+00 -5.912985E-05
  1.392000E+00 -1.175779E-04
  1.393000E+00 -1.794184E-04
  1.394000E+00 -2.434065E-04
  1.395000E+00 -3.082298E-04
  1.396000E+00 -3.725380E-04
  1.397000E+00 -4.349750E-04
  1.398000E+00 -4.942110E-04
  1.399000E+00 -5.489755E-04
  1.400000E+00 -5.980882E-04
  1.401000E+00 -6.404896E-04
  1.402000E+00 -6.752669E-04
  1.403000E+00 -7.016782E-04
  1.404000E+00 -7.191719E-04
  1.405000E+00 -7.274005E-04
  1.406000E+00 -7.262309E-04
  1.407000E+00 -7.157472E-04
  1.408000E+00 -6.962498E-04
  1.409000E+00 -6.682472E-04
  1.410000E+00 -6.324430E-04
  1.411000E+00 -5.897184E-04
  1.412000E+00 -5.411086E-04
  1.413000E+00 -4.877769E-04
  1.414000E+00 -4.309847E-04
  1.415000E+00 -3.720597E-04
  1.416000E+00 -3.123623E-04
  1.417000E+00 -2.532524E-04
  1.418000E+00 -1.960559E-04
  1.419000E+00 -1.420334E-04
  1.420000E+00 -9.235042E-05
  1.421000E+00 -4.805167E-05
  1.422000E+00 -1.003781E-05
  1.423000E+00  2.095280E-05
  1.424000E+00  4.435820E-05
  1.425000E+00  5.980200E-05
  1.426000E+00  6.709767E-05
  1.427000E+00  6.624809E-05
  1.428000E+00  5.744028E-05
  1.429000E+00  4.103587E-05
  1.430000E+00  1.755749E-05
  1.431000E+00 -1.232826E-05
  1.432000E+00 -4.783081E-05
  1.433000E+00 -8.805789E-05
  1.434000E+00 -1.320395E-04
  1.435000E+00 -1.787529E-04
  1.436000E+00 -2.271477E-04
  1.437000E+00 -2.761712E-04
  1.438000E+00 -3.247920E-04
  1.439000E+00 -3.720232E-04
  1.440000E+00 -4.169426E-04
  1.441000E+00 -4.587112E-04
  1.442000E+00 -4.965890E-04
  1.443000E+00 -5.299475E-04
  1.444000E+00 -5.582797E-04
  1.445000E+00 -5.812064E-04
  1.446000E+00 -5.984796E-04
  1.447000E+00 -6.099831E-04
  1.448000E+00 -6.157295E-04
  1.449000E+00 -6.158549E-04
  1.450000E+00 -6.106108E-04
  1.451000E+00 -6.003534E-04
  1.452000E+00 -5.855315E-04
  1.453000E+00 -5.666721E-04
  1.454000E+00 -5.443652E-04
  1.455000E+00 -5.192474E-04
  1.456000E+00 -4.919856E-04
  1.457000E+00 -4.632604E-04
  1.458000E+00 -4.337502E-04
  1.459000E+00 -4.041167E-04
  1.460000E+00 -3.749902E-04
  1.461000E+00 -3.469587E-04
  1.462000E+00 -3.205564E-04
  1.463000E+00 -2.962561E-04
  1.464000E+00 -2.744621E-04
  1.465000E+00 -2.555057E-04
  1.466000E+00 -2.396432E-04
  1.467000E+00 -2.270539E-04
  1.468000E+00 -2.178420E-04
  1.469000E+00 -2.120378E-04
  1.470000E+00 -2.096016E-04
  1.471000E+00 -2.104283E-04
  1.472000E+00 -2.143522E-04
  1.473000E+00 -2.211536E-04
  1.474000E+00 -2.305651E-04
  1.475000E+00 -2.422790E-04
  1.476000E+00 -2.559543E-04
  1.477000E+00 -2.712249E-04
  1.478000E+00 -2.877067E-04
  1.479000E+00 -3.050056E-04
  1.480000E+00 -3.227253E-04
  1.481000E+00 -3.404750E-04
  1.482000E+00 -3.578762E-04
  1.483000E+00 -3.745700E-04
  1.484000E+00 -3.902234E-04
  1.485000E+00 -4.045352E-04
  1.486000E+00 -4.172403E-04
  1.487000E+00 -4.281139E-04
  1.488000E+00 -4.369743E-04
  1.489000E+00 -4.436844E-04
  1.490000E+00 -4.481522E-04
  1.491000E+00 -4.503306E-04
  1.492000E+00 -4.502157E-04
  1.493000E+00 -4.478446E-04
  1.494000E+00 -4.432930E-04
  1.495000E+00 -4.366714E-04
  1.496000E+00 -4.281220E-04
  1.497000E+00 -4.178141E-04
  1.498000E+00 -4.059411E-04
  1.499000E+00 -3.927159E-04
  1.500000E+00 -3.783674E-04
  1.501000E+00 -3.631368E-04
  1.502000E+00 -3.472743E-04
  1.503000E+00 -3.310357E-04
  1.504000E+00 -3.146796E-04
  1.505000E+00 -2.984648E-04
  1.506000E+00 -2.826471E-04
  1.507000E+00 -2.674774E-04
  1.508000E+00 -2.531986E-04
  1.509000E+00 -2.400433E-04
  1.510000E+00 -2.282308E-04
  1.511000E+00 -2.179647E-04
  1.512000E+00 -2.094296E-04
  1.513000E+00 -2.027879E-04
  1.514000E+00 -1.981770E-04
  1.515000E+00 -1.957053E-04
  1.516000E+00 -1.954495E-04
  1.517000E+00 -1.974506E-04
  1.518000E+00 -2.017110E-04
  1.519000E+00 -2.081919E-04
  1.520000E+00 -2.168110E-04
  1.521000E+00 -2.274408E-04
  1.522000E+00 -2.399086E-04
  1.523000E+00 -2.539975E-04
  1.524000E+00 -2.694481E-04
  1.525000E+00 -2.859625E-04
  1.526000E+00 -3.032098E-04
  1.527000E+00 -3.208323E-04
  1.528000E+00 -3.384534E-04
  1.529000E+00 -3.556867E-04
  1.530000E+00 -3.721454E-04
  1.531000E+00 -3.874518E-04
  1.532000E+00 -4.012475E-04
  1.533000E+00 -4.132022E-04
  1.534000E+00 -4.230226E-04
  1.535000E+00 -4.304594E-04
  1.536000E+00 -4.353139E-04
  1.537000E+00 -4.374423E-04
  1.538000E+00 -4.367592E-04
  1.539000E+00 -4.332386E-04
  1.540000E+00 -4.269141E-04
  1.541000E+00 -4.178769E-04
  1.542000E+00 -4.062725E-04
  1.543000E+00 -3.922957E-04
  1.544000E+00 -3.761846E-04
  1.545000E+00 -3.582135E-04
  1.546000E+00 -3.386847E-04
  1.547000E+00 -3.179198E-04
  1.548000E+00 -2.962508E-04
  1.549000E+00 -2.740115E-04
  1.550000E+00 -2.515278E-04
  1.551000E+00 -2.291107E-04
  1.552000E+00 -2.070482E-04
  1.553000E+00 -1.855993E-04
  1.554000E+00 -1.649888E-04
  1.555000E+00 -1.454039E-04
  1.556000E+00 -1.269915E-04
  1.557000E+00 -1.098577E-04
  1.558000E+00 -9.406831E-05
  1.559000E+00 -7.965101E-05
  1.560000E+00 -6.659878E-05
  1.561000E+00 -5.487441E-05
  1.562000E+00 -4.441598E-05
  1.563000E+00 -3.514294E-05
  1.564000E+00 -2.696254E-05
  1.565000E+00 -1.977628E-05
  1.566000E+00 -1.348619E-05
  1.567000E+00 -8.000542E-06
  1.568000E+00 -3.238982E-06
  1.569000E+00  8.633184E-07
  1.570000E+00  4.352396E-06
  1.571000E+00  7.253306E-06
  1.572000E+00  9.569016E-06
  1.573000E+00  1.128037E-05
  1.574000E+00  1.234707E-05
  1.575000E+00  1.270973E-05
  1.576000E+00  1.229272E-05
  1.577000E+00  1.100790E-05
  1.578000E+00  8.759039E-06
  1.579000E+00  5.446693E-06
  1.580000E+00  9.734856E-07
  1.581000E+00 -4.750523E-06
  1.582000E+00 -1.180257E-05
  1.583000E+00 -2.024224E-05
  1.584000E+00 -3.010713E-05
  1.585000E+00 -4.140928E-05
  1.586000E+00 -5.413252E-05
  1.587000E+00 -6.823106E-05
  1.588000E+00 -8.362909E-05
  1.589000E+00 -1.002218E-04
  1.590000E+00 -1.178774E-04
  1.591000E+00 -1.364405E-04
  1.592000E+00 -1.557366E-04
  1.593000E+00 -1.755769E-04
  1.594000E+00 -1.957644E-04
  1.595000E+00 -2.161002E-04
  1.596000E+00 -2.363899E-04
  1.597000E+00 -2.564501E-04
  1.598000E+00 -2.761146E-04
  1.599000E+00 -2.952398E-04
  1.600000E+00 -3.137096E-04
  1.601000E+00 -3.314390E-04
  1.602000E+00 -3.483769E-04
  1.603000E+00 -3.645068E-04
  1.604000E+00 -3.798471E-04
  1.605000E+00 -3.944491E-04
  1.606000E+00 -4.083942E-04
  1.607000E+00 -4.217900E-04
  1.608000E+00 -4.347653E-04
  1.609000E+00 -4.474639E-04
  1.610000E+00 -4.600385E-04
  1.611000E+00 -4.726436E-04
  1.612000E+00 -4.854290E-04
  1.613000E+00 -4.985324E-04
  1.614000E+00 -5.120732E-04
  1.615000E+00 -5.261464E-04
  1.616000E+00 -5.408167E-04
  1.617000E+00 -5.561147E-04
  1.618000E+00 -5.720324E-04
  1.619000E+00 -5.885211E-04
  1.620000E+00 -6.054893E-04
  1.621000E+00 -6.228027E-04
  1.622000E+00 -6.402849E-04
  1.623000E+00 -6.577192E-04
  1.624000E+00 -6.748520E-04
  1.625000E+00 -6.913977E-04
  1.626000E+00 -7.070441E-04
  1.627000E+00 -7.214595E-04
  1.628000E+00 -7.343010E-04
  1.629000E+00 -7.452225E-04
  1.630000E+00 -7.538849E-04
  1.631000E+00 -7.599648E-04
  1.632000E+00 -7.631645E-04
  1.633000E+00 -7.632211E-04
  1.634000E+00 -7.599148E-04
  1.635000E+00 -7.530771E-04
  1.636000E+00 -7.425968E-04
  1.637000E+00 -7.284257E-04
  1.638000E+00 -7.105820E-04
  1.639000E+00 -6.891530E-04
  1.640000E+00 -6.642954E-04
  1.641000E+00 -6.362342E-04
  1.642000E+00 -6.052604E-04
  1.643000E+00 -5.717262E-04
  1.644000E+00 -5.360394E-04
  1.645000E+00 -4.986562E-04
  1.646000E+00 -4.600729E-04
  1.647000E+00 -4.208162E-04
  1.648000E+00 -3.814333E-04
  1.649000E+00 -3.424809E-04
  1.650000E+00 -3.045138E-04
  1.651000E+00 -2.680740E-04
  1.652000E+00 -2.336788E-04
  1.653000E+00 -2.018100E-04
  1.654000E+00 -1.729036E-04
  1.655000E+00 -1.473402E-04
  1.656000E+00 -1.254366E-04
  1.657000E+00 -1.074385E-04
  1.658000E+00 -9.351585E-05
  1.659000E+00 -8.375819E-05
  1.660000E+00 -7.817347E-05
  1.661000E+00 -7.668784E-05
  1.662000E+00 -7.914771E-05
  1.663000E+00 -8.532361E-05
  1.664000E+00 -9.491599E-05
  1.665000E+00 -1.075626E-04
  1.666000E+00 -1.228476E-04
  1.667000E+00 -1.403118E-04
  1.668000E+00 -1.594642E-04
  1.669000E+00 -1.797939E-04
  1.670000E+00 -2.007831E-04
  1.671000E+00 -2.219193E-04
  1.672000E+00 -2.427076E-04
  1.673000E+00 -2.626826E-04
  1.674000E+00 -2.814186E-04
  1.675000E+00 -2.985394E-04
  1.676000E+00 -3.137261E-04
  1.677000E+00 -3.267230E-04
  1.678000E+00 -3.373424E-04
  1.679000E+00 -3.454674E-04
  1.680000E+00 -3.510518E-04
  1.681000E+00 -3.541197E-04
  1.682000E+00 -3.547622E-04
  1.683000E+00 -3.531325E-04
  1.684000E+00 -3.494399E-04
  1.685000E+00 -3.439420E-04
  1.686000E+00 -3.369358E-04
  1.687000E+00 -3.287476E-04
  1.688000E+00 -3.197229E-04
  1.689000E+00 -3.102150E-04
  1.690000E+00 -3.005741E-04
  1.691000E+00 -2.911365E-04
  1.692000E+00 -2.822145E-04
  1.693000E+00 -2.740867E-04
  1.694000E+00 -2.669902E-04
  1.695000E+00 -2.611141E-04
  1.696000E+00 -2.565938E-04
  1.697000E+00 -2.535081E-04
  1.698000E+00 -2.518773E-04
  1.699000E+00 -2.516640E-04
  1.700000E+00 -2.527748E-04
  1.701000E+00 -2.550649E-04
  1.702000E+00 -2.583435E-04
  1.703000E+00 -2.623809E-04
  1.704000E+00 -2.669176E-04
  1.705000E+00 -2.716731E-04
  1.706000E+00 -2.763570E-04
  1.707000E+00 -2.806785E-04
  1.708000E+00 -2.843581E-04
  1.709000E+00 -2.871372E-04
  1.710000E+00 -2.887881E-04
  1.711000E+00 -2.891227E-04
  1.712000E+00 -2.880000E-04
  1.713000E+00 -2.853319E-04
  1.714000E+00 -2.810876E-04
  1.715000E+00 -2.752959E-04
  1.716000E+00 -2.680454E-04
  1.717000E+00 -2.594824E-04
  1.718000E+00 -2.498074E-04
  1.719000E+00 -2.392693E-04
  1.720000E+00 -2.281572E-04
  1.721000E+00 -2.167921E-04
  1.722000E+00 -2.055158E-04
  1.723000E+00 -1.946796E-04
  1.724000E+00 -1.846329E-04
  1.725000E+00 -1.757102E-04
  1.726000E+00 -1.682193E-04
  1.727000E+00 -1.624296E-04
  1.728000E+00 -1.585608E-04
  1.729000E+00 -1.567734E-04
  1.730000E+00 -1.571604E-04
  1.731000E+00 -1.597406E-04
  1.732000E+00 -1.644543E-04
  1.733000E+00 -1.711614E-04
  1.734000E+00 -1.796411E-04
  1.735000E+00 -1.895945E-04
  1.736000E+00 -2.006499E-04
  1.737000E+00 -2.123695E-04
  1.738000E+00 -2.242591E-04
  1.739000E+00 -2.357795E-04
  1.740000E+00 -2.463594E-04
  1.741000E+00 -2.554102E-04
  1.742000E+00 -2.623415E-04
  1.743000E+00 -2.665780E-04
  1.744000E+00 -2.675755E-04
  1.745000E+00 -2.648376E-04
  1.746000E+00 -2.579312E-04
  1.747000E+00 -2.465010E-04
  1.748000E+00 -2.302819E-04
  1.749000E+00 -2.091097E-04
  1.750000E+00 -1.829289E-04
  1.751000E+00 -1.517978E-04
  1.752000E+00 -1.158900E-04
  1.753000E+00 -7.549372E-05
  1.754000E+00 -3.100652E-05
  1.755000E+00  1.707190E-05
  1.756000E+00  6.815033E-05
  1.757000E+00  1.215589E-04
  1.758000E+00  1.765640E-04
  1.759000E+00  2.323846E-04
  1.760000E+00  2.882101E-04
  1.761000E+00  3.432177E-04
  1.762000E+00  3.965911E-04
  1.763000E+00  4.475377E-04
  1.764000E+00  4.953057E-04
  1.765000E+00  5.391990E-04
  1.766000E+00  5.785914E-04
  1.767000E+00  6.129383E-04
  1.768000E+00  6.417865E-04
  1.769000E+00  6.647812E-04
  1.770000E+00  6.816715E-04
  1.771000E+00  6.923123E-04
  1.772000E+00  6.966652E-04
  1.773000E+00  6.947953E-04
  1.774000E+00  6.868674E-04
  1.775000E+00  6.731391E-04
  1.776000E+00  6.539525E-04
  1.777000E+00  6.297242E-04
  1.778000E+00  6.009337E-04
  1.779000E+00  5.681117E-04
  1.780000E+00  5.318269E-04
  1.781000E+00  4.926727E-04
  1.782000E+00  4.512547E-04
  1.783000E+00  4.081774E-04
  1.784000E+00  3.640326E-04
  1.785000E+00  3.193884E-04
  1.786000E+00  2.747795E-04
  1.787000E+00  2.306993E-04
  1.788000E+00  1.875932E-04
  1.789000E+00  1.458539E-04
  1.790000E+00  1.058194E-04
  1.791000E+00  6.777154E-05
  1.792000E+00  3.193766E-05
  1.793000E+00 -1.506870E-06
  1.794000E+00 -3.243440E-05
  1.795000E+00 -6.075966E-05
  1.796000E+00 -8.643373E-05
  1.797000E+00 -1.094375E-04
  1.798000E+00 -1.297752E-04
  1.799000E+00 -1.474679E-04
  1.800000E+00 -1.625478E-04
  1.801000E+00 -1.750528E-04
  1.802000E+00 -1.850226E-04
  1.803000E+00 -1.924953E-04
  1.804000E+00 -1.975053E-04
  1.805000E+00 -2.000828E-04
  1.806000E+00 -2.002536E-04
  1.807000E+00 -1.980406E-04
  1.808000E+00 -1.934664E-04
  1.809000E+00 -1.865559E-04
  1.810000E+00 -1.773402E-04
  1.811000E+00 -1.658608E-04
  1.812000E+00 -1.521730E-04
  1.813000E+00 -1.363508E-04
  1.814000E+00 -1.184899E-04
  1.815000E+00 -9.871149E-05
  1.816000E+00 -7.716476E-05
  1.817000E+00 -5.402893E-05
  1.818000E+00 -2.951448E-05
  1.819000E+00 -3.863560E-06
  1.820000E+00  2.265073E-05
  1.821000E+00  4.972593E-05
  1.822000E+00  7.703285E-05
  1.823000E+00  1.042192E-04
  1.824000E+00  1.309141E-04
  1.825000E+00  1.567336E-04
  1.826000E+00  1.812869E-04
  1.827000E+00  2.041837E-04
  1.828000E+00  2.250413E-04
  1.829000E+00  2.434934E-04
  1.830000E+00  2.591979E-04
  1.831000E+00  2.718458E-04
  1.832000E+00  2.811691E-04
  1.833000E+00  2.869487E-04
  1.834000E+00  2.890211E-04
  1.835000E+00  2.872845E-04
  1.836000E+00  2.817037E-04
  1.837000E+00  2.723130E-04
  1.838000E+00  2.592182E-04
  1.839000E+00  2.425968E-04
  1.840000E+00  2.226959E-04
  1.841000E+00  1.998290E-04
  1.842000E+00  1.743704E-04
  1.843000E+00  1.467488E-04
  1.844000E+00  1.174381E-04
  1.845000E+00  8.694777E-05
  1.846000E+00  5.581199E-05
  1.847000E+00  2.457743E-05
  1.848000E+00 -6.209001E-06
  1.849000E+00 -3.601273E-05
  1.850000E+00 -6.432390E-05
  1.851000E+00 -9.066919E-05
  1.852000E+00 -1.146229E-04
  1.853000E+00 -1.358168E-04
  1.854000E+00 -1.539489E-04
  1.855000E+00 -1.687902E-04
  1.856000E+00 -1.801906E-04
  1.857000E+00 -1.880821E-04
  1.858000E+00 -1.924802E-04
  1.859000E+00 -1.934837E-04
  1.860000E+00 -1.912721E-04
  1.861000E+00 -1.861005E-04
  1.862000E+00 -1.782933E-04
  1.863000E+00 -1.682353E-04
  1.864000E+00 -1.563614E-04
  1.865000E+00 -1.431450E-04
  1.866000E+00 -1.290846E-04
  1.867000E+00 -1.146907E-04
  1.868000E+00 -1.004718E-04
  1.869000E+00 -8.692025E-05
  1.870000E+00 -7.449952E-05
  1.871000E+00 -6.363172E-05
  1.872000E+00 -5.468690E-05
  1.873000E+00 -4.797391E-05
  1.874000E+00 -4.373315E-05
  1.875000E+00 -4.213151E-05
  1.876000E+00 -4.325945E-05
  1.877000E+00 -4.713025E-05
  1.878000E+00 -5.368145E-05
  1.879000E+00 -6.277837E-05
  1.880000E+00 -7.421955E-05
  1.881000E+00 -8.774384E-05
  1.882000E+00 -1.030390E-04
  1.883000E+00 -1.197513E-04
  1.884000E+00 -1.374962E-04
  1.885000E+00 -1.558691E-04
  1.886000E+00 -1.744567E-04
  1.887000E+00 -1.928473E-04
  1.888000E+00 -2.106414E-04
  1.889000E+00 -2.274609E-04
  1.890000E+00 -2.429576E-04
  1.891000E+00 -2.568195E-04
  1.892000E+00 -2.687772E-04
  1.893000E+00 -2.786070E-04
  1.894000E+00 -2.861339E-04
  1.895000E+00 -2.912325E-04
  1.896000E+00 -2.938260E-04
  1.897000E+00 -2.938848E-04
  1.898000E+00 -2.914236E-04
  1.899000E+00 -2.864974E-04
  1.900000E+00 -2.791974E-04
  1.901000E+00 -2.696461E-04
  1.902000E+00 -2.579923E-04
  1.903000E+00 -2.444061E-04
  1.904000E+00 -2.290742E-04
  1.905000E+00 -2.121950E-04
  1.906000E+00 -1.939743E-04
  1.907000E+00 -1.746216E-04
  1.908000E+00 -1.543463E-04
  1.909000E+00 -1.333552E-04
  1.910000E+00 -1.118501E-04
  1.911000E+00 -9.002611E-05
  1.912000E+00 -6.807064E-05
  1.913000E+00 -4.616308E-05
  1.914000E+00 -2.447495E-05
  1.915000E+00 -3.170515E-06
  1.916000E+00  1.759212E-05
  1.917000E+00  3.765974E-05
  1.918000E+00  5.688244E-05
  1.919000E+00  7.511205E-05
  1.920000E+00  9.220042E-05
  1.921000E+00  1.079979E-04
  1.922000E+00  1.223522E-04
  1.923000E+00  1.351070E-04
  1.924000E+00  1.461021E-04
  1.925000E+00  1.551729E-04
  1.926000E+00  1.621517E-04
  1.927000E+00  1.668687E-04
  1.928000E+00  1.691550E-04
  1.929000E+00  1.688450E-04
  1.930000E+00  1.657810E-04
  1.931000E+00  1.598177E-04
  1.932000E+00  1.508277E-04
  1.933000E+00  1.387077E-04
  1.934000E+00  1.233852E-04
  1.935000E+00  1.048248E-04
  1.936000E+00  8.303485E-05
  1.937000E+00  5.807371E-05
  1.938000E+00  3.005489E-05
  1.939000E+00 -8.485272E-07
  1.940000E+00 -3.440085E-05
  1.941000E+00 -7.030232E-05
  1.942000E+00 -1.081895E-04
  1.943000E+00 -1.476375E-04
  1.944000E+00 -1.881645E-04
  1.945000E+00 -2.292382E-04
  1.946000E+00 -2.702842E-04
  1.947000E+00 -3.106964E-04
  1.948000E+00 -3.498489E-04
  1.949000E+00 -3.871087E-04
  1.950000E+00 -4.218499E-04
  1.951000E+00 -4.534671E-04
  1.952000E+00 -4.813903E-04
  1.953000E+00 -5.050980E-04
  1.954000E+00 -5.241298E-04
  1.955000E+00 -5.380988E-04
  1.956000E+00 -5.467011E-04
  1.957000E+00 -5.497241E-04
  1.958000E+00 -5.470534E-04
  1.959000E+00 -5.386766E-04
  1.960000E+00 -5.246853E-04
  1.961000E+00 -5.052747E-04
  1.962000E+00 -4.807408E-04
  1.963000E+00 -4.514754E-04
  1.964000E+00 -4.179588E-04
  1.965000E+00 -3.807505E-04
  1.966000E+00 -3.404787E-04
  1.967000E+00 -2.978273E-04
  1.968000E+00 -2.535225E-04
  1.969000E+00 -2.083177E-04
  1.970000E+00 -1.629791E-04
  1.971000E+00 -1.182692E-04
  1.972000E+00 -7.493204E-05
  1.973000E+00 -3.367825E-05
  1.974000E+00  4.829297E-06
  1.975000E+00  3.998820E-05
  1.976000E+00  7.126812E-05
  1.977000E+00  9.822059E-05
  1.978000E+00  1.204870E-04
  1.979000E+00  1.378043E-04
  1.980000E+00  1.500090E-04
  1.981000E+00  1.570387E-04
  1.982000E+00  1.589312E-04
  1.983000E+00  1.558223E-04
  1.984000E+00  1.479412E-04
  1.985000E+00  1.356038E-04
  1.986000E+00  1.192056E-04
  1.987000E+00  9.921185E-05
  1.988000E+00  7.614813E-05
  1.989000E+00  5.058892E-05
  1.990000E+00  2.314642E-05
  1.991000E+00 -5.541289E-06
  1.992000E+00 -3.482198E-05
  1.993000E+00 -6.404105E-05
  1.994000E+00 -9.255300E-05
  1.995000E+00 -1.197324E-04
  1.996000E+00 -1.449844E-04
  1.997000E+00 -1.677544E-04
  1.998000E+00 -1.875372E-04
  1.999000E+00 -2.038853E-04
  2.000000E+00  3.569513E-02
