; material = LLZO                                                       
Li            2000  2.06276883E+02          580.000000
  0.000000E+00  1.000000E+00
  1.000000E-03  9.953540E-01
  2.000000E-03  9.814943E-01
  3.000000E-03  9.586560E-01
  4.000000E-03  9.272240E-01
  5.000000E-03  8.877241E-01
  6.000000E-03  8.408102E-01
  7.000000E-03  7.872485E-01
  8.000000E-03  7.278999E-01
  9.000000E-03  6.637004E-01
  1.000000E-02  5.956400E-01
  1.100000E-02  5.247417E-01
  1.200000E-02  4.520400E-01
  1.300000E-02  3.785603E-01
  1.400000E-02  3.052987E-01
  1.500000E-02  2.332047E-01
  1.600000E-02  1.631639E-01
  1.700000E-02  9.598420E-02
  1.800000E-02  3.238359E-02
  1.900000E-02 -2.701903E-02
  2.000000E-02 -8.171094E-02
  2.100000E-02 -1.312898E-01
  2.200000E-02 -1.754655E-01
  2.300000E-02 -2.140592E-01
  2.400000E-02 -2.470006E-01
  2.500000E-02 -2.743225E-01
  2.600000E-02 -2.961538E-01
  2.700000E-02 -3.127108E-01
  2.800000E-02 -3.242866E-01
  2.900000E-02 -3.312406E-01
  3.000000E-02 -3.339858E-01
  3.100000E-02 -3.329765E-01
  3.200000E-02 -3.286955E-01
  3.300000E-02 -3.216416E-01
  3.400000E-02 -3.123175E-01
  3.500000E-02 -3.012180E-01
  3.600000E-02 -2.888196E-01
  3.700000E-02 -2.755709E-01
  3.800000E-02 -2.618848E-01
  3.900000E-02 -2.481312E-01
  4.000000E-02 -2.346321E-01
  4.100000E-02 -2.216579E-01
  4.200000E-02 -2.094253E-01
  4.300000E-02 -1.980967E-01
  4.400000E-02 -1.877812E-01
  4.500000E-02 -1.785372E-01
  4.600000E-02 -1.703751E-01
  4.700000E-02 -1.632629E-01
  4.800000E-02 -1.571309E-01
  4.900000E-02 -1.518778E-01
  5.000000E-02 -1.473778E-01
  5.100000E-02 -1.434865E-01
  5.200000E-02 -1.400484E-01
  5.300000E-02 -1.369028E-01
  5.400000E-02 -1.338905E-01
  5.500000E-02 -1.308591E-01
  5.600000E-02 -1.276682E-01
  5.700000E-02 -1.241936E-01
  5.800000E-02 -1.203304E-01
  5.900000E-02 -1.159959E-01
  6.000000E-02 -1.111310E-01
  6.100000E-02 -1.057008E-01
  6.200000E-02 -9.969435E-02
  6.300000E-02 -9.312405E-02
  6.400000E-02 -8.602359E-02
  6.500000E-02 -7.844585E-02
  6.600000E-02 -7.046009E-02
  6.700000E-02 -6.214878E-02
  6.800000E-02 -5.360426E-02
  6.900000E-02 -4.492523E-02
  7.000000E-02 -3.621327E-02
  7.100000E-02 -2.756952E-02
  7.200000E-02 -1.909153E-02
  7.300000E-02 -1.087053E-02
  7.400000E-02 -2.989048E-03
  7.500000E-02  4.481032E-03
  7.600000E-02  1.147985E-02
  7.700000E-02  1.796047E-02
  7.800000E-02  2.388928E-02
  7.900000E-02  2.924583E-02
  8.000000E-02  3.402229E-02
  8.100000E-02  3.822243E-02
  8.200000E-02  4.186028E-02
  8.300000E-02  4.495851E-02
  8.400000E-02  4.754660E-02
  8.500000E-02  4.965893E-02
  8.600000E-02  5.133276E-02
  8.700000E-02  5.260633E-02
  8.800000E-02  5.351703E-02
  8.900000E-02  5.409980E-02
  9.000000E-02  5.438571E-02
  9.100000E-02  5.440091E-02
  9.200000E-02  5.416578E-02
  9.300000E-02  5.369453E-02
  9.400000E-02  5.299511E-02
  9.500000E-02  5.206938E-02
  9.600000E-02  5.091371E-02
  9.700000E-02  4.951977E-02
  9.800000E-02  4.787559E-02
  9.900000E-02  4.596681E-02
  1.000000E-01  4.377803E-02
  1.010000E-01  4.129431E-02
  1.020000E-01  3.850252E-02
  1.030000E-01  3.539284E-02
  1.040000E-01  3.195996E-02
  1.050000E-01  2.820424E-02
  1.060000E-01  2.413258E-02
  1.070000E-01  1.975913E-02
  1.080000E-01  1.510561E-02
  1.090000E-01  1.020142E-02
  1.100000E-01  5.083432E-03
  1.110000E-01 -2.045161E-04
  1.120000E-01 -5.612415E-03
  1.130000E-01 -1.108511E-02
  1.140000E-01 -1.656354E-02
  1.150000E-01 -2.198616E-02
  1.160000E-01 -2.729050E-02
  1.170000E-01 -3.241470E-02
  1.180000E-01 -3.729922E-02
  1.190000E-01 -4.188830E-02
  1.200000E-01 -4.613153E-02
  1.210000E-01 -4.998506E-02
  1.220000E-01 -5.341279E-02
  1.230000E-01 -5.638723E-02
  1.240000E-01 -5.889011E-02
  1.250000E-01 -6.091269E-02
  1.260000E-01 -6.245584E-02
  1.270000E-01 -6.352978E-02
  1.280000E-01 -6.415349E-02
  1.290000E-01 -6.435396E-02
  1.300000E-01 -6.416514E-02
  1.310000E-01 -6.362669E-02
  1.320000E-01 -6.278259E-02
  1.330000E-01 -6.167967E-02
  1.340000E-01 -6.036603E-02
  1.350000E-01 -5.888952E-02
  1.360000E-01 -5.729619E-02
  1.370000E-01 -5.562893E-02
  1.380000E-01 -5.392621E-02
  1.390000E-01 -5.222097E-02
  1.400000E-01 -5.053981E-02
  1.410000E-01 -4.890233E-02
  1.420000E-01 -4.732084E-02
  1.430000E-01 -4.580024E-02
  1.440000E-01 -4.433822E-02
  1.450000E-01 -4.292570E-02
  1.460000E-01 -4.154754E-02
  1.470000E-01 -4.018342E-02
  1.480000E-01 -3.880890E-02
  1.490000E-01 -3.739668E-02
  1.500000E-01 -3.591787E-02
  1.510000E-01 -3.434336E-02
  1.520000E-01 -3.264520E-02
  1.530000E-01 -3.079789E-02
  1.540000E-01 -2.877961E-02
  1.550000E-01 -2.657333E-02
  1.560000E-01 -2.416770E-02
  1.570000E-01 -2.155779E-02
  1.580000E-01 -1.874562E-02
  1.590000E-01 -1.574036E-02
  1.600000E-01 -1.255838E-02
  1.610000E-01 -9.223014E-03
  1.620000E-01 -5.764092E-03
  1.630000E-01 -2.217237E-03
  1.640000E-01  1.377018E-03
  1.650000E-01  4.974276E-03
  1.660000E-01  8.527474E-03
  1.670000E-01  1.198815E-02
  1.680000E-01  1.530778E-02
  1.690000E-01  1.843910E-02
  1.700000E-01  2.133741E-02
  1.710000E-01  2.396179E-02
  1.720000E-01  2.627622E-02
  1.730000E-01  2.825051E-02
  1.740000E-01  2.986108E-02
  1.750000E-01  3.109154E-02
  1.760000E-01  3.193307E-02
  1.770000E-01  3.238451E-02
  1.780000E-01  3.245231E-02
  1.790000E-01  3.215020E-02
  1.800000E-01  3.149869E-02
  1.810000E-01  3.052435E-02
  1.820000E-01  2.925899E-02
  1.830000E-01  2.773865E-02
  1.840000E-01  2.600252E-02
  1.850000E-01  2.409183E-02
  1.860000E-01  2.204865E-02
  1.870000E-01  1.991478E-02
  1.880000E-01  1.773068E-02
  1.890000E-01  1.553440E-02
  1.900000E-01  1.336077E-02
  1.910000E-01  1.124058E-02
  1.920000E-01  9.200042E-03
  1.930000E-01  7.260355E-03
  1.940000E-01  5.437465E-03
  1.950000E-01  3.742015E-03
  1.960000E-01  2.179473E-03
  1.970000E-01  7.504140E-04
  1.980000E-01 -5.490320E-04
  1.990000E-01 -1.726616E-03
  2.000000E-01 -2.793295E-03
  2.010000E-01 -3.762480E-03
  2.020000E-01 -4.649238E-03
  2.030000E-01 -5.469482E-03
  2.040000E-01 -6.239164E-03
  2.050000E-01 -6.973516E-03
  2.060000E-01 -7.686368E-03
  2.070000E-01 -8.389537E-03
  2.080000E-01 -9.092351E-03
  2.090000E-01 -9.801283E-03
  2.100000E-01 -1.051972E-02
  2.110000E-01 -1.124790E-02
  2.120000E-01 -1.198294E-02
  2.130000E-01 -1.271902E-02
  2.140000E-01 -1.344773E-02
  2.150000E-01 -1.415847E-02
  2.160000E-01 -1.483893E-02
  2.170000E-01 -1.547569E-02
  2.180000E-01 -1.605484E-02
  2.190000E-01 -1.656261E-02
  2.200000E-01 -1.698596E-02
  2.210000E-01 -1.731322E-02
  2.220000E-01 -1.753461E-02
  2.230000E-01 -1.764270E-02
  2.240000E-01 -1.763276E-02
  2.250000E-01 -1.750305E-02
  2.260000E-01 -1.725493E-02
  2.270000E-01 -1.689291E-02
  2.280000E-01 -1.642454E-02
  2.290000E-01 -1.586016E-02
  2.300000E-01 -1.521261E-02
  2.310000E-01 -1.449682E-02
  2.320000E-01 -1.372923E-02
  2.330000E-01 -1.292732E-02
  2.340000E-01 -1.210895E-02
  2.350000E-01 -1.129178E-02
  2.360000E-01 -1.049263E-02
  2.370000E-01 -9.726935E-03
  2.380000E-01 -9.008206E-03
  2.390000E-01 -8.347595E-03
  2.400000E-01 -7.753528E-03
  2.410000E-01 -7.231458E-03
  2.420000E-01 -6.783722E-03
  2.430000E-01 -6.409525E-03
  2.440000E-01 -6.105038E-03
  2.450000E-01 -5.863613E-03
  2.460000E-01 -5.676111E-03
  2.470000E-01 -5.531325E-03
  2.480000E-01 -5.416479E-03
  2.490000E-01 -5.317795E-03
  2.500000E-01 -5.221099E-03
  2.510000E-01 -5.112441E-03
  2.520000E-01 -4.978719E-03
  2.530000E-01 -4.808259E-03
  2.540000E-01 -4.591355E-03
  2.550000E-01 -4.320731E-03
  2.560000E-01 -3.991911E-03
  2.570000E-01 -3.603481E-03
  2.580000E-01 -3.157239E-03
  2.590000E-01 -2.658210E-03
  2.600000E-01 -2.114541E-03
  2.610000E-01 -1.537265E-03
  2.620000E-01 -9.399529E-04
  2.630000E-01 -3.382481E-04
  2.640000E-01  2.506833E-04
  2.650000E-01  8.087804E-04
  2.660000E-01  1.317765E-03
  2.670000E-01  1.759850E-03
  2.680000E-01  2.118446E-03
  2.690000E-01  2.378849E-03
  2.700000E-01  2.528875E-03
  2.710000E-01  2.559429E-03
  2.720000E-01  2.464973E-03
  2.730000E-01  2.243884E-03
  2.740000E-01  1.898679E-03
  2.750000E-01  1.436111E-03
  2.760000E-01  8.671077E-04
  2.770000E-01  2.065693E-04
  2.780000E-01 -5.269790E-04
  2.790000E-01 -1.311869E-03
  2.800000E-01 -2.123892E-03
  2.810000E-01 -2.937009E-03
  2.820000E-01 -3.724138E-03
  2.830000E-01 -4.458004E-03
  2.840000E-01 -5.112016E-03
  2.850000E-01 -5.661150E-03
  2.860000E-01 -6.082803E-03
  2.870000E-01 -6.357588E-03
  2.880000E-01 -6.470059E-03
  2.890000E-01 -6.409314E-03
  2.900000E-01 -6.169474E-03
  2.910000E-01 -5.750020E-03
  2.920000E-01 -5.155958E-03
  2.930000E-01 -4.397827E-03
  2.940000E-01 -3.491517E-03
  2.950000E-01 -2.457937E-03
  2.960000E-01 -1.322502E-03
  2.970000E-01 -1.144809E-04
  2.980000E-01  1.133792E-03
  2.990000E-01  2.387813E-03
  3.000000E-01  3.611889E-03
  3.010000E-01  4.770173E-03
  3.020000E-01  5.827719E-03
  3.030000E-01  6.751532E-03
  3.040000E-01  7.511575E-03
  3.050000E-01  8.081702E-03
  3.060000E-01  8.440493E-03
  3.070000E-01  8.571958E-03
  3.080000E-01  8.466093E-03
  3.090000E-01  8.119264E-03
  3.100000E-01  7.534411E-03
  3.110000E-01  6.721069E-03
  3.120000E-01  5.695186E-03
  3.130000E-01  4.478765E-03
  3.140000E-01  3.099322E-03
  3.150000E-01  1.589187E-03
  3.160000E-01 -1.534305E-05
  3.170000E-01 -1.674962E-03
  3.180000E-01 -3.348410E-03
  3.190000E-01 -4.993584E-03
  3.200000E-01 -6.568674E-03
  3.210000E-01 -8.033300E-03
  3.220000E-01 -9.349603E-03
  3.230000E-01 -1.048327E-02
  3.240000E-01 -1.140447E-02
  3.250000E-01 -1.208861E-02
  3.260000E-01 -1.251705E-02
  3.270000E-01 -1.267754E-02
  3.280000E-01 -1.256452E-02
  3.290000E-01 -1.217925E-02
  3.300000E-01 -1.152975E-02
  3.310000E-01 -1.063048E-02
  3.320000E-01 -9.501975E-03
  3.330000E-01 -8.170188E-03
  3.340000E-01 -6.665759E-03
  3.350000E-01 -5.023148E-03
  3.360000E-01 -3.279667E-03
  3.370000E-01 -1.474447E-03
  3.380000E-01  3.526248E-04
  3.390000E-01  2.161982E-03
  3.400000E-01  3.915421E-03
  3.410000E-01  5.577092E-03
  3.420000E-01  7.114402E-03
  3.430000E-01  8.498811E-03
  3.440000E-01  9.706499E-03
  3.450000E-01  1.071888E-02
  3.460000E-01  1.152296E-02
  3.470000E-01  1.211152E-02
  3.480000E-01  1.248314E-02
  3.490000E-01  1.264205E-02
  3.500000E-01  1.259781E-02
  3.510000E-01  1.236487E-02
  3.520000E-01  1.196195E-02
  3.530000E-01  1.141137E-02
  3.540000E-01  1.073827E-02
  3.550000E-01  9.969733E-03
  3.560000E-01  9.133912E-03
  3.570000E-01  8.259159E-03
  3.580000E-01  7.373143E-03
  3.590000E-01  6.502032E-03
  3.600000E-01  5.669741E-03
  3.610000E-01  4.897274E-03
  3.620000E-01  4.202179E-03
  3.630000E-01  3.598119E-03
  3.640000E-01  3.094590E-03
  3.650000E-01  2.696767E-03
  3.660000E-01  2.405506E-03
  3.670000E-01  2.217472E-03
  3.680000E-01  2.125408E-03
  3.690000E-01  2.118519E-03
  3.700000E-01  2.182964E-03
  3.710000E-01  2.302434E-03
  3.720000E-01  2.458798E-03
  3.730000E-01  2.632792E-03
  3.740000E-01  2.804733E-03
  3.750000E-01  2.955227E-03
  3.760000E-01  3.065858E-03
  3.770000E-01  3.119830E-03
  3.780000E-01  3.102540E-03
  3.790000E-01  3.002070E-03
  3.800000E-01  2.809592E-03
  3.810000E-01  2.519645E-03
  3.820000E-01  2.130316E-03
  3.830000E-01  1.643295E-03
  3.840000E-01  1.063808E-03
  3.850000E-01  4.004424E-04
  3.860000E-01 -3.351385E-04
  3.870000E-01 -1.128574E-03
  3.880000E-01 -1.963269E-03
  3.890000E-01 -2.820918E-03
  3.900000E-01 -3.682084E-03
  3.910000E-01 -4.526802E-03
  3.920000E-01 -5.335191E-03
  3.930000E-01 -6.088056E-03
  3.940000E-01 -6.767464E-03
  3.950000E-01 -7.357273E-03
  3.960000E-01 -7.843594E-03
  3.970000E-01 -8.215180E-03
  3.980000E-01 -8.463732E-03
  3.990000E-01 -8.584107E-03
  4.000000E-01 -8.574424E-03
  4.010000E-01 -8.436079E-03
  4.020000E-01 -8.173653E-03
  4.030000E-01 -7.794727E-03
  4.040000E-01 -7.309617E-03
  4.050000E-01 -6.731028E-03
  4.060000E-01 -6.073644E-03
  4.070000E-01 -5.353672E-03
  4.080000E-01 -4.588350E-03
  4.090000E-01 -3.795439E-03
  4.100000E-01 -2.992710E-03
  4.110000E-01 -2.197451E-03
  4.120000E-01 -1.425995E-03
  4.130000E-01 -6.933010E-04
  4.140000E-01 -1.258251E-05
  4.150000E-01  6.049951E-04
  4.160000E-01  1.150545E-03
  4.170000E-01  1.617612E-03
  4.180000E-01  2.002243E-03
  4.190000E-01  2.302984E-03
  4.200000E-01  2.520791E-03
  4.210000E-01  2.658873E-03
  4.220000E-01  2.722474E-03
  4.230000E-01  2.718596E-03
  4.240000E-01  2.655677E-03
  4.250000E-01  2.543237E-03
  4.260000E-01  2.391511E-03
  4.270000E-01  2.211065E-03
  4.280000E-01  2.012426E-03
  4.290000E-01  1.805726E-03
  4.300000E-01  1.600380E-03
  4.310000E-01  1.404799E-03
  4.320000E-01  1.226152E-03
  4.330000E-01  1.070188E-03
  4.340000E-01  9.411037E-04
  4.350000E-01  8.414874E-04
  4.360000E-01  7.723115E-04
  4.370000E-01  7.329901E-04
  4.380000E-01  7.214900E-04
  4.390000E-01  7.344905E-04
  4.400000E-01  7.675859E-04
  4.410000E-01  8.155207E-04
  4.420000E-01  8.724494E-04
  4.430000E-01  9.322095E-04
  4.440000E-01  9.885990E-04
  4.450000E-01  1.035646E-03
  4.460000E-01  1.067864E-03
  4.470000E-01  1.080479E-03
  4.480000E-01  1.069626E-03
  4.490000E-01  1.032507E-03
  4.500000E-01  9.674995E-04
  4.510000E-01  8.742197E-04
  4.520000E-01  7.535389E-04
  4.530000E-01  6.075460E-04
  4.540000E-01  4.394653E-04
  4.550000E-01  2.535299E-04
  4.560000E-01  5.481711E-05
  4.570000E-01 -1.509487E-04
  4.580000E-01 -3.576173E-04
  4.590000E-01 -5.588499E-04
  4.600000E-01 -7.483642E-04
  4.610000E-01 -9.201775E-04
  4.620000E-01 -1.068840E-03
  4.630000E-01 -1.189646E-03
  4.640000E-01 -1.278828E-03
  4.650000E-01 -1.333701E-03
  4.660000E-01 -1.352789E-03
  4.670000E-01 -1.335889E-03
  4.680000E-01 -1.284105E-03
  4.690000E-01 -1.199823E-03
  4.700000E-01 -1.086655E-03
  4.710000E-01 -9.493242E-04
  4.720000E-01 -7.935213E-04
  4.730000E-01 -6.257222E-04
  4.740000E-01 -4.529771E-04
  4.750000E-01 -2.826790E-04
  4.760000E-01 -1.223183E-04
  4.770000E-01  2.076823E-05
  4.780000E-01  1.396450E-04
  4.790000E-01  2.280146E-04
  4.800000E-01  2.804353E-04
  4.810000E-01  2.925127E-04
  4.820000E-01  2.610590E-04
  4.830000E-01  1.842141E-04
  4.840000E-01  6.152567E-05
  4.850000E-01 -1.060151E-04
  4.860000E-01 -3.159832E-04
  4.870000E-01 -5.645741E-04
  4.880000E-01 -8.467019E-04
  4.890000E-01 -1.156137E-03
  4.900000E-01 -1.485679E-03
  4.910000E-01 -1.827363E-03
  4.920000E-01 -2.172685E-03
  4.930000E-01 -2.512849E-03
  4.940000E-01 -2.839021E-03
  4.950000E-01 -3.142583E-03
  4.960000E-01 -3.415389E-03
  4.970000E-01 -3.649997E-03
  4.980000E-01 -3.839887E-03
  4.990000E-01 -3.979652E-03
  5.000000E-01 -4.065152E-03
  5.010000E-01 -4.093640E-03
  5.020000E-01 -4.063839E-03
  5.030000E-01 -3.975981E-03
  5.040000E-01 -3.831805E-03
  5.050000E-01 -3.634508E-03
  5.060000E-01 -3.388660E-03
  5.070000E-01 -3.100077E-03
  5.080000E-01 -2.775665E-03
  5.090000E-01 -2.423229E-03
  5.100000E-01 -2.051265E-03
  5.110000E-01 -1.668728E-03
  5.120000E-01 -1.284801E-03
  5.130000E-01 -9.086450E-04
  5.140000E-01 -5.491655E-04
  5.150000E-01 -2.147833E-04
  5.160000E-01  8.677839E-05
  5.170000E-01  3.486835E-04
  5.180000E-01  5.651470E-04
  5.190000E-01  7.315677E-04
  5.200000E-01  8.446268E-04
  5.210000E-01  9.023512E-04
  5.220000E-01  9.041393E-04
  5.230000E-01  8.507501E-04
  5.240000E-01  7.442566E-04
  5.250000E-01  5.879658E-04
  5.260000E-01  3.863071E-04
  5.270000E-01  1.446950E-04
  5.280000E-01 -1.306318E-04
  5.290000E-01 -4.327878E-04
  5.300000E-01 -7.544314E-04
  5.310000E-01 -1.087961E-03
  5.320000E-01 -1.425714E-03
  5.330000E-01 -1.760157E-03
  5.340000E-01 -2.084077E-03
  5.350000E-01 -2.390743E-03
  5.360000E-01 -2.674062E-03
  5.370000E-01 -2.928710E-03
  5.380000E-01 -3.150232E-03
  5.390000E-01 -3.335125E-03
  5.400000E-01 -3.480888E-03
  5.410000E-01 -3.586041E-03
  5.420000E-01 -3.650122E-03
  5.430000E-01 -3.673656E-03
  5.440000E-01 -3.658097E-03
  5.450000E-01 -3.605749E-03
  5.460000E-01 -3.519669E-03
  5.470000E-01 -3.403559E-03
  5.480000E-01 -3.261632E-03
  5.490000E-01 -3.098489E-03
  5.500000E-01 -2.918976E-03
  5.510000E-01 -2.728053E-03
  5.520000E-01 -2.530657E-03
  5.530000E-01 -2.331575E-03
  5.540000E-01 -2.135332E-03
  5.550000E-01 -1.946083E-03
  5.560000E-01 -1.767525E-03
  5.570000E-01 -1.602820E-03
  5.580000E-01 -1.454547E-03
  5.590000E-01 -1.324653E-03
  5.600000E-01 -1.214445E-03
  5.610000E-01 -1.124576E-03
  5.620000E-01 -1.055072E-03
  5.630000E-01 -1.005356E-03
  5.640000E-01 -9.742954E-04
  5.650000E-01 -9.602651E-04
  5.660000E-01 -9.612139E-04
  5.670000E-01 -9.747438E-04
  5.680000E-01 -9.981953E-04
  5.690000E-01 -1.028735E-03
  5.700000E-01 -1.063445E-03
  5.710000E-01 -1.099413E-03
  5.720000E-01 -1.133815E-03
  5.730000E-01 -1.163994E-03
  5.740000E-01 -1.187537E-03
  5.750000E-01 -1.202333E-03
  5.760000E-01 -1.206629E-03
  5.770000E-01 -1.199070E-03
  5.780000E-01 -1.178731E-03
  5.790000E-01 -1.145135E-03
  5.800000E-01 -1.098256E-03
  5.810000E-01 -1.038513E-03
  5.820000E-01 -9.667555E-04
  5.830000E-01 -8.842308E-04
  5.840000E-01 -7.925473E-04
  5.850000E-01 -6.936280E-04
  5.860000E-01 -5.896560E-04
  5.870000E-01 -4.830152E-04
  5.880000E-01 -3.762267E-04
  5.890000E-01 -2.718822E-04
  5.900000E-01 -1.725770E-04
  5.910000E-01 -8.084224E-05
  5.920000E-01  9.194370E-07
  5.930000E-01  7.049636E-05
  5.940000E-01  1.259252E-04
  5.950000E-01  1.655431E-04
  5.960000E-01  1.880329E-04
  5.970000E-01  1.924614E-04
  5.980000E-01  1.783090E-04
  5.990000E-01  1.454910E-04
  6.000000E-01  9.436904E-05
  6.010000E-01  2.575332E-05
  6.020000E-01 -5.910544E-05
  6.030000E-01 -1.585339E-04
  6.040000E-01 -2.704637E-04
  6.050000E-01 -3.924692E-04
  6.060000E-01 -5.218132E-04
  6.070000E-01 -6.555023E-04
  6.080000E-01 -7.903482E-04
  6.090000E-01 -9.230363E-04
  6.100000E-01 -1.050198E-03
  6.110000E-01 -1.168488E-03
  6.120000E-01 -1.274660E-03
  6.130000E-01 -1.365646E-03
  6.140000E-01 -1.438631E-03
  6.150000E-01 -1.491123E-03
  6.160000E-01 -1.521020E-03
  6.170000E-01 -1.526671E-03
  6.180000E-01 -1.506916E-03
  6.190000E-01 -1.461134E-03
  6.200000E-01 -1.389265E-03
  6.210000E-01 -1.291821E-03
  6.220000E-01 -1.169892E-03
  6.230000E-01 -1.025127E-03
  6.240000E-01 -8.597085E-04
  6.250000E-01 -6.763113E-04
  6.260000E-01 -4.780482E-04
  6.270000E-01 -2.684034E-04
  6.280000E-01 -5.115688E-05
  6.290000E-01  1.697012E-04
  6.300000E-01  3.900626E-04
  6.310000E-01  6.057979E-04
  6.320000E-01  8.128553E-04
  6.330000E-01  1.007360E-03
  6.340000E-01  1.185710E-03
  6.350000E-01  1.344667E-03
  6.360000E-01  1.481441E-03
  6.370000E-01  1.593762E-03
  6.380000E-01  1.679941E-03
  6.390000E-01  1.738918E-03
  6.400000E-01  1.770292E-03
  6.410000E-01  1.774338E-03
  6.420000E-01  1.752001E-03
  6.430000E-01  1.704875E-03
  6.440000E-01  1.635169E-03
  6.450000E-01  1.545648E-03
  6.460000E-01  1.439562E-03
  6.470000E-01  1.320562E-03
  6.480000E-01  1.192600E-03
  6.490000E-01  1.059825E-03
  6.500000E-01  9.264676E-04
  6.510000E-01  7.967198E-04
  6.520000E-01  6.746190E-04
  6.530000E-01  5.639307E-04
  6.540000E-01  4.680385E-04
  6.550000E-01  3.898438E-04
  6.560000E-01  3.316769E-04
  6.570000E-01  2.952234E-04
  6.580000E-01  2.814682E-04
  6.590000E-01  2.906588E-04
  6.600000E-01  3.222884E-04
  6.610000E-01  3.751016E-04
  6.620000E-01  4.471208E-04
  6.630000E-01  5.356946E-04
  6.640000E-01  6.375654E-04
  6.650000E-01  7.489564E-04
  6.660000E-01  8.656738E-04
  6.670000E-01  9.832237E-04
  6.680000E-01  1.096938E-03
  6.690000E-01  1.202109E-03
  6.700000E-01  1.294123E-03
  6.710000E-01  1.368599E-03
  6.720000E-01  1.421521E-03
  6.730000E-01  1.449356E-03
  6.740000E-01  1.449168E-03
  6.750000E-01  1.418716E-03
  6.760000E-01  1.356526E-03
  6.770000E-01  1.261956E-03
  6.780000E-01  1.135222E-03
  6.790000E-01  9.774175E-04
  6.800000E-01  7.904984E-04
  6.810000E-01  5.772458E-04
  6.820000E-01  3.412085E-04
  6.830000E-01  8.662173E-05
  6.840000E-01 -1.816930E-04
  6.850000E-01 -4.584448E-04
  6.860000E-01 -7.380048E-04
  6.870000E-01 -1.014547E-03
  6.880000E-01 -1.282197E-03
  6.890000E-01 -1.535183E-03
  6.900000E-01 -1.767981E-03
  6.910000E-01 -1.975465E-03
  6.920000E-01 -2.153036E-03
  6.930000E-01 -2.296747E-03
  6.940000E-01 -2.403404E-03
  6.950000E-01 -2.470655E-03
  6.960000E-01 -2.497053E-03
  6.970000E-01 -2.482098E-03
  6.980000E-01 -2.426253E-03
  6.990000E-01 -2.330937E-03
  7.000000E-01 -2.198492E-03
  7.010000E-01 -2.032129E-03
  7.020000E-01 -1.835847E-03
  7.030000E-01 -1.614338E-03
  7.040000E-01 -1.372871E-03
  7.050000E-01 -1.117161E-03
  7.060000E-01 -8.532307E-04
  7.070000E-01 -5.872600E-04
  7.080000E-01 -3.254377E-04
  7.090000E-01 -7.380949E-05
  7.100000E-01  1.618670E-04
  7.110000E-01  3.762603E-04
  7.120000E-01  5.645900E-04
  7.130000E-01  7.227378E-04
  7.140000E-01  8.473398E-04
  7.150000E-01  9.358595E-04
  7.160000E-01  9.866391E-04
  7.170000E-01  9.989276E-04
  7.180000E-01  9.728870E-04
  7.190000E-01  9.095745E-04
  7.200000E-01  8.109043E-04
  7.210000E-01  6.795871E-04
  7.220000E-01  5.190532E-04
  7.230000E-01  3.333577E-04
  7.240000E-01  1.270732E-04
  7.250000E-01 -9.482772E-05
  7.260000E-01 -3.270978E-04
  7.270000E-01 -5.643435E-04
  7.280000E-01 -8.011539E-04
  7.290000E-01 -1.032227E-03
  7.300000E-01 -1.252491E-03
  7.310000E-01 -1.457213E-03
  7.320000E-01 -1.642105E-03
  7.330000E-01 -1.803405E-03
  7.340000E-01 -1.937954E-03
  7.350000E-01 -2.043249E-03
  7.360000E-01 -2.117485E-03
  7.370000E-01 -2.159574E-03
  7.380000E-01 -2.169151E-03
  7.390000E-01 -2.146559E-03
  7.400000E-01 -2.092824E-03
  7.410000E-01 -2.009610E-03
  7.420000E-01 -1.899163E-03
  7.430000E-01 -1.764243E-03
  7.440000E-01 -1.608050E-03
  7.450000E-01 -1.434136E-03
  7.460000E-01 -1.246322E-03
  7.470000E-01 -1.048603E-03
  7.480000E-01 -8.450587E-04
  7.490000E-01 -6.397621E-04
  7.500000E-01 -4.366961E-04
  7.510000E-01 -2.396714E-04
  7.520000E-01 -5.225368E-05
  7.530000E-01  1.223016E-04
  7.540000E-01  2.811047E-04
  7.550000E-01  4.216769E-04
  7.560000E-01  5.419857E-04
  7.570000E-01  6.404685E-04
  7.580000E-01  7.160459E-04
  7.590000E-01  7.681247E-04
  7.600000E-01  7.965904E-04
  7.610000E-01  8.017914E-04
  7.620000E-01  7.845144E-04
  7.630000E-01  7.459525E-04
  7.640000E-01  6.876679E-04
  7.650000E-01  6.115489E-04
  7.660000E-01  5.197641E-04
  7.670000E-01  4.147134E-04
  7.680000E-01  2.989776E-04
  7.690000E-01  1.752683E-04
  7.700000E-01  4.637714E-05
  7.710000E-01 -8.487344E-05
  7.720000E-01 -2.156775E-04
  7.730000E-01 -3.432911E-04
  7.740000E-01 -4.650756E-04
  7.750000E-01 -5.785373E-04
  7.760000E-01 -6.813654E-04
  7.770000E-01 -7.714652E-04
  7.780000E-01 -8.469895E-04
  7.790000E-01 -9.063654E-04
  7.800000E-01 -9.483180E-04
  7.810000E-01 -9.718896E-04
  7.820000E-01 -9.764558E-04
  7.830000E-01 -9.617366E-04
  7.840000E-01 -9.278032E-04
  7.850000E-01 -8.750799E-04
  7.860000E-01 -8.043416E-04
  7.870000E-01 -7.167057E-04
  7.880000E-01 -6.136188E-04
  7.890000E-01 -4.968378E-04
  7.900000E-01 -3.684062E-04
  7.910000E-01 -2.306240E-04
  7.920000E-01 -8.601354E-05
  7.930000E-01  6.272083E-05
  7.940000E-01  2.127366E-04
  7.950000E-01  3.611017E-04
  7.960000E-01  5.048457E-04
  7.970000E-01  6.410146E-04
  7.980000E-01  7.667260E-04
  7.990000E-01  8.792260E-04
  8.000000E-01  9.759454E-04
  8.010000E-01  1.054554E-03
  8.020000E-01  1.113012E-03
  8.030000E-01  1.149620E-03
  8.040000E-01  1.163059E-03
  8.050000E-01  1.152430E-03
  8.060000E-01  1.117282E-03
  8.070000E-01  1.057635E-03
  8.080000E-01  9.739929E-04
  8.090000E-01  8.673439E-04
  8.100000E-01  7.391572E-04
  8.110000E-01  5.913643E-04
  8.120000E-01  4.263321E-04
  8.130000E-01  2.468251E-04
  8.140000E-01  5.595882E-05
  8.150000E-01 -1.428566E-04
  8.160000E-01 -3.459804E-04
  8.170000E-01 -5.496125E-04
  8.180000E-01 -7.498700E-04
  8.190000E-01 -9.428684E-04
  8.200000E-01 -1.124804E-03
  8.210000E-01 -1.292039E-03
  8.220000E-01 -1.441181E-03
  8.230000E-01 -1.569167E-03
  8.240000E-01 -1.673333E-03
  8.250000E-01 -1.751480E-03
  8.260000E-01 -1.801937E-03
  8.270000E-01 -1.823602E-03
  8.280000E-01 -1.815981E-03
  8.290000E-01 -1.779208E-03
  8.300000E-01 -1.714051E-03
  8.310000E-01 -1.621905E-03
  8.320000E-01 -1.504770E-03
  8.330000E-01 -1.365214E-03
  8.340000E-01 -1.206318E-03
  8.350000E-01 -1.031615E-03
  8.360000E-01 -8.450092E-04
  8.370000E-01 -6.506938E-04
  8.380000E-01 -4.530530E-04
  8.390000E-01 -2.565630E-04
  8.400000E-01 -6.568824E-05
  8.410000E-01  1.152230E-04
  8.420000E-01  2.820409E-04
  8.430000E-01  4.309520E-04
  8.440000E-01  5.585502E-04
  8.450000E-01  6.619179E-04
  8.460000E-01  7.386970E-04
  8.470000E-01  7.871452E-04
  8.480000E-01  8.061786E-04
  8.490000E-01  7.953985E-04
  8.500000E-01  7.551015E-04
  8.510000E-01  6.862728E-04
  8.520000E-01  5.905631E-04
  8.530000E-01  4.702493E-04
  8.540000E-01  3.281800E-04
  8.550000E-01  1.677070E-04
  8.560000E-01 -7.395720E-06
  8.570000E-01 -1.930226E-04
  8.580000E-01 -3.848360E-04
  8.590000E-01 -5.783705E-04
  8.600000E-01 -7.691409E-04
  8.610000E-01 -9.527498E-04
  8.620000E-01 -1.124993E-03
  8.630000E-01 -1.281960E-03
  8.640000E-01 -1.420126E-03
  8.650000E-01 -1.536435E-03
  8.660000E-01 -1.628370E-03
  8.670000E-01 -1.694011E-03
  8.680000E-01 -1.732072E-03
  8.690000E-01 -1.741936E-03
  8.700000E-01 -1.723653E-03
  8.710000E-01 -1.677941E-03
  8.720000E-01 -1.606159E-03
  8.730000E-01 -1.510267E-03
  8.740000E-01 -1.392774E-03
  8.750000E-01 -1.256673E-03
  8.760000E-01 -1.105359E-03
  8.770000E-01 -9.425481E-04
  8.780000E-01 -7.721808E-04
  8.790000E-01 -5.983255E-04
  8.800000E-01 -4.250795E-04
  8.810000E-01 -2.564700E-04
  8.820000E-01 -9.635899E-05
  8.830000E-01  5.164759E-05
  8.840000E-01  1.842817E-04
  8.850000E-01  2.986865E-04
  8.860000E-01  3.924778E-04
  8.870000E-01  4.637931E-04
  8.880000E-01  5.113271E-04
  8.890000E-01  5.343532E-04
  8.900000E-01  5.327299E-04
  8.910000E-01  5.068938E-04
  8.920000E-01  4.578380E-04
  8.930000E-01  3.870783E-04
  8.940000E-01  2.966069E-04
  8.950000E-01  1.888360E-04
  8.960000E-01  6.653296E-05
  8.970000E-01 -6.725260E-05
  8.980000E-01 -2.092657E-04
  8.990000E-01 -3.561266E-04
  9.000000E-01 -5.044125E-04
  9.010000E-01 -6.507379E-04
  9.020000E-01 -7.918327E-04
  9.030000E-01 -9.246150E-04
  9.040000E-01 -1.046258E-03
  9.050000E-01 -1.154250E-03
  9.060000E-01 -1.246441E-03
  9.070000E-01 -1.321087E-03
  9.080000E-01 -1.376878E-03
  9.090000E-01 -1.412951E-03
  9.100000E-01 -1.428905E-03
  9.110000E-01 -1.424792E-03
  9.120000E-01 -1.401100E-03
  9.130000E-01 -1.358732E-03
  9.140000E-01 -1.298972E-03
  9.150000E-01 -1.223437E-03
  9.160000E-01 -1.134035E-03
  9.170000E-01 -1.032907E-03
  9.180000E-01 -9.223717E-04
  9.190000E-01 -8.048613E-04
  9.200000E-01 -6.828643E-04
  9.210000E-01 -5.588643E-04
  9.220000E-01 -4.352823E-04
  9.230000E-01 -3.144234E-04
  9.240000E-01 -1.984279E-04
  9.250000E-01 -8.922864E-05
  9.260000E-01  1.148473E-05
  9.270000E-01  1.022939E-04
  9.280000E-01  1.820721E-04
  9.290000E-01  2.499966E-04
  9.300000E-01  3.055526E-04
  9.310000E-01  3.485295E-04
  9.320000E-01  3.790105E-04
  9.330000E-01  3.973548E-04
  9.340000E-01  4.041744E-04
  9.350000E-01  4.003058E-04
  9.360000E-01  3.867783E-04
  9.370000E-01  3.647786E-04
  9.380000E-01  3.356139E-04
  9.390000E-01  3.006742E-04
  9.400000E-01  2.613948E-04
  9.410000E-01  2.192193E-04
  9.420000E-01  1.755652E-04
  9.430000E-01  1.317915E-04
  9.440000E-01  8.917001E-05
  9.450000E-01  4.885961E-05
  9.460000E-01  1.188565E-05
  9.470000E-01 -2.087713E-05
  9.480000E-01 -4.871682E-05
  9.490000E-01 -7.109215E-05
  9.500000E-01 -8.763591E-05
  9.510000E-01 -9.815417E-05
  9.520000E-01 -1.026216E-04
  9.530000E-01 -1.011734E-04
  9.540000E-01 -9.409377E-05
  9.550000E-01 -8.180195E-05
  9.560000E-01 -6.483614E-05
  9.570000E-01 -4.383542E-05
  9.580000E-01 -1.952046E-05
  9.590000E-01  7.326476E-06
  9.600000E-01  3.588200E-05
  9.610000E-01  6.530200E-05
  9.620000E-01  9.474156E-05
  9.630000E-01  1.233741E-04
  9.640000E-01  1.504093E-04
  9.650000E-01  1.751095E-04
  9.660000E-01  1.968045E-04
  9.670000E-01  2.149043E-04
  9.680000E-01  2.289095E-04
  9.690000E-01  2.384193E-04
  9.700000E-01  2.431382E-04
  9.710000E-01  2.428786E-04
  9.720000E-01  2.375625E-04
  9.730000E-01  2.272207E-04
  9.740000E-01  2.119895E-04
  9.750000E-01  1.921062E-04
  9.760000E-01  1.679028E-04
  9.770000E-01  1.397985E-04
  9.780000E-01  1.082906E-04
  9.790000E-01  7.394540E-05
  9.800000E-01  3.738754E-05
  9.810000E-01 -7.105084E-07
  9.820000E-01 -3.963976E-05
  9.830000E-01 -7.866612E-05
  9.840000E-01 -1.170421E-04
  9.850000E-01 -1.540188E-04
  9.860000E-01 -1.888576E-04
  9.870000E-01 -2.208425E-04
  9.880000E-01 -2.492921E-04
  9.890000E-01 -2.735716E-04
  9.900000E-01 -2.931045E-04
  9.910000E-01 -3.073841E-04
  9.920000E-01 -3.159840E-04
  9.930000E-01 -3.185689E-04
  9.940000E-01 -3.149027E-04
  9.950000E-01 -3.048567E-04
  9.960000E-01 -2.884155E-04
  9.970000E-01 -2.656817E-04
  9.980000E-01 -2.368778E-04
  9.990000E-01 -2.023466E-04
  1.000000E+00 -1.625493E-04
  1.001000E+00 -1.180608E-04
  1.002000E+00 -6.956364E-05
  1.003000E+00 -1.783821E-05
  1.004000E+00  3.624797E-05
  1.005000E+00  9.175383E-05
  1.006000E+00  1.476801E-04
  1.007000E+00  2.029865E-04
  1.008000E+00  2.566102E-04
  1.009000E+00  3.074858E-04
  1.010000E+00  3.545662E-04
  1.011000E+00  3.968438E-04
  1.012000E+00  4.333722E-04
  1.013000E+00  4.632871E-04
  1.014000E+00  4.858277E-04
  1.015000E+00  5.003557E-04
  1.016000E+00  5.063735E-04
  1.017000E+00  5.035407E-04
  1.018000E+00  4.916869E-04
  1.019000E+00  4.708230E-04
  1.020000E+00  4.411483E-04
  1.021000E+00  4.030537E-04
  1.022000E+00  3.571214E-04
  1.023000E+00  3.041201E-04
  1.024000E+00  2.449952E-04
  1.025000E+00  1.808552E-04
  1.026000E+00  1.129530E-04
  1.027000E+00  4.266313E-05
  1.028000E+00 -2.854503E-05
  1.029000E+00 -9.913756E-05
  1.030000E+00 -1.675494E-04
  1.031000E+00 -2.322197E-04
  1.032000E+00 -2.916289E-04
  1.033000E+00 -3.443362E-04
  1.034000E+00 -3.890164E-04
  1.035000E+00 -4.244953E-04
  1.036000E+00 -4.497831E-04
  1.037000E+00 -4.641037E-04
  1.038000E+00 -4.669205E-04
  1.039000E+00 -4.579566E-04
  1.040000E+00 -4.372091E-04
  1.041000E+00 -4.049579E-04
  1.042000E+00 -3.617671E-04
  1.043000E+00 -3.084798E-04
  1.044000E+00 -2.462066E-04
  1.045000E+00 -1.763059E-04
  1.046000E+00 -1.003599E-04
  1.047000E+00 -2.014256E-05
  1.048000E+00  6.241600E-05
  1.049000E+00  1.452710E-04
  1.050000E+00  2.263074E-04
  1.051000E+00  3.033876E-04
  1.052000E+00  3.744003E-04
  1.053000E+00  4.373106E-04
  1.054000E+00  4.902093E-04
  1.055000E+00  5.313603E-04
  1.056000E+00  5.592457E-04
  1.057000E+00  5.726067E-04
  1.058000E+00  5.704790E-04
  1.059000E+00  5.522232E-04
  1.060000E+00  5.175469E-04
  1.061000E+00  4.665211E-04
  1.062000E+00  3.995863E-04
  1.063000E+00  3.175520E-04
  1.064000E+00  2.215862E-04
  1.065000E+00  1.131969E-04
  1.066000E+00 -5.795270E-06
  1.067000E+00 -1.332918E-04
  1.068000E+00 -2.669594E-04
  1.069000E+00 -4.042785E-04
  1.070000E+00 -5.425985E-04
  1.071000E+00 -6.791957E-04
  1.072000E+00 -8.113359E-04
  1.073000E+00 -9.363366E-04
  1.074000E+00 -1.051630E-03
  1.075000E+00 -1.154826E-03
  1.076000E+00 -1.243765E-03
  1.077000E+00 -1.316576E-03
  1.078000E+00 -1.371719E-03
  1.079000E+00 -1.408026E-03
  1.080000E+00 -1.424729E-03
  1.081000E+00 -1.421483E-03
  1.082000E+00 -1.398373E-03
  1.083000E+00 -1.355917E-03
  1.084000E+00 -1.295054E-03
  1.085000E+00 -1.217122E-03
  1.086000E+00 -1.123831E-03
  1.087000E+00 -1.017221E-03
  1.088000E+00 -8.996141E-04
  1.089000E+00 -7.735601E-04
  1.090000E+00 -6.417778E-04
  1.091000E+00 -5.070899E-04
  1.092000E+00 -3.723571E-04
  1.093000E+00 -2.404108E-04
  1.094000E+00 -1.139872E-04
  1.095000E+00  4.336039E-06
  1.096000E+00  1.121989E-04
  1.097000E+00  2.075123E-04
  1.098000E+00  2.885048E-04
  1.099000E+00  3.537608E-04
  1.100000E+00  4.022497E-04
  1.101000E+00  4.333462E-04
  1.102000E+00  4.468394E-04
  1.103000E+00  4.429326E-04
  1.104000E+00  4.222327E-04
  1.105000E+00  3.857293E-04
  1.106000E+00  3.347649E-04
  1.107000E+00  2.709967E-04
  1.108000E+00  1.963508E-04
  1.109000E+00  1.129696E-04
  1.110000E+00  2.315518E-05
  1.111000E+00 -7.069096E-05
  1.112000E+00 -1.661305E-04
  1.113000E+00 -2.607502E-04
  1.114000E+00 -3.522229E-04
  1.115000E+00 -4.383651E-04
  1.116000E+00 -5.171897E-04
  1.117000E+00 -5.869534E-04
  1.118000E+00 -6.461964E-04
  1.119000E+00 -6.937740E-04
  1.120000E+00 -7.288797E-04
  1.121000E+00 -7.510583E-04
  1.122000E+00 -7.602101E-04
  1.123000E+00 -7.565848E-04
  1.124000E+00 -7.407667E-04
  1.125000E+00 -7.136505E-04
  1.126000E+00 -6.764100E-04
  1.127000E+00 -6.304590E-04
  1.128000E+00 -5.774067E-04
  1.129000E+00 -5.190090E-04
  1.130000E+00 -4.571160E-04
  1.131000E+00 -3.936190E-04
  1.132000E+00 -3.303960E-04
  1.133000E+00 -2.692603E-04
  1.134000E+00 -2.119108E-04
  1.135000E+00 -1.598872E-04
  1.136000E+00 -1.145305E-04
  1.137000E+00 -7.695020E-05
  1.138000E+00 -4.799882E-05
  1.139000E+00 -2.825475E-05
  1.140000E+00 -1.801333E-05
  1.141000E+00 -1.728655E-05
  1.142000E+00 -2.581124E-05
  1.143000E+00 -4.306507E-05
  1.144000E+00 -6.828991E-05
  1.145000E+00 -1.005215E-04
  1.146000E+00 -1.386246E-04
  1.147000E+00 -1.813317E-04
  1.148000E+00 -2.272852E-04
  1.149000E+00 -2.750807E-04
  1.150000E+00 -3.233096E-04
  1.151000E+00 -3.706022E-04
  1.152000E+00 -4.156659E-04
  1.153000E+00 -4.573219E-04
  1.154000E+00 -4.945357E-04
  1.155000E+00 -5.264433E-04
  1.156000E+00 -5.523706E-04
  1.157000E+00 -5.718465E-04
  1.158000E+00 -5.846097E-04
  1.159000E+00 -5.906087E-04
  1.160000E+00 -5.899949E-04
  1.161000E+00 -5.831102E-04
  1.162000E+00 -5.704687E-04
  1.163000E+00 -5.527337E-04
  1.164000E+00 -5.306906E-04
  1.165000E+00 -5.052168E-04
  1.166000E+00 -4.772494E-04
  1.167000E+00 -4.477518E-04
  1.168000E+00 -4.176805E-04
  1.169000E+00 -3.879529E-04
  1.170000E+00 -3.594168E-04
  1.171000E+00 -3.328233E-04
  1.172000E+00 -3.088030E-04
  1.173000E+00 -2.878469E-04
  1.174000E+00 -2.702922E-04
  1.175000E+00 -2.563137E-04
  1.176000E+00 -2.459203E-04
  1.177000E+00 -2.389580E-04
  1.178000E+00 -2.351172E-04
  1.179000E+00 -2.339469E-04
  1.180000E+00 -2.348719E-04
  1.181000E+00 -2.372158E-04
  1.182000E+00 -2.402264E-04
  1.183000E+00 -2.431039E-04
  1.184000E+00 -2.450310E-04
  1.185000E+00 -2.452033E-04
  1.186000E+00 -2.428596E-04
  1.187000E+00 -2.373099E-04
  1.188000E+00 -2.279621E-04
  1.189000E+00 -2.143444E-04
  1.190000E+00 -1.961246E-04
  1.191000E+00 -1.731234E-04
  1.192000E+00 -1.453241E-04
  1.193000E+00 -1.128763E-04
  1.194000E+00 -7.609379E-05
  1.195000E+00 -3.544787E-05
  1.196000E+00  8.444609E-06
  1.197000E+00  5.483794E-05
  1.198000E+00  1.028781E-04
  1.199000E+00  1.516264E-04
  1.200000E+00  2.000863E-04
  1.201000E+00  2.472313E-04
  1.202000E+00  2.920336E-04
  1.203000E+00  3.334936E-04
  1.204000E+00  3.706681E-04
  1.205000E+00  4.026963E-04
  1.206000E+00  4.288251E-04
  1.207000E+00  4.484300E-04
  1.208000E+00  4.610331E-04
  1.209000E+00  4.663177E-04
  1.210000E+00  4.641378E-04
  1.211000E+00  4.545233E-04
  1.212000E+00  4.376806E-04
  1.213000E+00  4.139887E-04
  1.214000E+00  3.839900E-04
  1.215000E+00  3.483776E-04
  1.216000E+00  3.079783E-04
  1.217000E+00  2.637317E-04
  1.218000E+00  2.166678E-04
  1.219000E+00  1.678810E-04
  1.220000E+00  1.185034E-04
  1.221000E+00  6.967722E-05
  1.222000E+00  2.252771E-05
  1.223000E+00 -2.186393E-05
  1.224000E+00 -6.248543E-05
  1.225000E+00 -9.841633E-05
  1.226000E+00 -1.288480E-04
  1.227000E+00 -1.531006E-04
  1.228000E+00 -1.706358E-04
  1.229000E+00 -1.810663E-04
  1.230000E+00 -1.841609E-04
  1.231000E+00 -1.798458E-04
  1.232000E+00 -1.682018E-04
  1.233000E+00 -1.494582E-04
  1.234000E+00 -1.239839E-04
  1.235000E+00 -9.227466E-05
  1.236000E+00 -5.493892E-05
  1.237000E+00 -1.268171E-05
  1.238000E+00  3.371304E-05
  1.239000E+00  8.340072E-05
  1.240000E+00  1.354946E-04
  1.241000E+00  1.890843E-04
  1.242000E+00  2.432533E-04
  1.243000E+00  2.970960E-04
  1.244000E+00  3.497329E-04
  1.245000E+00  4.003250E-04
  1.246000E+00  4.480856E-04
  1.247000E+00  4.922915E-04
  1.248000E+00  5.322912E-04
  1.249000E+00  5.675123E-04
  1.250000E+00  5.974660E-04
  1.251000E+00  6.217510E-04
  1.252000E+00  6.400545E-04
  1.253000E+00  6.521524E-04
  1.254000E+00  6.579076E-04
  1.255000E+00  6.572676E-04
  1.256000E+00  6.502599E-04
  1.257000E+00  6.369879E-04
  1.258000E+00  6.176251E-04
  1.259000E+00  5.924098E-04
  1.260000E+00  5.616390E-04
  1.261000E+00  5.256628E-04
  1.262000E+00  4.848790E-04
  1.263000E+00  4.397279E-04
  1.264000E+00  3.906880E-04
  1.265000E+00  3.382717E-04
  1.266000E+00  2.830220E-04
  1.267000E+00  2.255093E-04
  1.268000E+00  1.663286E-04
  1.269000E+00  1.060968E-04
  1.270000E+00  4.544975E-05
  1.271000E+00 -1.496027E-05
  1.272000E+00 -7.446842E-05
  1.273000E+00 -1.324011E-04
  1.274000E+00 -1.880810E-04
  1.275000E+00 -2.408326E-04
  1.276000E+00 -2.899894E-04
  1.277000E+00 -3.349016E-04
  1.278000E+00 -3.749451E-04
  1.279000E+00 -4.095320E-04
  1.280000E+00 -4.381209E-04
  1.281000E+00 -4.602292E-04
  1.282000E+00 -4.754446E-04
  1.283000E+00 -4.834373E-04
  1.284000E+00 -4.839722E-04
  1.285000E+00 -4.769193E-04
  1.286000E+00 -4.622643E-04
  1.287000E+00 -4.401164E-04
  1.288000E+00 -4.107145E-04
  1.289000E+00 -3.744312E-04
  1.290000E+00 -3.317735E-04
  1.291000E+00 -2.833802E-04
  1.292000E+00 -2.300169E-04
  1.293000E+00 -1.725659E-04
  1.294000E+00 -1.120143E-04
  1.295000E+00 -4.943759E-05
  1.296000E+00  1.401954E-05
  1.297000E+00  7.716469E-05
  1.298000E+00  1.387820E-04
  1.299000E+00  1.976577E-04
  1.300000E+00  2.526068E-04
  1.301000E+00  3.025001E-04
  1.302000E+00  3.462908E-04
  1.303000E+00  3.830397E-04
  1.304000E+00  4.119392E-04
  1.305000E+00  4.323339E-04
  1.306000E+00  4.437393E-04
  1.307000E+00  4.458556E-04
  1.308000E+00  4.385781E-04
  1.309000E+00  4.220035E-04
  1.310000E+00  3.964304E-04
  1.311000E+00  3.623563E-04
  1.312000E+00  3.204685E-04
  1.313000E+00  2.716314E-04
  1.314000E+00  2.168686E-04
  1.315000E+00  1.573408E-04
  1.316000E+00  9.432094E-05
  1.317000E+00  2.916516E-05
  1.318000E+00 -3.671814E-05
  1.319000E+00 -1.019010E-04
  1.320000E+00 -1.649697E-04
  1.321000E+00 -2.245583E-04
  1.322000E+00 -2.793817E-04
  1.323000E+00 -3.282672E-04
  1.324000E+00 -3.701832E-04
  1.325000E+00 -4.042651E-04
  1.326000E+00 -4.298367E-04
  1.327000E+00 -4.464277E-04
  1.328000E+00 -4.537857E-04
  1.329000E+00 -4.518829E-04
  1.330000E+00 -4.409174E-04
  1.331000E+00 -4.213084E-04
  1.332000E+00 -3.936866E-04
  1.333000E+00 -3.588787E-04
  1.334000E+00 -3.178869E-04
  1.335000E+00 -2.718645E-04
  1.336000E+00 -2.220871E-04
  1.337000E+00 -1.699209E-04
  1.338000E+00 -1.167882E-04
  1.339000E+00 -6.413204E-05
  1.340000E+00 -1.337897E-05
  1.341000E+00  3.409674E-05
  1.342000E+00  7.700852E-05
  1.343000E+00  1.141906E-04
  1.344000E+00  1.446282E-04
  1.345000E+00  1.674842E-04
  1.346000E+00  1.821209E-04
  1.347000E+00  1.881177E-04
  1.348000E+00  1.852822E-04
  1.349000E+00  1.736564E-04
  1.350000E+00  1.535161E-04
  1.351000E+00  1.253648E-04
  1.352000E+00  8.992101E-05
  1.353000E+00  4.810004E-05
  1.354000E+00  9.903299E-07
  1.355000E+00 -5.017517E-05
  1.356000E+00 -1.040516E-04
  1.357000E+00 -1.592184E-04
  1.358000E+00 -2.142173E-04
  1.359000E+00 -2.675925E-04
  1.360000E+00 -3.179299E-04
  1.361000E+00 -3.638968E-04
  1.362000E+00 -4.042780E-04
  1.363000E+00 -4.380102E-04
  1.364000E+00 -4.642117E-04
  1.365000E+00 -4.822067E-04
  1.366000E+00 -4.915450E-04
  1.367000E+00 -4.920151E-04
  1.368000E+00 -4.836501E-04
  1.369000E+00 -4.667281E-04
  1.370000E+00 -4.417647E-04
  1.371000E+00 -4.095000E-04
  1.372000E+00 -3.708786E-04
  1.373000E+00 -3.270245E-04
  1.374000E+00 -2.792111E-04
  1.375000E+00 -2.288267E-04
  1.376000E+00 -1.773374E-04
  1.377000E+00 -1.262475E-04
  1.378000E+00 -7.705867E-05
  1.379000E+00 -3.122996E-05
  1.380000E+00  9.862137E-06
  1.381000E+00  4.496062E-05
  1.382000E+00  7.296206E-05
  1.383000E+00  9.294651E-05
  1.384000E+00  1.042025E-04
  1.385000E+00  1.062468E-04
  1.386000E+00  9.883755E-05
  1.387000E+00  8.198178E-05
  1.388000E+00  5.593595E-05
  1.389000E+00  2.120007E-05
  1.390000E+00 -2.149459E-05
  1.391000E+00 -7.120384E-05
  1.392000E+00 -1.267945E-04
  1.393000E+00 -1.869732E-04
  1.394000E+00 -2.503196E-04
  1.395000E+00 -3.153227E-04
  1.396000E+00 -3.804193E-04
  1.397000E+00 -4.440345E-04
  1.398000E+00 -5.046217E-04
  1.399000E+00 -5.607026E-04
  1.400000E+00 -6.109044E-04
  1.401000E+00 -6.539956E-04
  1.402000E+00 -6.889169E-04
  1.403000E+00 -7.148082E-04
  1.404000E+00 -7.310304E-04
  1.405000E+00 -7.371814E-04
  1.406000E+00 -7.331057E-04
  1.407000E+00 -7.188985E-04
  1.408000E+00 -6.949023E-04
  1.409000E+00 -6.616982E-04
  1.410000E+00 -6.200909E-04
  1.411000E+00 -5.710876E-04
  1.412000E+00 -5.158729E-04
  1.413000E+00 -4.557784E-04
  1.414000E+00 -3.922495E-04
  1.415000E+00 -3.268088E-04
  1.416000E+00 -2.610182E-04
  1.417000E+00 -1.964402E-04
  1.418000E+00 -1.345993E-04
  1.419000E+00 -7.694406E-05
  1.420000E+00 -2.481281E-05
  1.421000E+00  2.059925E-05
  1.422000E+00  5.826792E-05
  1.423000E+00  8.736379E-05
  1.424000E+00  1.072706E-04
  1.425000E+00  1.175979E-04
  1.426000E+00  1.181883E-04
  1.427000E+00  1.091176E-04
  1.428000E+00  9.069011E-05
  1.429000E+00  6.342704E-05
  1.430000E+00  2.805018E-05
  1.431000E+00 -1.453968E-05
  1.432000E+00 -6.328861E-05
  1.433000E+00 -1.170188E-04
  1.434000E+00 -1.744606E-04
  1.435000E+00 -2.342864E-04
  1.436000E+00 -2.951448E-04
  1.437000E+00 -3.556957E-04
  1.438000E+00 -4.146430E-04
  1.439000E+00 -4.707662E-04
  1.440000E+00 -5.229492E-04
  1.441000E+00 -5.702051E-04
  1.442000E+00 -6.116972E-04
  1.443000E+00 -6.467557E-04
  1.444000E+00 -6.748890E-04
  1.445000E+00 -6.957905E-04
  1.446000E+00 -7.093399E-04
  1.447000E+00 -7.155999E-04
  1.448000E+00 -7.148081E-04
  1.449000E+00 -7.073645E-04
  1.450000E+00 -6.938152E-04
  1.451000E+00 -6.748332E-04
  1.452000E+00 -6.511961E-04
  1.453000E+00 -6.237621E-04
  1.454000E+00 -5.934448E-04
  1.455000E+00 -5.611875E-04
  1.456000E+00 -5.279378E-04
  1.457000E+00 -4.946227E-04
  1.458000E+00 -4.621260E-04
  1.459000E+00 -4.312669E-04
  1.460000E+00 -4.027816E-04
  1.461000E+00 -3.773077E-04
  1.462000E+00 -3.553719E-04
  1.463000E+00 -3.373808E-04
  1.464000E+00 -3.236156E-04
  1.465000E+00 -3.142300E-04
  1.466000E+00 -3.092516E-04
  1.467000E+00 -3.085865E-04
  1.468000E+00 -3.120272E-04
  1.469000E+00 -3.192621E-04
  1.470000E+00 -3.298880E-04
  1.471000E+00 -3.434240E-04
  1.472000E+00 -3.593263E-04
  1.473000E+00 -3.770040E-04
  1.474000E+00 -3.958347E-04
  1.475000E+00 -4.151805E-04
  1.476000E+00 -4.344024E-04
  1.477000E+00 -4.528752E-04
  1.478000E+00 -4.699993E-04
  1.479000E+00 -4.852128E-04
  1.480000E+00 -4.980010E-04
  1.481000E+00 -5.079043E-04
  1.482000E+00 -5.145242E-04
  1.483000E+00 -5.175277E-04
  1.484000E+00 -5.166497E-04
  1.485000E+00 -5.116932E-04
  1.486000E+00 -5.025290E-04
  1.487000E+00 -4.890928E-04
  1.488000E+00 -4.713822E-04
  1.489000E+00 -4.494520E-04
  1.490000E+00 -4.234099E-04
  1.491000E+00 -3.934112E-04
  1.492000E+00 -3.596540E-04
  1.493000E+00 -3.223747E-04
  1.494000E+00 -2.818439E-04
  1.495000E+00 -2.383630E-04
  1.496000E+00 -1.922619E-04
  1.497000E+00 -1.438968E-04
  1.498000E+00 -9.364958E-05
  1.499000E+00 -4.192724E-05
  1.500000E+00  1.083814E-05
  1.501000E+00  6.418912E-05
  1.502000E+00  1.176427E-04
  1.503000E+00  1.706906E-04
  1.504000E+00  2.227998E-04
  1.505000E+00  2.734146E-04
  1.506000E+00  3.219592E-04
  1.507000E+00  3.678420E-04
  1.508000E+00  4.104613E-04
  1.509000E+00  4.492122E-04
  1.510000E+00  4.834956E-04
  1.511000E+00  5.127281E-04
  1.512000E+00  5.363531E-04
  1.513000E+00  5.538535E-04
  1.514000E+00  5.647640E-04
  1.515000E+00  5.686849E-04
  1.516000E+00  5.652948E-04
  1.517000E+00  5.543633E-04
  1.518000E+00  5.357623E-04
  1.519000E+00  5.094760E-04
  1.520000E+00  4.756086E-04
  1.521000E+00  4.343905E-04
  1.522000E+00  3.861803E-04
  1.523000E+00  3.314655E-04
  1.524000E+00  2.708582E-04
  1.525000E+00  2.050893E-04
  1.526000E+00  1.349975E-04
  1.527000E+00  6.151635E-05
  1.528000E+00 -1.434219E-05
  1.529000E+00 -9.150746E-05
  1.530000E+00 -1.688716E-04
  1.531000E+00 -2.453136E-04
  1.532000E+00 -3.197238E-04
  1.533000E+00 -3.910304E-04
  1.534000E+00 -4.582244E-04
  1.535000E+00 -5.203854E-04
  1.536000E+00 -5.767044E-04
  1.537000E+00 -6.265050E-04
  1.538000E+00 -6.692625E-04
  1.539000E+00 -7.046174E-04
  1.540000E+00 -7.323876E-04
  1.541000E+00 -7.525738E-04
  1.542000E+00 -7.653615E-04
  1.543000E+00 -7.711185E-04
  1.544000E+00 -7.703859E-04
  1.545000E+00 -7.638664E-04
  1.546000E+00 -7.524066E-04
  1.547000E+00 -7.369755E-04
  1.548000E+00 -7.186400E-04
  1.549000E+00 -6.985364E-04
  1.550000E+00 -6.778403E-04
  1.551000E+00 -6.577341E-04
  1.552000E+00 -6.393745E-04
  1.553000E+00 -6.238593E-04
  1.554000E+00 -6.121955E-04
  1.555000E+00 -6.052689E-04
  1.556000E+00 -6.038162E-04
  1.557000E+00 -6.084012E-04
  1.558000E+00 -6.193938E-04
  1.559000E+00 -6.369550E-04
  1.560000E+00 -6.610267E-04
  1.561000E+00 -6.913269E-04
  1.562000E+00 -7.273514E-04
  1.563000E+00 -7.683813E-04
  1.564000E+00 -8.134966E-04
  1.565000E+00 -8.615956E-04
  1.566000E+00 -9.114197E-04
  1.567000E+00 -9.615829E-04
  1.568000E+00 -1.010606E-03
  1.569000E+00 -1.056952E-03
  1.570000E+00 -1.099068E-03
  1.571000E+00 -1.135424E-03
  1.572000E+00 -1.164552E-03
  1.573000E+00 -1.185090E-03
  1.574000E+00 -1.195818E-03
  1.575000E+00 -1.195689E-03
  1.576000E+00 -1.183869E-03
  1.577000E+00 -1.159753E-03
  1.578000E+00 -1.122995E-03
  1.579000E+00 -1.073518E-03
  1.580000E+00 -1.011524E-03
  1.581000E+00 -9.374933E-04
  1.582000E+00 -8.521842E-04
  1.583000E+00 -7.566163E-04
  1.584000E+00 -6.520545E-04
  1.585000E+00 -5.399834E-04
  1.586000E+00 -4.220779E-04
  1.587000E+00 -3.001679E-04
  1.588000E+00 -1.761996E-04
  1.589000E+00 -5.219404E-05
  1.590000E+00  6.979651E-05
  1.591000E+00  1.877332E-04
  1.592000E+00  2.996345E-04
  1.593000E+00  4.036194E-04
  1.594000E+00  4.979479E-04
  1.595000E+00  5.810582E-04
  1.596000E+00  6.516002E-04
  1.597000E+00  7.084632E-04
  1.598000E+00  7.507992E-04
  1.599000E+00  7.780388E-04
  1.600000E+00  7.899020E-04
  1.601000E+00  7.864011E-04
  1.602000E+00  7.678382E-04
  1.603000E+00  7.347952E-04
  1.604000E+00  6.881184E-04
  1.605000E+00  6.288965E-04
  1.606000E+00  5.584342E-04
  1.607000E+00  4.782205E-04
  1.608000E+00  3.898940E-04
  1.609000E+00  2.952043E-04
  1.610000E+00  1.959725E-04
  1.611000E+00  9.404954E-05
  1.612000E+00 -8.724244E-06
  1.613000E+00 -1.105597E-04
  1.614000E+00 -2.097570E-04
  1.615000E+00 -3.047405E-04
  1.616000E+00 -3.940909E-04
  1.617000E+00 -4.765715E-04
  1.618000E+00 -5.511509E-04
  1.619000E+00 -6.170184E-04
  1.620000E+00 -6.735945E-04
  1.621000E+00 -7.205353E-04
  1.622000E+00 -7.577301E-04
  1.623000E+00 -7.852937E-04
  1.624000E+00 -8.035526E-04
  1.625000E+00 -8.130271E-04
  1.626000E+00 -8.144080E-04
  1.627000E+00 -8.085302E-04
  1.628000E+00 -7.963434E-04
  1.629000E+00 -7.788812E-04
  1.630000E+00 -7.572286E-04
  1.631000E+00 -7.324900E-04
  1.632000E+00 -7.057581E-04
  1.633000E+00 -6.780833E-04
  1.634000E+00 -6.504471E-04
  1.635000E+00 -6.237370E-04
  1.636000E+00 -5.987258E-04
  1.637000E+00 -5.760547E-04
  1.638000E+00 -5.562205E-04
  1.639000E+00 -5.395683E-04
  1.640000E+00 -5.262874E-04
  1.641000E+00 -5.164136E-04
  1.642000E+00 -5.098344E-04
  1.643000E+00 -5.062995E-04
  1.644000E+00 -5.054349E-04
  1.645000E+00 -5.067597E-04
  1.646000E+00 -5.097070E-04
  1.647000E+00 -5.136455E-04
  1.648000E+00 -5.179035E-04
  1.649000E+00 -5.217931E-04
  1.650000E+00 -5.246344E-04
  1.651000E+00 -5.257781E-04
  1.652000E+00 -5.246277E-04
  1.653000E+00 -5.206583E-04
  1.654000E+00 -5.134326E-04
  1.655000E+00 -5.026143E-04
  1.656000E+00 -4.879771E-04
  1.657000E+00 -4.694099E-04
  1.658000E+00 -4.469187E-04
  1.659000E+00 -4.206238E-04
  1.660000E+00 -3.907539E-04
  1.661000E+00 -3.576364E-04
  1.662000E+00 -3.216851E-04
  1.663000E+00 -2.833848E-04
  1.664000E+00 -2.432747E-04
  1.665000E+00 -2.019301E-04
  1.666000E+00 -1.599432E-04
  1.667000E+00 -1.179046E-04
  1.668000E+00 -7.638465E-05
  1.669000E+00 -3.591673E-05
  1.670000E+00  3.017931E-06
  1.671000E+00  4.000318E-05
  1.672000E+00  7.469808E-05
  1.673000E+00  1.068442E-04
  1.674000E+00  1.362695E-04
  1.675000E+00  1.628897E-04
  1.676000E+00  1.867056E-04
  1.677000E+00  2.077978E-04
  1.678000E+00  2.263192E-04
  1.679000E+00  2.424844E-04
  1.680000E+00  2.565575E-04
  1.681000E+00  2.688384E-04
  1.682000E+00  2.796484E-04
  1.683000E+00  2.893151E-04
  1.684000E+00  2.981579E-04
  1.685000E+00  3.064735E-04
  1.686000E+00  3.145235E-04
  1.687000E+00  3.225227E-04
  1.688000E+00  3.306299E-04
  1.689000E+00  3.389410E-04
  1.690000E+00  3.474844E-04
  1.691000E+00  3.562189E-04
  1.692000E+00  3.650348E-04
  1.693000E+00  3.737565E-04
  1.694000E+00  3.821489E-04
  1.695000E+00  3.899246E-04
  1.696000E+00  3.967543E-04
  1.697000E+00  4.022775E-04
  1.698000E+00  4.061158E-04
  1.699000E+00  4.078855E-04
  1.700000E+00  4.072119E-04
  1.701000E+00  4.037430E-04
  1.702000E+00  3.971629E-04
  1.703000E+00  3.872046E-04
  1.704000E+00  3.736611E-04
  1.705000E+00  3.563956E-04
  1.706000E+00  3.353498E-04
  1.707000E+00  3.105499E-04
  1.708000E+00  2.821102E-04
  1.709000E+00  2.502349E-04
  1.710000E+00  2.152168E-04
  1.711000E+00  1.774337E-04
  1.712000E+00  1.373428E-04
  1.713000E+00  9.547206E-05
  1.714000E+00  5.241006E-05
  1.715000E+00  8.793905E-06
  1.716000E+00 -3.470436E-05
  1.717000E+00 -7.739244E-05
  1.718000E+00 -1.185733E-04
  1.719000E+00 -1.575610E-04
  1.720000E+00 -1.936965E-04
  1.721000E+00 -2.263631E-04
  1.722000E+00 -2.550009E-04
  1.723000E+00 -2.791201E-04
  1.724000E+00 -2.983127E-04
  1.725000E+00 -3.122621E-04
  1.726000E+00 -3.207509E-04
  1.727000E+00 -3.236654E-04
  1.728000E+00 -3.209983E-04
  1.729000E+00 -3.128482E-04
  1.730000E+00 -2.994166E-04
  1.731000E+00 -2.810022E-04
  1.732000E+00 -2.579924E-04
  1.733000E+00 -2.308532E-04
  1.734000E+00 -2.001167E-04
  1.735000E+00 -1.663672E-04
  1.736000E+00 -1.302265E-04
  1.737000E+00 -9.233779E-05
  1.738000E+00 -5.335035E-05
  1.739000E+00 -1.390381E-05
  1.740000E+00  2.538657E-05
  1.741000E+00  6.394350E-05
  1.742000E+00  1.012397E-04
  1.743000E+00  1.368083E-04
  1.744000E+00  1.702508E-04
  1.745000E+00  2.012431E-04
  1.746000E+00  2.295388E-04
  1.747000E+00  2.549707E-04
  1.748000E+00  2.774493E-04
  1.749000E+00  2.969592E-04
  1.750000E+00  3.135539E-04
  1.751000E+00  3.273485E-04
  1.752000E+00  3.385107E-04
  1.753000E+00  3.472509E-04
  1.754000E+00  3.538122E-04
  1.755000E+00  3.584586E-04
  1.756000E+00  3.614648E-04
  1.757000E+00  3.631051E-04
  1.758000E+00  3.636442E-04
  1.759000E+00  3.633277E-04
  1.760000E+00  3.623752E-04
  1.761000E+00  3.609737E-04
  1.762000E+00  3.592732E-04
  1.763000E+00  3.573839E-04
  1.764000E+00  3.553750E-04
  1.765000E+00  3.532750E-04
  1.766000E+00  3.510744E-04
  1.767000E+00  3.487289E-04
  1.768000E+00  3.461651E-04
  1.769000E+00  3.432860E-04
  1.770000E+00  3.399790E-04
  1.771000E+00  3.361234E-04
  1.772000E+00  3.315987E-04
  1.773000E+00  3.262927E-04
  1.774000E+00  3.201096E-04
  1.775000E+00  3.129772E-04
  1.776000E+00  3.048532E-04
  1.777000E+00  2.957303E-04
  1.778000E+00  2.856399E-04
  1.779000E+00  2.746540E-04
  1.780000E+00  2.628861E-04
  1.781000E+00  2.504890E-04
  1.782000E+00  2.376523E-04
  1.783000E+00  2.245972E-04
  1.784000E+00  2.115704E-04
  1.785000E+00  1.988362E-04
  1.786000E+00  1.866677E-04
  1.787000E+00  1.753375E-04
  1.788000E+00  1.651071E-04
  1.789000E+00  1.562169E-04
  1.790000E+00  1.488761E-04
  1.791000E+00  1.432532E-04
  1.792000E+00  1.394673E-04
  1.793000E+00  1.375813E-04
  1.794000E+00  1.375955E-04
  1.795000E+00  1.394442E-04
  1.796000E+00  1.429936E-04
  1.797000E+00  1.480416E-04
  1.798000E+00  1.543207E-04
  1.799000E+00  1.615019E-04
  1.800000E+00  1.692012E-04
  1.801000E+00  1.769884E-04
  1.802000E+00  1.843967E-04
  1.803000E+00  1.909347E-04
  1.804000E+00  1.960993E-04
  1.805000E+00  1.993893E-04
  1.806000E+00  2.003197E-04
  1.807000E+00  1.984364E-04
  1.808000E+00  1.933303E-04
  1.809000E+00  1.846510E-04
  1.810000E+00  1.721188E-04
  1.811000E+00  1.555366E-04
  1.812000E+00  1.347984E-04
  1.813000E+00  1.098967E-04
  1.814000E+00  8.092767E-05
  1.815000E+00  4.809289E-05
  1.816000E+00  1.169943E-05
  1.817000E+00 -2.784334E-05
  1.818000E+00 -7.002946E-05
  1.819000E+00 -1.142647E-04
  1.820000E+00 -1.598776E-04
  1.821000E+00 -2.061319E-04
  1.822000E+00 -2.522424E-04
  1.823000E+00 -2.973910E-04
  1.824000E+00 -3.407447E-04
  1.825000E+00 -3.814745E-04
  1.826000E+00 -4.187741E-04
  1.827000E+00 -4.518789E-04
  1.828000E+00 -4.800844E-04
  1.829000E+00 -5.027630E-04
  1.830000E+00 -5.193802E-04
  1.831000E+00 -5.295079E-04
  1.832000E+00 -5.328357E-04
  1.833000E+00 -5.291803E-04
  1.834000E+00 -5.184906E-04
  1.835000E+00 -5.008510E-04
  1.836000E+00 -4.764808E-04
  1.837000E+00 -4.457308E-04
  1.838000E+00 -4.090770E-04
  1.839000E+00 -3.671107E-04
  1.840000E+00 -3.205271E-04
  1.841000E+00 -2.701101E-04
  1.842000E+00 -2.167170E-04
  1.843000E+00 -1.612595E-04
  1.844000E+00 -1.046853E-04
  1.845000E+00 -4.795811E-05
  1.846000E+00  7.962987E-06
  1.847000E+00  6.214319E-05
  1.848000E+00  1.136917E-04
  1.849000E+00  1.617803E-04
  1.850000E+00  2.056603E-04
  1.851000E+00  2.446781E-04
  1.852000E+00  2.782884E-04
  1.853000E+00  3.060650E-04
  1.854000E+00  3.277086E-04
  1.855000E+00  3.430529E-04
  1.856000E+00  3.520659E-04
  1.857000E+00  3.548505E-04
  1.858000E+00  3.516398E-04
  1.859000E+00  3.427914E-04
  1.860000E+00  3.287783E-04
  1.861000E+00  3.101771E-04
  1.862000E+00  2.876549E-04
  1.863000E+00  2.619535E-04
  1.864000E+00  2.338732E-04
  1.865000E+00  2.042549E-04
  1.866000E+00  1.739615E-04
  1.867000E+00  1.438601E-04
  1.868000E+00  1.148033E-04
  1.869000E+00  8.761201E-05
  1.870000E+00  6.305840E-05
  1.871000E+00  4.185099E-05
  1.872000E+00  2.462078E-05
  1.873000E+00  1.190933E-05
  1.874000E+00  4.158853E-06
  1.875000E+00  1.704286E-06
  1.876000E+00  4.767605E-06
  1.877000E+00  1.345425E-05
  1.878000E+00  2.775175E-05
  1.879000E+00  4.753045E-05
  1.880000E+00  7.254637E-05
  1.881000E+00  1.024459E-04
  1.882000E+00  1.367727E-04
  1.883000E+00  1.749757E-04
  1.884000E+00  2.164197E-04
  1.885000E+00  2.603964E-04
  1.886000E+00  3.061376E-04
  1.887000E+00  3.528287E-04
  1.888000E+00  3.996235E-04
  1.889000E+00  4.456598E-04
  1.890000E+00  4.900744E-04
  1.891000E+00  5.320196E-04
  1.892000E+00  5.706782E-04
  1.893000E+00  6.052789E-04
  1.894000E+00  6.351103E-04
  1.895000E+00  6.595346E-04
  1.896000E+00  6.779990E-04
  1.897000E+00  6.900467E-04
  1.898000E+00  6.953249E-04
  1.899000E+00  6.935920E-04
  1.900000E+00  6.847218E-04
  1.901000E+00  6.687063E-04
  1.902000E+00  6.456554E-04
  1.903000E+00  6.157952E-04
  1.904000E+00  5.794636E-04
  1.905000E+00  5.371037E-04
  1.906000E+00  4.892559E-04
  1.907000E+00  4.365470E-04
  1.908000E+00  3.796787E-04
  1.909000E+00  3.194144E-04
  1.910000E+00  2.565646E-04
  1.911000E+00  1.919717E-04
  1.912000E+00  1.264944E-04
  1.913000E+00  6.099109E-05
  1.914000E+00 -3.695332E-06
  1.915000E+00 -6.675346E-05
  1.916000E+00 -1.274179E-04
  1.917000E+00 -1.849832E-04
  1.918000E+00 -2.388156E-04
  1.919000E+00 -2.883644E-04
  1.920000E+00 -3.331702E-04
  1.921000E+00 -3.728721E-04
  1.922000E+00 -4.072117E-04
  1.923000E+00 -4.360358E-04
  1.924000E+00 -4.592959E-04
  1.925000E+00 -4.770465E-04
  1.926000E+00 -4.894400E-04
  1.927000E+00 -4.967208E-04
  1.928000E+00 -4.992168E-04
  1.929000E+00 -4.973300E-04
  1.930000E+00 -4.915251E-04
  1.931000E+00 -4.823180E-04
  1.932000E+00 -4.702630E-04
  1.933000E+00 -4.559395E-04
  1.934000E+00 -4.399393E-04
  1.935000E+00 -4.228536E-04
  1.936000E+00 -4.052606E-04
  1.937000E+00 -3.877139E-04
  1.938000E+00 -3.707317E-04
  1.939000E+00 -3.547877E-04
  1.940000E+00 -3.403031E-04
  1.941000E+00 -3.276396E-04
  1.942000E+00 -3.170945E-04
  1.943000E+00 -3.088975E-04
  1.944000E+00 -3.032083E-04
  1.945000E+00 -3.001162E-04
  1.946000E+00 -2.996414E-04
  1.947000E+00 -3.017367E-04
  1.948000E+00 -3.062914E-04
  1.949000E+00 -3.131353E-04
  1.950000E+00 -3.220447E-04
  1.951000E+00 -3.327480E-04
  1.952000E+00 -3.449332E-04
  1.953000E+00 -3.582550E-04
  1.954000E+00 -3.723426E-04
  1.955000E+00 -3.868076E-04
  1.956000E+00 -4.012526E-04
  1.957000E+00 -4.152789E-04
  1.958000E+00 -4.284944E-04
  1.959000E+00 -4.405219E-04
  1.960000E+00 -4.510057E-04
  1.961000E+00 -4.596190E-04
  1.962000E+00 -4.660699E-04
  1.963000E+00 -4.701074E-04
  1.964000E+00 -4.715257E-04
  1.965000E+00 -4.701689E-04
  1.966000E+00 -4.659337E-04
  1.967000E+00 -4.587720E-04
  1.968000E+00 -4.486917E-04
  1.969000E+00 -4.357575E-04
  1.970000E+00 -4.200892E-04
  1.971000E+00 -4.018600E-04
  1.972000E+00 -3.812934E-04
  1.973000E+00 -3.586587E-04
  1.974000E+00 -3.342660E-04
  1.975000E+00 -3.084594E-04
  1.976000E+00 -2.816101E-04
  1.977000E+00 -2.541087E-04
  1.978000E+00 -2.263562E-04
  1.979000E+00 -1.987554E-04
  1.980000E+00 -1.717018E-04
  1.981000E+00 -1.455744E-04
  1.982000E+00 -1.207266E-04
  1.983000E+00 -9.747861E-05
  1.984000E+00 -7.610927E-05
  1.985000E+00 -5.685000E-05
  1.986000E+00 -3.987953E-05
  1.987000E+00 -2.532021E-05
  1.988000E+00 -1.323597E-05
  1.989000E+00 -3.631857E-06
  1.990000E+00  3.544628E-06
  1.991000E+00  8.400688E-06
  1.992000E+00  1.109382E-05
  1.993000E+00  1.182616E-05
  1.994000E+00  1.083767E-05
  1.995000E+00  8.398612E-06
  1.996000E+00  4.801203E-06
  1.997000E+00  3.510869E-07
  1.998000E+00 -4.641438E-06
  1.999000E+00 -9.870042E-06
  2.000000E+00  3.553881E-02
