; material = LLZO                                                       
Li            2000  2.57978013E+02          580.000000
  0.000000E+00  1.000000E+00
  1.000000E-03  9.953501E-01
  2.000000E-03  9.814810E-01
  3.000000E-03  9.586323E-01
  4.000000E-03  9.271965E-01
  5.000000E-03  8.877089E-01
  6.000000E-03  8.408341E-01
  7.000000E-03  7.873498E-01
  8.000000E-03  7.281276E-01
  9.000000E-03  6.641129E-01
  1.000000E-02  5.963036E-01
  1.100000E-02  5.257273E-01
  1.200000E-02  4.534207E-01
  1.300000E-02  3.804080E-01
  1.400000E-02  3.076814E-01
  1.500000E-02  2.361829E-01
  1.600000E-02  1.667886E-01
  1.700000E-02  1.002945E-01
  1.800000E-02  3.740538E-02
  1.900000E-02 -2.127422E-02
  2.000000E-02 -7.524625E-02
  2.100000E-02 -1.241228E-01
  2.200000E-02 -1.676273E-01
  2.300000E-02 -2.055933E-01
  2.400000E-02 -2.379609E-01
  2.500000E-02 -2.647716E-01
  2.600000E-02 -2.861605E-01
  2.700000E-02 -3.023477E-01
  2.800000E-02 -3.136278E-01
  2.900000E-02 -3.203594E-01
  3.000000E-02 -3.229523E-01
  3.100000E-02 -3.218558E-01
  3.200000E-02 -3.175460E-01
  3.300000E-02 -3.105137E-01
  3.400000E-02 -3.012525E-01
  3.500000E-02 -2.902476E-01
  3.600000E-02 -2.779656E-01
  3.700000E-02 -2.648457E-01
  3.800000E-02 -2.512915E-01
  3.900000E-02 -2.376646E-01
  4.000000E-02 -2.242800E-01
  4.100000E-02 -2.114021E-01
  4.200000E-02 -1.992435E-01
  4.300000E-02 -1.879641E-01
  4.400000E-02 -1.776720E-01
  4.500000E-02 -1.684263E-01
  4.600000E-02 -1.602402E-01
  4.700000E-02 -1.530855E-01
  4.800000E-02 -1.468979E-01
  4.900000E-02 -1.415829E-01
  5.000000E-02 -1.370221E-01
  5.100000E-02 -1.330792E-01
  5.200000E-02 -1.296072E-01
  5.300000E-02 -1.264542E-01
  5.400000E-02 -1.234691E-01
  5.500000E-02 -1.205075E-01
  5.600000E-02 -1.174359E-01
  5.700000E-02 -1.141362E-01
  5.800000E-02 -1.105084E-01
  5.900000E-02 -1.064731E-01
  6.000000E-02 -1.019731E-01
  6.100000E-02 -9.697369E-02
  6.200000E-02 -9.146283E-02
  6.300000E-02 -8.544989E-02
  6.400000E-02 -7.896418E-02
  6.500000E-02 -7.205271E-02
  6.600000E-02 -6.477763E-02
  6.700000E-02 -5.721322E-02
  6.800000E-02 -4.944271E-02
  6.900000E-02 -4.155505E-02
  7.000000E-02 -3.364165E-02
  7.100000E-02 -2.579324E-02
  7.200000E-02 -1.809710E-02
  7.300000E-02 -1.063441E-02
  7.400000E-02 -3.478163E-03
  7.500000E-02  3.308594E-03
  7.600000E-02  9.673975E-03
  7.700000E-02  1.557803E-02
  7.800000E-02  2.099299E-02
  7.900000E-02  2.590311E-02
  8.000000E-02  3.030403E-02
  8.100000E-02  3.420174E-02
  8.200000E-02  3.761132E-02
  8.300000E-02  4.055532E-02
  8.400000E-02  4.306207E-02
  8.500000E-02  4.516379E-02
  8.600000E-02  4.689477E-02
  8.700000E-02  4.828955E-02
  8.800000E-02  4.938125E-02
  8.900000E-02  5.020009E-02
  9.000000E-02  5.077211E-02
  9.100000E-02  5.111825E-02
  9.200000E-02  5.125360E-02
  9.300000E-02  5.118713E-02
  9.400000E-02  5.092164E-02
  9.500000E-02  5.045405E-02
  9.600000E-02  4.977599E-02
  9.700000E-02  4.887466E-02
  9.800000E-02  4.773388E-02
  9.900000E-02  4.633535E-02
  1.000000E-01  4.466000E-02
  1.010000E-01  4.268941E-02
  1.020000E-01  4.040721E-02
  1.030000E-01  3.780049E-02
  1.040000E-01  3.486097E-02
  1.050000E-01  3.158617E-02
  1.060000E-01  2.798022E-02
  1.070000E-01  2.405455E-02
  1.080000E-01  1.982821E-02
  1.090000E-01  1.532803E-02
  1.100000E-01  1.058835E-02
  1.110000E-01  5.650593E-03
  1.120000E-01  5.624747E-04
  1.130000E-01 -4.622950E-03
  1.140000E-01 -9.848501E-03
  1.150000E-01 -1.505423E-02
  1.160000E-01 -2.017891E-02
  1.170000E-01 -2.516156E-02
  1.180000E-01 -2.994304E-02
  1.190000E-01 -3.446756E-02
  1.200000E-01 -3.868410E-02
  1.210000E-01 -4.254774E-02
  1.220000E-01 -4.602072E-02
  1.230000E-01 -4.907340E-02
  1.240000E-01 -5.168485E-02
  1.250000E-01 -5.384325E-02
  1.260000E-01 -5.554598E-02
  1.270000E-01 -5.679948E-02
  1.280000E-01 -5.761874E-02
  1.290000E-01 -5.802666E-02
  1.300000E-01 -5.805306E-02
  1.310000E-01 -5.773363E-02
  1.320000E-01 -5.710860E-02
  1.330000E-01 -5.622137E-02
  1.340000E-01 -5.511709E-02
  1.350000E-01 -5.384118E-02
  1.360000E-01 -5.243788E-02
  1.370000E-01 -5.094898E-02
  1.380000E-01 -4.941252E-02
  1.390000E-01 -4.786179E-02
  1.400000E-01 -4.632447E-02
  1.410000E-01 -4.482194E-02
  1.420000E-01 -4.336895E-02
  1.430000E-01 -4.197340E-02
  1.440000E-01 -4.063646E-02
  1.450000E-01 -3.935292E-02
  1.460000E-01 -3.811171E-02
  1.470000E-01 -3.689669E-02
  1.480000E-01 -3.568753E-02
  1.490000E-01 -3.446083E-02
  1.500000E-01 -3.319127E-02
  1.510000E-01 -3.185280E-02
  1.520000E-01 -3.041989E-02
  1.530000E-01 -2.886874E-02
  1.540000E-01 -2.717843E-02
  1.550000E-01 -2.533190E-02
  1.560000E-01 -2.331684E-02
  1.570000E-01 -2.112644E-02
  1.580000E-01 -1.875986E-02
  1.590000E-01 -1.622254E-02
  1.600000E-01 -1.352628E-02
  1.610000E-01 -1.068914E-02
  1.620000E-01 -7.735011E-03
  1.630000E-01 -4.693139E-03
  1.640000E-01 -1.597335E-03
  1.650000E-01  1.514895E-03
  1.660000E-01  4.603371E-03
  1.670000E-01  7.626349E-03
  1.680000E-01  1.054168E-02
  1.690000E-01  1.330798E-02
  1.700000E-01  1.588581E-02
  1.710000E-01  1.823874E-02
  1.720000E-01  2.033434E-02
  1.730000E-01  2.214511E-02
  1.740000E-01  2.364913E-02
  1.750000E-01  2.483066E-02
  1.760000E-01  2.568048E-02
  1.770000E-01  2.619605E-02
  1.780000E-01  2.638148E-02
  1.790000E-01  2.624733E-02
  1.800000E-01  2.581014E-02
  1.810000E-01  2.509192E-02
  1.820000E-01  2.411939E-02
  1.830000E-01  2.292313E-02
  1.840000E-01  2.153667E-02
  1.850000E-01  1.999552E-02
  1.860000E-01  1.833611E-02
  1.870000E-01  1.659482E-02
  1.880000E-01  1.480699E-02
  1.890000E-01  1.300603E-02
  1.900000E-01  1.122261E-02
  1.910000E-01  9.483987E-03
  1.920000E-01  7.813436E-03
  1.930000E-01  6.229862E-03
  1.940000E-01  4.747552E-03
  1.950000E-01  3.376093E-03
  1.960000E-01  2.120449E-03
  1.970000E-01  9.811804E-04
  1.980000E-01 -4.519048E-05
  1.990000E-01 -9.657051E-04
  2.000000E-01 -1.790390E-03
  2.010000E-01 -2.531604E-03
  2.020000E-01 -3.203343E-03
  2.030000E-01 -3.820513E-03
  2.040000E-01 -4.398216E-03
  2.050000E-01 -4.951061E-03
  2.060000E-01 -5.492535E-03
  2.070000E-01 -6.034438E-03
  2.080000E-01 -6.586429E-03
  2.090000E-01 -7.155659E-03
  2.100000E-01 -7.746539E-03
  2.110000E-01 -8.360619E-03
  2.120000E-01 -8.996597E-03
  2.130000E-01 -9.650440E-03
  2.140000E-01 -1.031562E-02
  2.150000E-01 -1.098346E-02
  2.160000E-01 -1.164353E-02
  2.170000E-01 -1.228415E-02
  2.180000E-01 -1.289290E-02
  2.190000E-01 -1.345718E-02
  2.200000E-01 -1.396474E-02
  2.210000E-01 -1.440425E-02
  2.220000E-01 -1.476573E-02
  2.230000E-01 -1.504102E-02
  2.240000E-01 -1.522409E-02
  2.250000E-01 -1.531136E-02
  2.260000E-01 -1.530179E-02
  2.270000E-01 -1.519699E-02
  2.280000E-01 -1.500117E-02
  2.290000E-01 -1.472097E-02
  2.300000E-01 -1.436524E-02
  2.310000E-01 -1.394471E-02
  2.320000E-01 -1.347160E-02
  2.330000E-01 -1.295915E-02
  2.340000E-01 -1.242114E-02
  2.350000E-01 -1.187141E-02
  2.360000E-01 -1.132331E-02
  2.370000E-01 -1.078925E-02
  2.380000E-01 -1.028023E-02
  2.390000E-01 -9.805486E-03
  2.400000E-01 -9.372158E-03
  2.410000E-01 -8.985056E-03
  2.420000E-01 -8.646533E-03
  2.430000E-01 -8.356442E-03
  2.440000E-01 -8.112202E-03
  2.450000E-01 -7.908956E-03
  2.460000E-01 -7.739819E-03
  2.470000E-01 -7.596216E-03
  2.480000E-01 -7.468284E-03
  2.490000E-01 -7.345329E-03
  2.500000E-01 -7.216321E-03
  2.510000E-01 -7.070407E-03
  2.520000E-01 -6.897424E-03
  2.530000E-01 -6.688386E-03
  2.540000E-01 -6.435935E-03
  2.550000E-01 -6.134732E-03
  2.560000E-01 -5.781775E-03
  2.570000E-01 -5.376623E-03
  2.580000E-01 -4.921534E-03
  2.590000E-01 -4.421483E-03
  2.600000E-01 -3.884088E-03
  2.610000E-01 -3.319417E-03
  2.620000E-01 -2.739700E-03
  2.630000E-01 -2.158943E-03
  2.640000E-01 -1.592465E-03
  2.650000E-01 -1.056368E-03
  2.660000E-01 -5.669549E-04
  2.670000E-01 -1.401267E-04
  2.680000E-01  2.092333E-04
  2.690000E-01  4.678558E-04
  2.700000E-01  6.246468E-04
  2.710000E-01  6.711900E-04
  2.720000E-01  6.021716E-04
  2.730000E-01  4.157119E-04
  2.740000E-01  1.135878E-04
  2.750000E-01 -2.986620E-04
  2.760000E-01 -8.117580E-04
  2.770000E-01 -1.412827E-03
  2.780000E-01 -2.085675E-03
  2.790000E-01 -2.811181E-03
  2.800000E-01 -3.567794E-03
  2.810000E-01 -4.332133E-03
  2.820000E-01 -5.079658E-03
  2.830000E-01 -5.785401E-03
  2.840000E-01 -6.424728E-03
  2.850000E-01 -6.974118E-03
  2.860000E-01 -7.411921E-03
  2.870000E-01 -7.719081E-03
  2.880000E-01 -7.879795E-03
  2.890000E-01 -7.882089E-03
  2.900000E-01 -7.718287E-03
  2.910000E-01 -7.385360E-03
  2.920000E-01 -6.885142E-03
  2.930000E-01 -6.224403E-03
  2.940000E-01 -5.414767E-03
  2.950000E-01 -4.472496E-03
  2.960000E-01 -3.418115E-03
  2.970000E-01 -2.275911E-03
  2.980000E-01 -1.073314E-03
  2.990000E-01  1.598377E-04
  3.000000E-01  1.392102E-03
  3.010000E-01  2.591306E-03
  3.020000E-01  3.725452E-03
  3.030000E-01  4.763624E-03
  3.040000E-01  5.676888E-03
  3.050000E-01  6.439131E-03
  3.060000E-01  7.027839E-03
  3.070000E-01  7.424773E-03
  3.080000E-01  7.616533E-03
  3.090000E-01  7.594984E-03
  3.100000E-01  7.357543E-03
  3.110000E-01  6.907301E-03
  3.120000E-01  6.252988E-03
  3.130000E-01  5.408784E-03
  3.140000E-01  4.393967E-03
  3.150000E-01  3.232422E-03
  3.160000E-01  1.952017E-03
  3.170000E-01  5.838693E-04
  3.180000E-01 -8.384871E-04
  3.190000E-01 -2.279990E-03
  3.200000E-01 -3.704990E-03
  3.210000E-01 -5.078198E-03
  3.220000E-01 -6.365626E-03
  3.230000E-01 -7.535486E-03
  3.240000E-01 -8.559024E-03
  3.250000E-01 -9.411264E-03
  3.260000E-01 -1.007165E-02
  3.270000E-01 -1.052456E-02
  3.280000E-01 -1.075966E-02
  3.290000E-01 -1.077215E-02
  3.300000E-01 -1.056282E-02
  3.310000E-01 -1.013796E-02
  3.320000E-01 -9.509127E-03
  3.330000E-01 -8.692785E-03
  3.340000E-01 -7.709763E-03
  3.350000E-01 -6.584659E-03
  3.360000E-01 -5.345109E-03
  3.370000E-01 -4.021009E-03
  3.380000E-01 -2.643668E-03
  3.390000E-01 -1.244946E-03
  3.400000E-01  1.436039E-04
  3.410000E-01  1.491579E-03
  3.420000E-01  2.770512E-03
  3.430000E-01  3.954593E-03
  3.440000E-01  5.021292E-03
  3.450000E-01  5.951885E-03
  3.460000E-01  6.731852E-03
  3.470000E-01  7.351147E-03
  3.480000E-01  7.804342E-03
  3.490000E-01  8.090617E-03
  3.500000E-01  8.213638E-03
  3.510000E-01  8.181288E-03
  3.520000E-01  8.005299E-03
  3.530000E-01  7.700772E-03
  3.540000E-01  7.285608E-03
  3.550000E-01  6.779883E-03
  3.560000E-01  6.205169E-03
  3.570000E-01  5.583825E-03
  3.580000E-01  4.938298E-03
  3.590000E-01  4.290427E-03
  3.600000E-01  3.660798E-03
  3.610000E-01  3.068148E-03
  3.620000E-01  2.528847E-03
  3.630000E-01  2.056470E-03
  3.640000E-01  1.661461E-03
  3.650000E-01  1.350912E-03
  3.660000E-01  1.128450E-03
  3.670000E-01  9.942386E-04
  3.680000E-01  9.450842E-04
  3.690000E-01  9.746520E-04
  3.700000E-01  1.073773E-03
  3.710000E-01  1.230834E-03
  3.720000E-01  1.432238E-03
  3.730000E-01  1.662916E-03
  3.740000E-01  1.906872E-03
  3.750000E-01  2.147750E-03
  3.760000E-01  2.369397E-03
  3.770000E-01  2.556406E-03
  3.780000E-01  2.694628E-03
  3.790000E-01  2.771627E-03
  3.800000E-01  2.777081E-03
  3.810000E-01  2.703094E-03
  3.820000E-01  2.544440E-03
  3.830000E-01  2.298705E-03
  3.840000E-01  1.966345E-03
  3.850000E-01  1.550651E-03
  3.860000E-01  1.057625E-03
  3.870000E-01  4.957728E-04
  3.880000E-01 -1.241745E-04
  3.890000E-01 -7.896063E-04
  3.900000E-01 -1.486428E-03
  3.910000E-01 -2.199496E-03
  3.920000E-01 -2.913075E-03
  3.930000E-01 -3.611309E-03
  3.940000E-01 -4.278682E-03
  3.950000E-01 -4.900463E-03
  3.960000E-01 -5.463117E-03
  3.970000E-01 -5.954674E-03
  3.980000E-01 -6.365041E-03
  3.990000E-01 -6.686250E-03
  4.000000E-01 -6.912645E-03
  4.010000E-01 -7.040988E-03
  4.020000E-01 -7.070494E-03
  4.030000E-01 -7.002793E-03
  4.040000E-01 -6.841827E-03
  4.050000E-01 -6.593668E-03
  4.060000E-01 -6.266299E-03
  4.070000E-01 -5.869325E-03
  4.080000E-01 -5.413661E-03
  4.090000E-01 -4.911180E-03
  4.100000E-01 -4.374357E-03
  4.110000E-01 -3.815893E-03
  4.120000E-01 -3.248357E-03
  4.130000E-01 -2.683845E-03
  4.140000E-01 -2.133658E-03
  4.150000E-01 -1.608025E-03
  4.160000E-01 -1.115870E-03
  4.170000E-01 -6.646224E-04
  4.180000E-01 -2.600876E-04
  4.190000E-01  9.362837E-05
  4.200000E-01  3.941378E-04
  4.210000E-01  6.407357E-04
  4.220000E-01  8.343118E-04
  4.230000E-01  9.772164E-04
  4.240000E-01  1.073086E-03
  4.250000E-01  1.126637E-03
  4.260000E-01  1.143430E-03
  4.270000E-01  1.129624E-03
  4.280000E-01  1.091721E-03
  4.290000E-01  1.036314E-03
  4.300000E-01  9.698384E-04
  4.310000E-01  8.983546E-04
  4.320000E-01  8.273447E-04
  4.330000E-01  7.615460E-04
  4.340000E-01  7.048193E-04
  4.350000E-01  6.600561E-04
  4.360000E-01  6.291277E-04
  4.370000E-01  6.128746E-04
  4.380000E-01  6.111368E-04
  4.390000E-01  6.228211E-04
  4.400000E-01  6.460028E-04
  4.410000E-01  6.780557E-04
  4.420000E-01  7.158049E-04
  4.430000E-01  7.556965E-04
  4.440000E-01  7.939771E-04
  4.450000E-01  8.268748E-04
  4.460000E-01  8.507764E-04
  4.470000E-01  8.623942E-04
  4.480000E-01  8.589143E-04
  4.490000E-01  8.381239E-04
  4.500000E-01  7.985115E-04
  4.510000E-01  7.393373E-04
  4.520000E-01  6.606716E-04
  4.530000E-01  5.634011E-04
  4.540000E-01  4.492013E-04
  4.550000E-01  3.204792E-04
  4.560000E-01  1.802866E-04
  4.570000E-01  3.220845E-05
  4.580000E-01 -1.197694E-04
  4.590000E-01 -2.714085E-04
  4.600000E-01 -4.183764E-04
  4.610000E-01 -5.564092E-04
  4.620000E-01 -6.814733E-04
  4.630000E-01 -7.899198E-04
  4.640000E-01 -8.786255E-04
  4.650000E-01 -9.451168E-04
  4.660000E-01 -9.876706E-04
  4.670000E-01 -1.005390E-03
  4.680000E-01 -9.982518E-04
  4.690000E-01 -9.671207E-04
  4.700000E-01 -9.137376E-04
  4.710000E-01 -8.406728E-04
  4.720000E-01 -7.512523E-04
  4.730000E-01 -6.494566E-04
  4.740000E-01 -5.397961E-04
  4.750000E-01 -4.271673E-04
  4.760000E-01 -3.166938E-04
  4.770000E-01 -2.135587E-04
  4.780000E-01 -1.228322E-04
  4.790000E-01 -4.930146E-05
  4.800000E-01  2.691860E-06
  4.810000E-01  2.940214E-05
  4.820000E-01  2.781223E-05
  4.830000E-01 -4.255803E-06
  4.840000E-01 -6.805536E-05
  4.850000E-01 -1.638581E-04
  4.860000E-01 -2.909270E-04
  4.870000E-01 -4.475197E-04
  4.880000E-01 -6.309237E-04
  4.890000E-01 -8.375203E-04
  4.900000E-01 -1.062877E-03
  4.910000E-01 -1.301864E-03
  4.920000E-01 -1.548796E-03
  4.930000E-01 -1.797584E-03
  4.940000E-01 -2.041910E-03
  4.950000E-01 -2.275398E-03
  4.960000E-01 -2.491801E-03
  4.970000E-01 -2.685172E-03
  4.980000E-01 -2.850038E-03
  4.990000E-01 -2.981557E-03
  5.000000E-01 -3.075654E-03
  5.010000E-01 -3.129147E-03
  5.020000E-01 -3.139836E-03
  5.030000E-01 -3.106573E-03
  5.040000E-01 -3.029302E-03
  5.050000E-01 -2.909068E-03
  5.060000E-01 -2.747995E-03
  5.070000E-01 -2.549237E-03
  5.080000E-01 -2.316901E-03
  5.090000E-01 -2.055945E-03
  5.100000E-01 -1.772050E-03
  5.110000E-01 -1.471480E-03
  5.120000E-01 -1.160920E-03
  5.130000E-01 -8.473131E-04
  5.140000E-01 -5.376822E-04
  5.150000E-01 -2.389588E-04
  5.160000E-01  4.218738E-05
  5.170000E-01  2.995092E-04
  5.180000E-01  5.273303E-04
  5.190000E-01  7.206769E-04
  5.200000E-01  8.753900E-04
  5.210000E-01  9.882150E-04
  5.220000E-01  1.056868E-03
  5.230000E-01  1.080075E-03
  5.240000E-01  1.057589E-03
  5.250000E-01  9.901784E-04
  5.260000E-01  8.795905E-04
  5.270000E-01  7.284939E-04
  5.280000E-01  5.403985E-04
  5.290000E-01  3.195567E-04
  5.300000E-01  7.084902E-05
  5.310000E-01 -2.003425E-04
  5.320000E-01 -4.882705E-04
  5.330000E-01 -7.869635E-04
  5.340000E-01 -1.090370E-03
  5.350000E-01 -1.392498E-03
  5.360000E-01 -1.687554E-03
  5.370000E-01 -1.970071E-03
  5.380000E-01 -2.235023E-03
  5.390000E-01 -2.477929E-03
  5.400000E-01 -2.694941E-03
  5.410000E-01 -2.882912E-03
  5.420000E-01 -3.039447E-03
  5.430000E-01 -3.162932E-03
  5.440000E-01 -3.252545E-03
  5.450000E-01 -3.308249E-03
  5.460000E-01 -3.330762E-03
  5.470000E-01 -3.321512E-03
  5.480000E-01 -3.282575E-03
  5.490000E-01 -3.216604E-03
  5.500000E-01 -3.126737E-03
  5.510000E-01 -3.016505E-03
  5.520000E-01 -2.889733E-03
  5.530000E-01 -2.750427E-03
  5.540000E-01 -2.602679E-03
  5.550000E-01 -2.450553E-03
  5.560000E-01 -2.297997E-03
  5.570000E-01 -2.148742E-03
  5.580000E-01 -2.006226E-03
  5.590000E-01 -1.873520E-03
  5.600000E-01 -1.753267E-03
  5.610000E-01 -1.647639E-03
  5.620000E-01 -1.558305E-03
  5.630000E-01 -1.486407E-03
  5.640000E-01 -1.432561E-03
  5.650000E-01 -1.396865E-03
  5.660000E-01 -1.378914E-03
  5.670000E-01 -1.377840E-03
  5.680000E-01 -1.392351E-03
  5.690000E-01 -1.420780E-03
  5.700000E-01 -1.461149E-03
  5.710000E-01 -1.511226E-03
  5.720000E-01 -1.568598E-03
  5.730000E-01 -1.630739E-03
  5.740000E-01 -1.695079E-03
  5.750000E-01 -1.759073E-03
  5.760000E-01 -1.820270E-03
  5.770000E-01 -1.876372E-03
  5.780000E-01 -1.925288E-03
  5.790000E-01 -1.965191E-03
  5.800000E-01 -1.994553E-03
  5.810000E-01 -2.012180E-03
  5.820000E-01 -2.017240E-03
  5.830000E-01 -2.009272E-03
  5.840000E-01 -1.988196E-03
  5.850000E-01 -1.954304E-03
  5.860000E-01 -1.908250E-03
  5.870000E-01 -1.851021E-03
  5.880000E-01 -1.783911E-03
  5.890000E-01 -1.708473E-03
  5.900000E-01 -1.626481E-03
  5.910000E-01 -1.539872E-03
  5.920000E-01 -1.450688E-03
  5.930000E-01 -1.361022E-03
  5.940000E-01 -1.272950E-03
  5.950000E-01 -1.188475E-03
  5.960000E-01 -1.109468E-03
  5.970000E-01 -1.037607E-03
  5.980000E-01 -9.743323E-04
  5.990000E-01 -9.207993E-04
  6.000000E-01 -8.778433E-04
  6.010000E-01 -8.459517E-04
  6.020000E-01 -8.252471E-04
  6.030000E-01 -8.154798E-04
  6.040000E-01 -8.160328E-04
  6.050000E-01 -8.259364E-04
  6.060000E-01 -8.438946E-04
  6.070000E-01 -8.683210E-04
  6.080000E-01 -8.973845E-04
  6.090000E-01 -9.290629E-04
  6.100000E-01 -9.612034E-04
  6.110000E-01 -9.915873E-04
  6.120000E-01 -1.017999E-03
  6.130000E-01 -1.038295E-03
  6.140000E-01 -1.050472E-03
  6.150000E-01 -1.052734E-03
  6.160000E-01 -1.043551E-03
  6.170000E-01 -1.021712E-03
  6.180000E-01 -9.863743E-04
  6.190000E-01 -9.370942E-04
  6.200000E-01 -8.738541E-04
  6.210000E-01 -7.970745E-04
  6.220000E-01 -7.076139E-04
  6.230000E-01 -6.067568E-04
  6.240000E-01 -4.961891E-04
  6.250000E-01 -3.779617E-04
  6.260000E-01 -2.544429E-04
  6.270000E-01 -1.282611E-04
  6.280000E-01 -2.238839E-06
  6.290000E-01  1.206802E-04
  6.300000E-01  2.375095E-04
  6.310000E-01  3.453007E-04
  6.320000E-01  4.412262E-04
  6.330000E-01  5.226604E-04
  6.340000E-01  5.872575E-04
  6.350000E-01  6.330246E-04
  6.360000E-01  6.583859E-04
  6.370000E-01  6.622385E-04
  6.380000E-01  6.439966E-04
  6.390000E-01  6.036226E-04
  6.400000E-01  5.416443E-04
  6.410000E-01  4.591576E-04
  6.420000E-01  3.578133E-04
  6.430000E-01  2.397889E-04
  6.440000E-01  1.077452E-04
  6.450000E-01 -3.523114E-05
  6.460000E-01 -1.856981E-04
  6.470000E-01 -3.399403E-04
  6.480000E-01 -4.940605E-04
  6.490000E-01 -6.440775E-04
  6.500000E-01 -7.860294E-04
  6.510000E-01 -9.160783E-04
  6.520000E-01 -1.030614E-03
  6.530000E-01 -1.126352E-03
  6.540000E-01 -1.200429E-03
  6.550000E-01 -1.250485E-03
  6.560000E-01 -1.274732E-03
  6.570000E-01 -1.272014E-03
  6.580000E-01 -1.241847E-03
  6.590000E-01 -1.184443E-03
  6.600000E-01 -1.100714E-03
  6.610000E-01 -9.922596E-04
  6.620000E-01 -8.613345E-04
  6.630000E-01 -7.108006E-04
  6.640000E-01 -5.440595E-04
  6.650000E-01 -3.649722E-04
  6.660000E-01 -1.777651E-04
  6.670000E-01  1.307393E-05
  6.680000E-01  2.029071E-04
  6.690000E-01  3.870632E-04
  6.700000E-01  5.609553E-04
  6.710000E-01  7.201969E-04
  6.720000E-01  8.607141E-04
  6.730000E-01  9.788495E-04
  6.740000E-01  1.071456E-03
  6.750000E-01  1.135980E-03
  6.760000E-01  1.170524E-03
  6.770000E-01  1.173901E-03
  6.780000E-01  1.145662E-03
  6.790000E-01  1.086114E-03
  6.800000E-01  9.963075E-04
  6.810000E-01  8.780181E-04
  6.820000E-01  7.336975E-04
  6.830000E-01  5.664155E-04
  6.840000E-01  3.797820E-04
  6.850000E-01  1.778577E-04
  6.860000E-01 -3.494755E-05
  6.870000E-01 -2.539846E-04
  6.880000E-01 -4.744802E-04
  6.890000E-01 -6.916549E-04
  6.900000E-01 -9.008403E-04
  6.910000E-01 -1.097593E-03
  6.920000E-01 -1.277800E-03
  6.930000E-01 -1.437781E-03
  6.940000E-01 -1.574370E-03
  6.950000E-01 -1.684989E-03
  6.960000E-01 -1.767709E-03
  6.970000E-01 -1.821284E-03
  6.980000E-01 -1.845181E-03
  6.990000E-01 -1.839578E-03
  7.000000E-01 -1.805354E-03
  7.010000E-01 -1.744060E-03
  7.020000E-01 -1.657867E-03
  7.030000E-01 -1.549511E-03
  7.040000E-01 -1.422208E-03
  7.050000E-01 -1.279577E-03
  7.060000E-01 -1.125539E-03
  7.070000E-01 -9.642171E-04
  7.080000E-01 -7.998314E-04
  7.090000E-01 -6.365934E-04
  7.100000E-01 -4.786022E-04
  7.110000E-01 -3.297452E-04
  7.120000E-01 -1.936066E-04
  7.130000E-01 -7.338398E-05
  7.140000E-01  2.818231E-05
  7.150000E-01  1.088680E-04
  7.160000E-01  1.670092E-04
  7.170000E-01  2.015311E-04
  7.180000E-01  2.119626E-04
  7.190000E-01  1.984337E-04
  7.200000E-01  1.616592E-04
  7.210000E-01  1.029073E-04
  7.220000E-01  2.395502E-05
  7.230000E-01 -7.296732E-05
  7.240000E-01 -1.852425E-04
  7.250000E-01 -3.099402E-04
  7.260000E-01 -4.438963E-04
  7.270000E-01 -5.837959E-04
  7.280000E-01 -7.262579E-04
  7.290000E-01 -8.679172E-04
  7.300000E-01 -1.005505E-03
  7.310000E-01 -1.135924E-03
  7.320000E-01 -1.256315E-03
  7.330000E-01 -1.364116E-03
  7.340000E-01 -1.457114E-03
  7.350000E-01 -1.533482E-03
  7.360000E-01 -1.591809E-03
  7.370000E-01 -1.631115E-03
  7.380000E-01 -1.650862E-03
  7.390000E-01 -1.650943E-03
  7.400000E-01 -1.631674E-03
  7.410000E-01 -1.593768E-03
  7.420000E-01 -1.538304E-03
  7.430000E-01 -1.466690E-03
  7.440000E-01 -1.380619E-03
  7.450000E-01 -1.282022E-03
  7.460000E-01 -1.173017E-03
  7.470000E-01 -1.055859E-03
  7.480000E-01 -9.328869E-04
  7.490000E-01 -8.064719E-04
  7.500000E-01 -6.789699E-04
  7.510000E-01 -5.526754E-04
  7.520000E-01 -4.297795E-04
  7.530000E-01 -3.123328E-04
  7.540000E-01 -2.022129E-04
  7.550000E-01 -1.010982E-04
  7.560000E-01 -1.044581E-05
  7.570000E-01  6.852375E-05
  7.580000E-01  1.348374E-04
  7.590000E-01  1.877751E-04
  7.600000E-01  2.268705E-04
  7.610000E-01  2.519081E-04
  7.620000E-01  2.629166E-04
  7.630000E-01  2.601584E-04
  7.640000E-01  2.441175E-04
  7.650000E-01  2.154849E-04
  7.660000E-01  1.751423E-04
  7.670000E-01  1.241439E-04
  7.680000E-01  6.369815E-05
  7.690000E-01 -4.851745E-06
  7.700000E-01 -8.004820E-05
  7.710000E-01 -1.603396E-04
  7.720000E-01 -2.441011E-04
  7.730000E-01 -3.296559E-04
  7.740000E-01 -4.152967E-04
  7.750000E-01 -4.993072E-04
  7.760000E-01 -5.799846E-04
  7.770000E-01 -6.556614E-04
  7.780000E-01 -7.247282E-04
  7.790000E-01 -7.856565E-04
  7.800000E-01 -8.370210E-04
  7.810000E-01 -8.775229E-04
  7.820000E-01 -9.060111E-04
  7.830000E-01 -9.215047E-04
  7.840000E-01 -9.232124E-04
  7.850000E-01 -9.105523E-04
  7.860000E-01 -8.831681E-04
  7.870000E-01 -8.409447E-04
  7.880000E-01 -7.840190E-04
  7.890000E-01 -7.127891E-04
  7.900000E-01 -6.279183E-04
  7.910000E-01 -5.303353E-04
  7.920000E-01 -4.212298E-04
  7.930000E-01 -3.020418E-04
  7.940000E-01 -1.744471E-04
  7.950000E-01 -4.033625E-05
  7.960000E-01  9.821158E-05
  7.970000E-01  2.389600E-04
  7.980000E-01  3.795514E-04
  7.990000E-01  5.175475E-04
  8.000000E-01  6.504737E-04
  8.010000E-01  7.758657E-04
  8.020000E-01  8.913189E-04
  8.030000E-01  9.945382E-04
  8.040000E-01  1.083388E-03
  8.050000E-01  1.155942E-03
  8.060000E-01  1.210526E-03
  8.070000E-01  1.245766E-03
  8.080000E-01  1.260620E-03
  8.090000E-01  1.254415E-03
  8.100000E-01  1.226868E-03
  8.110000E-01  1.178102E-03
  8.120000E-01  1.108658E-03
  8.130000E-01  1.019487E-03
  8.140000E-01  9.119452E-04
  8.150000E-01  7.877687E-04
  8.160000E-01  6.490441E-04
  8.170000E-01  4.981696E-04
  8.180000E-01  3.378073E-04
  8.190000E-01  1.708283E-04
  8.200000E-01  2.525300E-07
  8.210000E-01 -1.708163E-04
  8.220000E-01 -3.392584E-04
  8.230000E-01 -5.020073E-04
  8.240000E-01 -6.561178E-04
  8.250000E-01 -7.988327E-04
  8.260000E-01 -9.276444E-04
  8.270000E-01 -1.040353E-03
  8.280000E-01 -1.135114E-03
  8.290000E-01 -1.210481E-03
  8.300000E-01 -1.265438E-03
  8.310000E-01 -1.299420E-03
  8.320000E-01 -1.312325E-03
  8.330000E-01 -1.304512E-03
  8.340000E-01 -1.276789E-03
  8.350000E-01 -1.230395E-03
  8.360000E-01 -1.166963E-03
  8.370000E-01 -1.088480E-03
  8.380000E-01 -9.972363E-04
  8.390000E-01 -8.957702E-04
  8.400000E-01 -7.868036E-04
  8.410000E-01 -6.731771E-04
  8.420000E-01 -5.577807E-04
  8.430000E-01 -4.434852E-04
  8.440000E-01 -3.330749E-04
  8.450000E-01 -2.291825E-04
  8.460000E-01 -1.342294E-04
  8.470000E-01 -5.037151E-05
  8.480000E-01  2.054762E-05
  8.490000E-01  7.703487E-05
  8.500000E-01  1.179768E-04
  8.510000E-01  1.426589E-04
  8.520000E-01  1.507745E-04
  8.530000E-01  1.424233E-04
  8.540000E-01  1.181002E-04
  8.550000E-01  7.867347E-05
  8.560000E-01  2.535531E-05
  8.570000E-01 -4.033690E-05
  8.580000E-01 -1.166256E-04
  8.590000E-01 -2.015235E-04
  8.600000E-01 -2.928887E-04
  8.610000E-01 -3.884820E-04
  8.620000E-01 -4.860255E-04
  8.630000E-01 -5.832601E-04
  8.640000E-01 -6.780022E-04
  8.650000E-01 -7.681956E-04
  8.660000E-01 -8.519590E-04
  8.670000E-01 -9.276278E-04
  8.680000E-01 -9.937889E-04
  8.690000E-01 -1.049307E-03
  8.700000E-01 -1.093342E-03
  8.710000E-01 -1.125365E-03
  8.720000E-01 -1.145150E-03
  8.730000E-01 -1.152779E-03
  8.740000E-01 -1.148618E-03
  8.750000E-01 -1.133304E-03
  8.760000E-01 -1.107709E-03
  8.770000E-01 -1.072917E-03
  8.780000E-01 -1.030179E-03
  8.790000E-01 -9.808736E-04
  8.800000E-01 -9.264688E-04
  8.810000E-01 -8.684740E-04
  8.820000E-01 -8.083990E-04
  8.830000E-01 -7.477121E-04
  8.840000E-01 -6.878019E-04
  8.850000E-01 -6.299416E-04
  8.860000E-01 -5.752596E-04
  8.870000E-01 -5.247136E-04
  8.880000E-01 -4.790724E-04
  8.890000E-01 -4.389026E-04
  8.900000E-01 -4.045625E-04
  8.910000E-01 -3.762024E-04
  8.920000E-01 -3.537708E-04
  8.930000E-01 -3.370265E-04
  8.940000E-01 -3.255569E-04
  8.950000E-01 -3.187992E-04
  8.960000E-01 -3.160672E-04
  8.970000E-01 -3.165799E-04
  8.980000E-01 -3.194920E-04
  8.990000E-01 -3.239258E-04
  9.000000E-01 -3.290024E-04
  9.010000E-01 -3.338724E-04
  9.020000E-01 -3.377440E-04
  9.030000E-01 -3.399087E-04
  9.040000E-01 -3.397631E-04
  9.050000E-01 -3.368272E-04
  9.060000E-01 -3.307573E-04
  9.070000E-01 -3.213547E-04
  9.080000E-01 -3.085694E-04
  9.090000E-01 -2.924990E-04
  9.100000E-01 -2.733821E-04
  9.110000E-01 -2.515890E-04
  9.120000E-01 -2.276070E-04
  9.130000E-01 -2.020235E-04
  9.140000E-01 -1.755066E-04
  9.150000E-01 -1.487828E-04
  9.160000E-01 -1.226153E-04
  9.170000E-01 -9.778018E-05
  9.180000E-01 -7.504428E-05
  9.190000E-01 -5.514325E-05
  9.200000E-01 -3.876147E-05
  9.210000E-01 -2.651393E-05
  9.220000E-01 -1.893056E-05
  9.230000E-01 -1.644341E-05
  9.240000E-01 -1.937671E-05
  9.250000E-01 -2.794008E-05
  9.260000E-01 -4.222484E-05
  9.270000E-01 -6.220339E-05
  9.280000E-01 -8.773145E-05
  9.290000E-01 -1.185531E-04
  9.300000E-01 -1.543082E-04
  9.310000E-01 -1.945420E-04
  9.320000E-01 -2.387163E-04
  9.330000E-01 -2.862229E-04
  9.340000E-01 -3.363964E-04
  9.350000E-01 -3.885291E-04
  9.360000E-01 -4.418855E-04
  9.370000E-01 -4.957154E-04
  9.380000E-01 -5.492685E-04
  9.390000E-01 -6.018058E-04
  9.400000E-01 -6.526110E-04
  9.410000E-01 -7.010006E-04
  9.420000E-01 -7.463323E-04
  9.430000E-01 -7.880117E-04
  9.440000E-01 -8.254984E-04
  9.450000E-01 -8.583105E-04
  9.460000E-01 -8.860275E-04
  9.470000E-01 -9.082933E-04
  9.480000E-01 -9.248172E-04
  9.490000E-01 -9.353750E-04
  9.500000E-01 -9.398091E-04
  9.510000E-01 -9.380284E-04
  9.520000E-01 -9.300073E-04
  9.530000E-01 -9.157854E-04
  9.540000E-01 -8.954661E-04
  9.550000E-01 -8.692158E-04
  9.560000E-01 -8.372625E-04
  9.570000E-01 -7.998944E-04
  9.580000E-01 -7.574594E-04
  9.590000E-01 -7.103627E-04
  9.600000E-01 -6.590660E-04
  9.610000E-01 -6.040851E-04
  9.620000E-01 -5.459877E-04
  9.630000E-01 -4.853899E-04
  9.640000E-01 -4.229528E-04
  9.650000E-01 -3.593770E-04
  9.660000E-01 -2.953972E-04
  9.670000E-01 -2.317742E-04
  9.680000E-01 -1.692867E-04
  9.690000E-01 -1.087218E-04
  9.700000E-01 -5.086339E-05
  9.710000E-01  3.519580E-06
  9.720000E-01  5.368613E-05
  9.730000E-01  9.893684E-05
  9.740000E-01  1.386277E-04
  9.750000E-01  1.721840E-04
  9.760000E-01  1.991137E-04
  9.770000E-01  2.190198E-04
  9.780000E-01  2.316121E-04
  9.790000E-01  2.367170E-04
  9.800000E-01  2.342851E-04
  9.810000E-01  2.243975E-04
  9.820000E-01  2.072686E-04
  9.830000E-01  1.832467E-04
  9.840000E-01  1.528121E-04
  9.850000E-01  1.165711E-04
  9.860000E-01  7.524842E-05
  9.870000E-01  2.967521E-05
  9.880000E-01 -1.922476E-05
  9.890000E-01 -7.045209E-05
  9.900000E-01 -1.229509E-04
  9.910000E-01 -1.756297E-04
  9.920000E-01 -2.273840E-04
  9.930000E-01 -2.771197E-04
  9.940000E-01 -3.237759E-04
  9.950000E-01 -3.663487E-04
  9.960000E-01 -4.039132E-04
  9.970000E-01 -4.356438E-04
  9.980000E-01 -4.608336E-04
  9.990000E-01 -4.789102E-04
  1.000000E+00 -4.894497E-04
  1.001000E+00 -4.921874E-04
  1.002000E+00 -4.870245E-04
  1.003000E+00 -4.740328E-04
  1.004000E+00 -4.534542E-04
  1.005000E+00 -4.256977E-04
  1.006000E+00 -3.913322E-04
  1.007000E+00 -3.510760E-04
  1.008000E+00 -3.057829E-04
  1.009000E+00 -2.564253E-04
  1.010000E+00 -2.040743E-04
  1.011000E+00 -1.498776E-04
  1.012000E+00 -9.503550E-05
  1.013000E+00 -4.077476E-05
  1.014000E+00  1.167792E-05
  1.015000E+00  6.112328E-05
  1.016000E+00  1.064166E-04
  1.017000E+00  1.464944E-04
  1.018000E+00  1.803992E-04
  1.019000E+00  2.073027E-04
  1.020000E+00  2.265265E-04
  1.021000E+00  2.375592E-04
  1.022000E+00  2.400698E-04
  1.023000E+00  2.339175E-04
  1.024000E+00  2.191564E-04
  1.025000E+00  1.960358E-04
  1.026000E+00  1.649961E-04
  1.027000E+00  1.266589E-04
  1.028000E+00  8.181429E-05
  1.029000E+00  3.140246E-05
  1.030000E+00 -2.350776E-05
  1.031000E+00 -8.174377E-05
  1.032000E+00 -1.420567E-04
  1.033000E+00 -2.031508E-04
  1.034000E+00 -2.637147E-04
  1.035000E+00 -3.224523E-04
  1.036000E+00 -3.781143E-04
  1.037000E+00 -4.295284E-04
  1.038000E+00 -4.756279E-04
  1.039000E+00 -5.154782E-04
  1.040000E+00 -5.483001E-04
  1.041000E+00 -5.734893E-04
  1.042000E+00 -5.906323E-04
  1.043000E+00 -5.995173E-04
  1.044000E+00 -6.001400E-04
  1.045000E+00 -5.927050E-04
  1.046000E+00 -5.776206E-04
  1.047000E+00 -5.554901E-04
  1.048000E+00 -5.270960E-04
  1.049000E+00 -4.933816E-04
  1.050000E+00 -4.554266E-04
  1.051000E+00 -4.144199E-04
  1.052000E+00 -3.716295E-04
  1.053000E+00 -3.283694E-04
  1.054000E+00 -2.859659E-04
  1.055000E+00 -2.457227E-04
  1.056000E+00 -2.088868E-04
  1.057000E+00 -1.766149E-04
  1.058000E+00 -1.499427E-04
  1.059000E+00 -1.297561E-04
  1.060000E+00 -1.167666E-04
  1.061000E+00 -1.114908E-04
  1.062000E+00 -1.142344E-04
  1.063000E+00 -1.250816E-04
  1.064000E+00 -1.438896E-04
  1.065000E+00 -1.702895E-04
  1.066000E+00 -2.036919E-04
  1.067000E+00 -2.432993E-04
  1.068000E+00 -2.881228E-04
  1.069000E+00 -3.370047E-04
  1.070000E+00 -3.886455E-04
  1.071000E+00 -4.416348E-04
  1.072000E+00 -4.944857E-04
  1.073000E+00 -5.456723E-04
  1.074000E+00 -5.936675E-04
  1.075000E+00 -6.369832E-04
  1.076000E+00 -6.742087E-04
  1.077000E+00 -7.040492E-04
  1.078000E+00 -7.253609E-04
  1.079000E+00 -7.371836E-04
  1.080000E+00 -7.387691E-04
  1.081000E+00 -7.296047E-04
  1.082000E+00 -7.094315E-04
  1.083000E+00 -6.782560E-04
  1.084000E+00 -6.363562E-04
  1.085000E+00 -5.842804E-04
  1.086000E+00 -5.228393E-04
  1.087000E+00 -4.530914E-04
  1.088000E+00 -3.763220E-04
  1.089000E+00 -2.940161E-04
  1.090000E+00 -2.078261E-04
  1.091000E+00 -1.195342E-04
  1.092000E+00 -3.101176E-05
  1.093000E+00  5.582418E-05
  1.094000E+00  1.390564E-04
  1.095000E+00  2.168126E-04
  1.096000E+00  2.873108E-04
  1.097000E+00  3.489014E-04
  1.098000E+00  4.001077E-04
  1.099000E+00  4.396616E-04
  1.100000E+00  4.665344E-04
  1.101000E+00  4.799628E-04
  1.102000E+00  4.794683E-04
  1.103000E+00  4.648698E-04
  1.104000E+00  4.362899E-04
  1.105000E+00  3.941544E-04
  1.106000E+00  3.391841E-04
  1.107000E+00  2.723808E-04
  1.108000E+00  1.950060E-04
  1.109000E+00  1.085547E-04
  1.110000E+00  1.472263E-05
  1.111000E+00 -8.463084E-05
  1.112000E+00 -1.875236E-04
  1.113000E+00 -2.918951E-04
  1.114000E+00 -3.956526E-04
  1.115000E+00 -4.967187E-04
  1.116000E+00 -5.930785E-04
  1.117000E+00 -6.828258E-04
  1.118000E+00 -7.642068E-04
  1.119000E+00 -8.356602E-04
  1.120000E+00 -8.958533E-04
  1.121000E+00 -9.437115E-04
  1.122000E+00 -9.784426E-04
  1.123000E+00 -9.995535E-04
  1.124000E+00 -1.006859E-03
  1.125000E+00 -1.000486E-03
  1.126000E+00 -9.808630E-04
  1.127000E+00 -9.487108E-04
  1.128000E+00 -9.050206E-04
  1.129000E+00 -8.510267E-04
  1.130000E+00 -7.881741E-04
  1.131000E+00 -7.180813E-04
  1.132000E+00 -6.424992E-04
  1.133000E+00 -5.632676E-04
  1.134000E+00 -4.822697E-04
  1.135000E+00 -4.013880E-04
  1.136000E+00 -3.224590E-04
  1.137000E+00 -2.472318E-04
  1.138000E+00 -1.773287E-04
  1.139000E+00 -1.142101E-04
  1.140000E+00 -5.914348E-05
  1.141000E+00 -1.317834E-05
  1.142000E+00  2.287370E-05
  1.143000E+00  4.845271E-05
  1.144000E+00  6.325810E-05
  1.145000E+00  6.725010E-05
  1.146000E+00  6.064528E-05
  1.147000E+00  4.390626E-05
  1.148000E+00  1.772587E-05
  1.149000E+00 -1.699353E-05
  1.150000E+00 -5.916537E-05
  1.151000E+00 -1.075479E-04
  1.152000E+00 -1.607768E-04
  1.153000E+00 -2.173993E-04
  1.154000E+00 -2.759115E-04
  1.155000E+00 -3.347951E-04
  1.156000E+00 -3.925547E-04
  1.157000E+00 -4.477542E-04
  1.158000E+00 -4.990516E-04
  1.159000E+00 -5.452301E-04
  1.160000E+00 -5.852267E-04
  1.161000E+00 -6.181562E-04
  1.162000E+00 -6.433297E-04
  1.163000E+00 -6.602684E-04
  1.164000E+00 -6.687111E-04
  1.165000E+00 -6.686160E-04
  1.166000E+00 -6.601565E-04
  1.167000E+00 -6.437116E-04
  1.168000E+00 -6.198505E-04
  1.169000E+00 -5.893128E-04
  1.170000E+00 -5.529847E-04
  1.171000E+00 -5.118712E-04
  1.172000E+00 -4.670671E-04
  1.173000E+00 -4.197248E-04
  1.174000E+00 -3.710233E-04
  1.175000E+00 -3.221361E-04
  1.176000E+00 -2.742010E-04
  1.177000E+00 -2.282920E-04
  1.178000E+00 -1.853930E-04
  1.179000E+00 -1.463762E-04
  1.180000E+00 -1.119828E-04
  1.181000E+00 -8.280891E-05
  1.182000E+00 -5.929479E-05
  1.183000E+00 -4.171950E-05
  1.184000E+00 -3.019921E-05
  1.185000E+00 -2.469016E-05
  1.186000E+00 -2.499551E-05
  1.187000E+00 -3.077599E-05
  1.188000E+00 -4.156379E-05
  1.189000E+00 -5.677923E-05
  1.190000E+00 -7.574974E-05
  1.191000E+00 -9.773040E-05
  1.192000E+00 -1.219256E-04
  1.193000E+00 -1.475112E-04
  1.194000E+00 -1.736563E-04
  1.195000E+00 -1.995445E-04
  1.196000E+00 -2.243941E-04
  1.197000E+00 -2.474764E-04
  1.198000E+00 -2.681317E-04
  1.199000E+00 -2.857837E-04
  1.200000E+00 -2.999499E-04
  1.201000E+00 -3.102501E-04
  1.202000E+00 -3.164111E-04
  1.203000E+00 -3.182689E-04
  1.204000E+00 -3.157674E-04
  1.205000E+00 -3.089543E-04
  1.206000E+00 -2.979746E-04
  1.207000E+00 -2.830618E-04
  1.208000E+00 -2.645269E-04
  1.209000E+00 -2.427462E-04
  1.210000E+00 -2.181478E-04
  1.211000E+00 -1.911982E-04
  1.212000E+00 -1.623880E-04
  1.213000E+00 -1.322188E-04
  1.214000E+00 -1.011902E-04
  1.215000E+00 -6.978802E-05
  1.216000E+00 -3.847441E-05
  1.217000E+00 -7.678799E-06
  1.218000E+00  2.220904E-05
  1.219000E+00  5.084424E-05
  1.220000E+00  7.793036E-05
  1.221000E+00  1.032211E-04
  1.222000E+00  1.265206E-04
  1.223000E+00  1.476819E-04
  1.224000E+00  1.666045E-04
  1.225000E+00  1.832309E-04
  1.226000E+00  1.975422E-04
  1.227000E+00  2.095529E-04
  1.228000E+00  2.193062E-04
  1.229000E+00  2.268681E-04
  1.230000E+00  2.323224E-04
  1.231000E+00  2.357655E-04
  1.232000E+00  2.373020E-04
  1.233000E+00  2.370402E-04
  1.234000E+00  2.350887E-04
  1.235000E+00  2.315540E-04
  1.236000E+00  2.265376E-04
  1.237000E+00  2.201356E-04
  1.238000E+00  2.124373E-04
  1.239000E+00  2.035254E-04
  1.240000E+00  1.934765E-04
  1.241000E+00  1.823621E-04
  1.242000E+00  1.702494E-04
  1.243000E+00  1.572031E-04
  1.244000E+00  1.432866E-04
  1.245000E+00  1.285633E-04
  1.246000E+00  1.130979E-04
  1.247000E+00  9.695740E-05
  1.248000E+00  8.021151E-05
  1.249000E+00  6.293320E-05
  1.250000E+00  4.519836E-05
  1.251000E+00  2.708542E-05
  1.252000E+00  8.674467E-06
  1.253000E+00 -9.953780E-06
  1.254000E+00 -2.871928E-05
  1.255000E+00 -4.754406E-05
  1.256000E+00 -6.635359E-05
  1.257000E+00 -8.507820E-05
  1.258000E+00 -1.036543E-04
  1.259000E+00 -1.220252E-04
  1.260000E+00 -1.401423E-04
  1.261000E+00 -1.579647E-04
  1.262000E+00 -1.754599E-04
  1.263000E+00 -1.926024E-04
  1.264000E+00 -2.093731E-04
  1.265000E+00 -2.257574E-04
  1.266000E+00 -2.417437E-04
  1.267000E+00 -2.573204E-04
  1.268000E+00 -2.724743E-04
  1.269000E+00 -2.871877E-04
  1.270000E+00 -3.014361E-04
  1.271000E+00 -3.151861E-04
  1.272000E+00 -3.283932E-04
  1.273000E+00 -3.410002E-04
  1.274000E+00 -3.529363E-04
  1.275000E+00 -3.641161E-04
  1.276000E+00 -3.744397E-04
  1.277000E+00 -3.837928E-04
  1.278000E+00 -3.920481E-04
  1.279000E+00 -3.990667E-04
  1.280000E+00 -4.047004E-04
  1.281000E+00 -4.087943E-04
  1.282000E+00 -4.111901E-04
  1.283000E+00 -4.117294E-04
  1.284000E+00 -4.102578E-04
  1.285000E+00 -4.066294E-04
  1.286000E+00 -4.007107E-04
  1.287000E+00 -3.923854E-04
  1.288000E+00 -3.815594E-04
  1.289000E+00 -3.681646E-04
  1.290000E+00 -3.521638E-04
  1.291000E+00 -3.335542E-04
  1.292000E+00 -3.123713E-04
  1.293000E+00 -2.886919E-04
  1.294000E+00 -2.626355E-04
  1.295000E+00 -2.343661E-04
  1.296000E+00 -2.040923E-04
  1.297000E+00 -1.720658E-04
  1.298000E+00 -1.385796E-04
  1.299000E+00 -1.039641E-04
  1.300000E+00 -6.858247E-05
  1.301000E+00 -3.282460E-05
  1.302000E+00  2.900157E-06
  1.303000E+00  3.817085E-05
  1.304000E+00  7.256364E-05
  1.305000E+00  1.056609E-04
  1.306000E+00  1.370605E-04
  1.307000E+00  1.663850E-04
  1.308000E+00  1.932901E-04
  1.309000E+00  2.174734E-04
  1.310000E+00  2.386810E-04
  1.311000E+00  2.567138E-04
  1.312000E+00  2.714326E-04
  1.313000E+00  2.827615E-04
  1.314000E+00  2.906895E-04
  1.315000E+00  2.952714E-04
  1.316000E+00  2.966259E-04
  1.317000E+00  2.949329E-04
  1.318000E+00  2.904292E-04
  1.319000E+00  2.834016E-04
  1.320000E+00  2.741806E-04
  1.321000E+00  2.631306E-04
  1.322000E+00  2.506411E-04
  1.323000E+00  2.371157E-04
  1.324000E+00  2.229619E-04
  1.325000E+00  2.085799E-04
  1.326000E+00  1.943519E-04
  1.327000E+00  1.806320E-04
  1.328000E+00  1.677370E-04
  1.329000E+00  1.559382E-04
  1.330000E+00  1.454547E-04
  1.331000E+00  1.364486E-04
  1.332000E+00  1.290214E-04
  1.333000E+00  1.232134E-04
  1.334000E+00  1.190038E-04
  1.335000E+00  1.163139E-04
  1.336000E+00  1.150113E-04
  1.337000E+00  1.149165E-04
  1.338000E+00  1.158100E-04
  1.339000E+00  1.174413E-04
  1.340000E+00  1.195386E-04
  1.341000E+00  1.218188E-04
  1.342000E+00  1.239980E-04
  1.343000E+00  1.258012E-04
  1.344000E+00  1.269727E-04
  1.345000E+00  1.272842E-04
  1.346000E+00  1.265430E-04
  1.347000E+00  1.245983E-04
  1.348000E+00  1.213458E-04
  1.349000E+00  1.167305E-04
  1.350000E+00  1.107479E-04
  1.351000E+00  1.034427E-04
  1.352000E+00  9.490579E-05
  1.353000E+00  8.526917E-05
  1.354000E+00  7.469939E-05
  1.355000E+00  6.338918E-05
  1.356000E+00  5.154803E-05
  1.357000E+00  3.939183E-05
  1.358000E+00  2.713222E-05
  1.359000E+00  1.496574E-05
  1.360000E+00  3.063582E-06
  1.361000E+00 -8.437800E-06
  1.362000E+00 -1.944478E-05
  1.363000E+00 -2.991289E-05
  1.364000E+00 -3.985109E-05
  1.365000E+00 -4.932382E-05
  1.366000E+00 -5.845060E-05
  1.367000E+00 -6.740320E-05
  1.368000E+00 -7.640048E-05
  1.369000E+00 -8.570101E-05
  1.370000E+00 -9.559373E-05
  1.371000E+00 -1.063871E-04
  1.372000E+00 -1.183970E-04
  1.373000E+00 -1.319337E-04
  1.374000E+00 -1.472889E-04
  1.375000E+00 -1.647223E-04
  1.376000E+00 -1.844493E-04
  1.377000E+00 -2.066295E-04
  1.378000E+00 -2.313571E-04
  1.379000E+00 -2.586526E-04
  1.380000E+00 -2.884572E-04
  1.381000E+00 -3.206299E-04
  1.382000E+00 -3.549464E-04
  1.383000E+00 -3.911021E-04
  1.384000E+00 -4.287162E-04
  1.385000E+00 -4.673394E-04
  1.386000E+00 -5.064634E-04
  1.387000E+00 -5.455328E-04
  1.388000E+00 -5.839578E-04
  1.389000E+00 -6.211288E-04
  1.390000E+00 -6.564314E-04
  1.391000E+00 -6.892619E-04
  1.392000E+00 -7.190422E-04
  1.393000E+00 -7.452354E-04
  1.394000E+00 -7.673592E-04
  1.395000E+00 -7.849993E-04
  1.396000E+00 -7.978204E-04
  1.397000E+00 -8.055765E-04
  1.398000E+00 -8.081180E-04
  1.399000E+00 -8.053972E-04
  1.400000E+00 -7.974715E-04
  1.401000E+00 -7.845036E-04
  1.402000E+00 -7.667592E-04
  1.403000E+00 -7.446026E-04
  1.404000E+00 -7.184890E-04
  1.405000E+00 -6.889553E-04
  1.406000E+00 -6.566086E-04
  1.407000E+00 -6.221122E-04
  1.408000E+00 -5.861708E-04
  1.409000E+00 -5.495144E-04
  1.410000E+00 -5.128806E-04
  1.411000E+00 -4.769975E-04
  1.412000E+00 -4.425660E-04
  1.413000E+00 -4.102423E-04
  1.414000E+00 -3.806223E-04
  1.415000E+00 -3.542261E-04
  1.416000E+00 -3.314862E-04
  1.417000E+00 -3.127357E-04
  1.418000E+00 -2.982014E-04
  1.419000E+00 -2.879986E-04
  1.420000E+00 -2.821288E-04
  1.421000E+00 -2.804818E-04
  1.422000E+00 -2.828398E-04
  1.423000E+00 -2.888847E-04
  1.424000E+00 -2.982089E-04
  1.425000E+00 -3.103272E-04
  1.426000E+00 -3.246921E-04
  1.427000E+00 -3.407092E-04
  1.428000E+00 -3.577549E-04
  1.429000E+00 -3.751937E-04
  1.430000E+00 -3.923958E-04
  1.431000E+00 -4.087539E-04
  1.432000E+00 -4.236989E-04
  1.433000E+00 -4.367141E-04
  1.434000E+00 -4.473473E-04
  1.435000E+00 -4.552210E-04
  1.436000E+00 -4.600396E-04
  1.437000E+00 -4.615949E-04
  1.438000E+00 -4.597684E-04
  1.439000E+00 -4.545317E-04
  1.440000E+00 -4.459439E-04
  1.441000E+00 -4.341473E-04
  1.442000E+00 -4.193608E-04
  1.443000E+00 -4.018721E-04
  1.444000E+00 -3.820276E-04
  1.445000E+00 -3.602220E-04
  1.446000E+00 -3.368862E-04
  1.447000E+00 -3.124757E-04
  1.448000E+00 -2.874579E-04
  1.449000E+00 -2.623000E-04
  1.450000E+00 -2.374569E-04
  1.451000E+00 -2.133601E-04
  1.452000E+00 -1.904070E-04
  1.453000E+00 -1.689518E-04
  1.454000E+00 -1.492971E-04
  1.455000E+00 -1.316875E-04
  1.456000E+00 -1.163047E-04
  1.457000E+00 -1.032641E-04
  1.458000E+00 -9.261401E-05
  1.459000E+00 -8.433570E-05
  1.460000E+00 -7.834641E-05
  1.461000E+00 -7.450357E-05
  1.462000E+00 -7.261097E-05
  1.463000E+00 -7.242653E-05
  1.464000E+00 -7.367147E-05
  1.465000E+00 -7.604069E-05
  1.466000E+00 -7.921393E-05
  1.467000E+00 -8.286754E-05
  1.468000E+00 -8.668638E-05
  1.469000E+00 -9.037547E-05
  1.470000E+00 -9.367103E-05
  1.471000E+00 -9.635051E-05
  1.472000E+00 -9.824130E-05
  1.473000E+00 -9.922782E-05
  1.474000E+00 -9.925682E-05
  1.475000E+00 -9.834070E-05
  1.476000E+00 -9.655878E-05
  1.477000E+00 -9.405642E-05
  1.478000E+00 -9.104206E-05
  1.479000E+00 -8.778208E-05
  1.480000E+00 -8.459373E-05
  1.481000E+00 -8.183605E-05
  1.482000E+00 -7.989916E-05
  1.483000E+00 -7.919205E-05
  1.484000E+00 -8.012927E-05
  1.485000E+00 -8.311683E-05
  1.486000E+00 -8.853774E-05
  1.487000E+00 -9.673763E-05
  1.488000E+00 -1.080110E-04
  1.489000E+00 -1.225883E-04
  1.490000E+00 -1.406246E-04
  1.491000E+00 -1.621903E-04
  1.492000E+00 -1.872637E-04
  1.493000E+00 -2.157260E-04
  1.494000E+00 -2.473600E-04
  1.495000E+00 -2.818506E-04
  1.496000E+00 -3.187889E-04
  1.497000E+00 -3.576790E-04
  1.498000E+00 -3.979478E-04
  1.499000E+00 -4.389570E-04
  1.500000E+00 -4.800174E-04
  1.501000E+00 -5.204054E-04
  1.502000E+00 -5.593799E-04
  1.503000E+00 -5.962011E-04
  1.504000E+00 -6.301488E-04
  1.505000E+00 -6.605407E-04
  1.506000E+00 -6.867506E-04
  1.507000E+00 -7.082243E-04
  1.508000E+00 -7.244949E-04
  1.509000E+00 -7.351952E-04
  1.510000E+00 -7.400683E-04
  1.511000E+00 -7.389748E-04
  1.512000E+00 -7.318979E-04
  1.513000E+00 -7.189445E-04
  1.514000E+00 -7.003439E-04
  1.515000E+00 -6.764435E-04
  1.516000E+00 -6.477009E-04
  1.517000E+00 -6.146736E-04
  1.518000E+00 -5.780072E-04
  1.519000E+00 -5.384199E-04
  1.520000E+00 -4.966867E-04
  1.521000E+00 -4.536217E-04
  1.522000E+00 -4.100598E-04
  1.523000E+00 -3.668379E-04
  1.524000E+00 -3.247767E-04
  1.525000E+00 -2.846627E-04
  1.526000E+00 -2.472313E-04
  1.527000E+00 -2.131518E-04
  1.528000E+00 -1.830134E-04
  1.529000E+00 -1.573145E-04
  1.530000E+00 -1.364535E-04
  1.531000E+00 -1.207223E-04
  1.532000E+00 -1.103035E-04
  1.533000E+00 -1.052689E-04
  1.534000E+00 -1.055818E-04
  1.535000E+00 -1.111015E-04
  1.536000E+00 -1.215907E-04
  1.537000E+00 -1.367244E-04
  1.538000E+00 -1.561018E-04
  1.539000E+00 -1.792592E-04
  1.540000E+00 -2.056841E-04
  1.541000E+00 -2.348310E-04
  1.542000E+00 -2.661371E-04
  1.543000E+00 -2.990378E-04
  1.544000E+00 -3.329826E-04
  1.545000E+00 -3.674491E-04
  1.546000E+00 -4.019570E-04
  1.547000E+00 -4.360787E-04
  1.548000E+00 -4.694496E-04
  1.549000E+00 -5.017742E-04
  1.550000E+00 -5.328316E-04
  1.551000E+00 -5.624759E-04
  1.552000E+00 -5.906360E-04
  1.553000E+00 -6.173108E-04
  1.554000E+00 -6.425629E-04
  1.555000E+00 -6.665095E-04
  1.556000E+00 -6.893115E-04
  1.557000E+00 -7.111611E-04
  1.558000E+00 -7.322683E-04
  1.559000E+00 -7.528472E-04
  1.560000E+00 -7.731023E-04
  1.561000E+00 -7.932151E-04
  1.562000E+00 -8.133322E-04
  1.563000E+00 -8.335546E-04
  1.564000E+00 -8.539289E-04
  1.565000E+00 -8.744406E-04
  1.566000E+00 -8.950095E-04
  1.567000E+00 -9.154880E-04
  1.568000E+00 -9.356610E-04
  1.569000E+00 -9.552491E-04
  1.570000E+00 -9.739135E-04
  1.571000E+00 -9.912636E-04
  1.572000E+00 -1.006866E-03
  1.573000E+00 -1.020255E-03
  1.574000E+00 -1.030946E-03
  1.575000E+00 -1.038449E-03
  1.576000E+00 -1.042280E-03
  1.577000E+00 -1.041980E-03
  1.578000E+00 -1.037122E-03
  1.579000E+00 -1.027334E-03
  1.580000E+00 -1.012304E-03
  1.581000E+00 -9.917960E-04
  1.582000E+00 -9.656591E-04
  1.583000E+00 -9.338374E-04
  1.584000E+00 -8.963763E-04
  1.585000E+00 -8.534273E-04
  1.586000E+00 -8.052507E-04
  1.587000E+00 -7.522154E-04
  1.588000E+00 -6.947961E-04
  1.589000E+00 -6.335678E-04
  1.590000E+00 -5.691981E-04
  1.591000E+00 -5.024360E-04
  1.592000E+00 -4.340995E-04
  1.593000E+00 -3.650603E-04
  1.594000E+00 -2.962268E-04
  1.595000E+00 -2.285262E-04
  1.596000E+00 -1.628857E-04
  1.597000E+00 -1.002125E-04
  1.598000E+00 -4.137466E-05
  1.599000E+00  1.281744E-05
  1.600000E+00  6.162900E-05
  1.601000E+00  1.044166E-04
  1.602000E+00  1.406423E-04
  1.603000E+00  1.698846E-04
  1.604000E+00  1.918473E-04
  1.605000E+00  2.063647E-04
  1.606000E+00  2.134040E-04
  1.607000E+00  2.130644E-04
  1.608000E+00  2.055724E-04
  1.609000E+00  1.912755E-04
  1.610000E+00  1.706320E-04
  1.611000E+00  1.441994E-04
  1.612000E+00  1.126200E-04
  1.613000E+00  7.660588E-05
  1.614000E+00  3.692228E-05
  1.615000E+00 -5.629432E-06
  1.616000E+00 -5.022892E-05
  1.617000E+00 -9.605376E-05
  1.618000E+00 -1.422956E-04
  1.619000E+00 -1.881756E-04
  1.620000E+00 -2.329579E-04
  1.621000E+00 -2.759621E-04
  1.622000E+00 -3.165741E-04
  1.623000E+00 -3.542542E-04
  1.624000E+00 -3.885444E-04
  1.625000E+00 -4.190722E-04
  1.626000E+00 -4.455541E-04
  1.627000E+00 -4.677955E-04
  1.628000E+00 -4.856897E-04
  1.629000E+00 -4.992148E-04
  1.630000E+00 -5.084291E-04
  1.631000E+00 -5.134647E-04
  1.632000E+00 -5.145203E-04
  1.633000E+00 -5.118531E-04
  1.634000E+00 -5.057690E-04
  1.635000E+00 -4.966138E-04
  1.636000E+00 -4.847627E-04
  1.637000E+00 -4.706109E-04
  1.638000E+00 -4.545637E-04
  1.639000E+00 -4.370272E-04
  1.640000E+00 -4.183998E-04
  1.641000E+00 -3.990642E-04
  1.642000E+00 -3.793802E-04
  1.643000E+00 -3.596788E-04
  1.644000E+00 -3.402564E-04
  1.645000E+00 -3.213714E-04
  1.646000E+00 -3.032407E-04
  1.647000E+00 -2.860379E-04
  1.648000E+00 -2.698926E-04
  1.649000E+00 -2.548905E-04
  1.650000E+00 -2.410745E-04
  1.651000E+00 -2.284474E-04
  1.652000E+00 -2.169744E-04
  1.653000E+00 -2.065874E-04
  1.654000E+00 -1.971896E-04
  1.655000E+00 -1.886603E-04
  1.656000E+00 -1.808607E-04
  1.657000E+00 -1.736394E-04
  1.658000E+00 -1.668382E-04
  1.659000E+00 -1.602982E-04
  1.660000E+00 -1.538649E-04
  1.661000E+00 -1.473934E-04
  1.662000E+00 -1.407533E-04
  1.663000E+00 -1.338321E-04
  1.664000E+00 -1.265383E-04
  1.665000E+00 -1.188039E-04
  1.666000E+00 -1.105850E-04
  1.667000E+00 -1.018622E-04
  1.668000E+00 -9.263957E-05
  1.669000E+00 -8.294277E-05
  1.670000E+00 -7.281634E-05
  1.671000E+00 -6.232021E-05
  1.672000E+00 -5.152572E-05
  1.673000E+00 -4.051128E-05
  1.674000E+00 -2.935790E-05
  1.675000E+00 -1.814479E-05
  1.676000E+00 -6.945361E-06
  1.677000E+00  4.176334E-06
  1.678000E+00  1.516842E-05
  1.679000E+00  2.599323E-05
  1.680000E+00  3.662842E-05
  1.681000E+00  4.706719E-05
  1.682000E+00  5.731758E-05
  1.683000E+00  6.740088E-05
  1.684000E+00  7.734930E-05
  1.685000E+00  8.720291E-05
  1.686000E+00  9.700596E-05
  1.687000E+00  1.068030E-04
  1.688000E+00  1.166343E-04
  1.689000E+00  1.265318E-04
  1.690000E+00  1.365148E-04
  1.691000E+00  1.465857E-04
  1.692000E+00  1.567266E-04
  1.693000E+00  1.668966E-04
  1.694000E+00  1.770292E-04
  1.695000E+00  1.870311E-04
  1.696000E+00  1.967819E-04
  1.697000E+00  2.061347E-04
  1.698000E+00  2.149175E-04
  1.699000E+00  2.229361E-04
  1.700000E+00  2.299777E-04
  1.701000E+00  2.358155E-04
  1.702000E+00  2.402141E-04
  1.703000E+00  2.429360E-04
  1.704000E+00  2.437478E-04
  1.705000E+00  2.424282E-04
  1.706000E+00  2.387745E-04
  1.707000E+00  2.326106E-04
  1.708000E+00  2.237939E-04
  1.709000E+00  2.122220E-04
  1.710000E+00  1.978393E-04
  1.711000E+00  1.806420E-04
  1.712000E+00  1.606826E-04
  1.713000E+00  1.380731E-04
  1.714000E+00  1.129863E-04
  1.715000E+00  8.565677E-05
  1.716000E+00  5.637861E-05
  1.717000E+00  2.550298E-05
  1.718000E+00 -6.566897E-06
  1.719000E+00 -3.938209E-05
  1.720000E+00 -7.245600E-05
  1.721000E+00 -1.052739E-04
  1.722000E+00 -1.373037E-04
  1.723000E+00 -1.680079E-04
  1.724000E+00 -1.968566E-04
  1.725000E+00 -2.233402E-04
  1.726000E+00 -2.469833E-04
  1.727000E+00 -2.673573E-04
  1.728000E+00 -2.840928E-04
  1.729000E+00 -2.968908E-04
  1.730000E+00 -3.055317E-04
  1.731000E+00 -3.098831E-04
  1.732000E+00 -3.099049E-04
  1.733000E+00 -3.056521E-04
  1.734000E+00 -2.972743E-04
  1.735000E+00 -2.850137E-04
  1.736000E+00 -2.691996E-04
  1.737000E+00 -2.502406E-04
  1.738000E+00 -2.286149E-04
  1.739000E+00 -2.048582E-04
  1.740000E+00 -1.795506E-04
  1.741000E+00 -1.533017E-04
  1.742000E+00 -1.267360E-04
  1.743000E+00 -1.004774E-04
  1.744000E+00 -7.513390E-05
  1.745000E+00 -5.128365E-05
  1.746000E+00 -2.946161E-05
  1.747000E+00 -1.014761E-05
  1.748000E+00  6.243867E-06
  1.749000E+00  1.937218E-05
  1.750000E+00  2.897709E-05
  1.751000E+00  3.488338E-05
  1.752000E+00  3.700333E-05
  1.753000E+00  3.533725E-05
  1.754000E+00  2.997185E-05
  1.755000E+00  2.107673E-05
  1.756000E+00  8.898773E-06
  1.757000E+00 -6.245172E-06
  1.758000E+00 -2.397730E-05
  1.759000E+00 -4.386926E-05
  1.760000E+00 -6.545377E-05
  1.761000E+00 -8.823691E-05
  1.762000E+00 -1.117110E-04
  1.763000E+00 -1.353676E-04
  1.764000E+00 -1.587100E-04
  1.765000E+00 -1.812652E-04
  1.766000E+00 -2.025948E-04
  1.767000E+00 -2.223044E-04
  1.768000E+00 -2.400514E-04
  1.769000E+00 -2.555508E-04
  1.770000E+00 -2.685790E-04
  1.771000E+00 -2.789749E-04
  1.772000E+00 -2.866392E-04
  1.773000E+00 -2.915318E-04
  1.774000E+00 -2.936666E-04
  1.775000E+00 -2.931050E-04
  1.776000E+00 -2.899479E-04
  1.777000E+00 -2.843268E-04
  1.778000E+00 -2.763938E-04
  1.779000E+00 -2.663119E-04
  1.780000E+00 -2.542454E-04
  1.781000E+00 -2.403504E-04
  1.782000E+00 -2.247665E-04
  1.783000E+00 -2.076101E-04
  1.784000E+00 -1.889692E-04
  1.785000E+00 -1.688993E-04
  1.786000E+00 -1.474223E-04
  1.787000E+00 -1.245265E-04
  1.788000E+00 -1.001690E-04
  1.789000E+00 -7.428018E-05
  1.790000E+00 -4.676864E-05
  1.791000E+00 -1.752894E-05
  1.792000E+00  1.355039E-05
  1.793000E+00  4.657782E-05
  1.794000E+00  8.164934E-05
  1.795000E+00  1.188388E-04
  1.796000E+00  1.581883E-04
  1.797000E+00  1.996998E-04
  1.798000E+00  2.433262E-04
  1.799000E+00  2.889653E-04
  1.800000E+00  3.364534E-04
  1.801000E+00  3.855618E-04
  1.802000E+00  4.359938E-04
  1.803000E+00  4.873851E-04
  1.804000E+00  5.393043E-04
  1.805000E+00  5.912570E-04
  1.806000E+00  6.426906E-04
  1.807000E+00  6.930019E-04
  1.808000E+00  7.415457E-04
  1.809000E+00  7.876455E-04
  1.810000E+00  8.306056E-04
  1.811000E+00  8.697238E-04
  1.812000E+00  9.043061E-04
  1.813000E+00  9.336812E-04
  1.814000E+00  9.572155E-04
  1.815000E+00  9.743291E-04
  1.816000E+00  9.845098E-04
  1.817000E+00  9.873281E-04
  1.818000E+00  9.824491E-04
  1.819000E+00  9.696447E-04
  1.820000E+00  9.488022E-04
  1.821000E+00  9.199316E-04
  1.822000E+00  8.831698E-04
  1.823000E+00  8.387822E-04
  1.824000E+00  7.871615E-04
  1.825000E+00  7.288238E-04
  1.826000E+00  6.644017E-04
  1.827000E+00  5.946344E-04
  1.828000E+00  5.203562E-04
  1.829000E+00  4.424822E-04
  1.830000E+00  3.619923E-04
  1.831000E+00  2.799135E-04
  1.832000E+00  1.973017E-04
  1.833000E+00  1.152224E-04
  1.834000E+00  3.473112E-05
  1.835000E+00 -4.314502E-05
  1.836000E+00 -1.174259E-04
  1.837000E+00 -1.871948E-04
  1.838000E+00 -2.516144E-04
  1.839000E+00 -3.099392E-04
  1.840000E+00 -3.615274E-04
  1.841000E+00 -4.058494E-04
  1.842000E+00 -4.424941E-04
  1.843000E+00 -4.711732E-04
  1.844000E+00 -4.917224E-04
  1.845000E+00 -5.041009E-04
  1.846000E+00 -5.083883E-04
  1.847000E+00 -5.047797E-04
  1.848000E+00 -4.935789E-04
  1.849000E+00 -4.751905E-04
  1.850000E+00 -4.501100E-04
  1.851000E+00 -4.189134E-04
  1.852000E+00 -3.822455E-04
  1.853000E+00 -3.408083E-04
  1.854000E+00 -2.953479E-04
  1.855000E+00 -2.466426E-04
  1.856000E+00 -1.954898E-04
  1.857000E+00 -1.426936E-04
  1.858000E+00 -8.905355E-05
  1.859000E+00 -3.535260E-05
  1.860000E+00  1.765272E-05
  1.861000E+00  6.924195E-05
  1.862000E+00  1.187391E-04
  1.863000E+00  1.655200E-04
  1.864000E+00  2.090185E-04
  1.865000E+00  2.487315E-04
  1.866000E+00  2.842234E-04
  1.867000E+00  3.151294E-04
  1.868000E+00  3.411576E-04
  1.869000E+00  3.620915E-04
  1.870000E+00  3.777903E-04
  1.871000E+00  3.881899E-04
  1.872000E+00  3.933027E-04
  1.873000E+00  3.932167E-04
  1.874000E+00  3.880938E-04
  1.875000E+00  3.781679E-04
  1.876000E+00  3.637416E-04
  1.877000E+00  3.451823E-04
  1.878000E+00  3.229174E-04
  1.879000E+00  2.974283E-04
  1.880000E+00  2.692441E-04
  1.881000E+00  2.389337E-04
  1.882000E+00  2.070973E-04
  1.883000E+00  1.743572E-04
  1.884000E+00  1.413481E-04
  1.885000E+00  1.087055E-04
  1.886000E+00  7.705563E-05
  1.887000E+00  4.700292E-05
  1.888000E+00  1.911893E-05
  1.889000E+00 -6.069448E-06
  1.890000E+00 -2.809112E-05
  1.891000E+00 -4.654137E-05
  1.892000E+00 -6.109141E-05
  1.893000E+00 -7.149675E-05
  1.894000E+00 -7.760393E-05
  1.895000E+00 -7.935562E-05
  1.896000E+00 -7.679354E-05
  1.897000E+00 -7.005935E-05
  1.898000E+00 -5.939319E-05
  1.899000E+00 -4.512997E-05
  1.900000E+00 -2.769319E-05
  1.901000E+00 -7.586670E-06
  1.902000E+00  1.461601E-05
  1.903000E+00  3.828389E-05
  1.904000E+00  6.274279E-05
  1.905000E+00  8.729086E-05
  1.906000E+00  1.112151E-04
  1.907000E+00  1.338084E-04
  1.908000E+00  1.543871E-04
  1.909000E+00  1.723072E-04
  1.910000E+00  1.869809E-04
  1.911000E+00  1.978903E-04
  1.912000E+00  2.046005E-04
  1.913000E+00  2.067691E-04
  1.914000E+00  2.041545E-04
  1.915000E+00  1.966198E-04
  1.916000E+00  1.841354E-04
  1.917000E+00  1.667771E-04
  1.918000E+00  1.447231E-04
  1.919000E+00  1.182468E-04
  1.920000E+00  8.770813E-05
  1.921000E+00  5.354301E-05
  1.922000E+00  1.625076E-05
  1.923000E+00 -2.361940E-05
  1.924000E+00 -6.548256E-05
  1.925000E+00 -1.087327E-04
  1.926000E+00 -1.527571E-04
  1.927000E+00 -1.969503E-04
  1.928000E+00 -2.407271E-04
  1.929000E+00 -2.835348E-04
  1.930000E+00 -3.248640E-04
  1.931000E+00 -3.642575E-04
  1.932000E+00 -4.013180E-04
  1.933000E+00 -4.357139E-04
  1.934000E+00 -4.671833E-04
  1.935000E+00 -4.955360E-04
  1.936000E+00 -5.206536E-04
  1.937000E+00 -5.424881E-04
  1.938000E+00 -5.610586E-04
  1.939000E+00 -5.764464E-04
  1.940000E+00 -5.887892E-04
  1.941000E+00 -5.982732E-04
  1.942000E+00 -6.051255E-04
  1.943000E+00 -6.096048E-04
  1.944000E+00 -6.119916E-04
  1.945000E+00 -6.125793E-04
  1.946000E+00 -6.116639E-04
  1.947000E+00 -6.095353E-04
  1.948000E+00 -6.064686E-04
  1.949000E+00 -6.027167E-04
  1.950000E+00 -5.985039E-04
  1.951000E+00 -5.940208E-04
  1.952000E+00 -5.894217E-04
  1.953000E+00 -5.848221E-04
  1.954000E+00 -5.802992E-04
  1.955000E+00 -5.758935E-04
  1.956000E+00 -5.716116E-04
  1.957000E+00 -5.674306E-04
  1.958000E+00 -5.633036E-04
  1.959000E+00 -5.591653E-04
  1.960000E+00 -5.549382E-04
  1.961000E+00 -5.505395E-04
  1.962000E+00 -5.458864E-04
  1.963000E+00 -5.409020E-04
  1.964000E+00 -5.355194E-04
  1.965000E+00 -5.296854E-04
  1.966000E+00 -5.233631E-04
  1.967000E+00 -5.165321E-04
  1.968000E+00 -5.091893E-04
  1.969000E+00 -5.013466E-04
  1.970000E+00 -4.930292E-04
  1.971000E+00 -4.842717E-04
  1.972000E+00 -4.751148E-04
  1.973000E+00 -4.656002E-04
  1.974000E+00 -4.557670E-04
  1.975000E+00 -4.456466E-04
  1.976000E+00 -4.352592E-04
  1.977000E+00 -4.246102E-04
  1.978000E+00 -4.136881E-04
  1.979000E+00 -4.024622E-04
  1.980000E+00 -3.908832E-04
  1.981000E+00 -3.788826E-04
  1.982000E+00 -3.663756E-04
  1.983000E+00 -3.532628E-04
  1.984000E+00 -3.394346E-04
  1.985000E+00 -3.247753E-04
  1.986000E+00 -3.091682E-04
  1.987000E+00 -2.925006E-04
  1.988000E+00 -2.746696E-04
  1.989000E+00 -2.555868E-04
  1.990000E+00 -2.351836E-04
  1.991000E+00 -2.134157E-04
  1.992000E+00 -1.902665E-04
  1.993000E+00 -1.657508E-04
  1.994000E+00 -1.399167E-04
  1.995000E+00 -1.128478E-04
  1.996000E+00 -8.466348E-05
  1.997000E+00 -5.551928E-05
  1.998000E+00 -2.560612E-05
  1.999000E+00  4.851147E-06
  2.000000E+00  3.581984E-02
