; material = LLZO                                                       
Li            2000  1.54753637E+02          580.000000
  0.000000E+00  1.000000E+00
  1.000000E-03  9.953491E-01
  2.000000E-03  9.814746E-01
  3.000000E-03  9.586078E-01
  4.000000E-03  9.271282E-01
  5.000000E-03  8.875546E-01
  6.000000E-03  8.405330E-01
  7.000000E-03  7.868219E-01
  8.000000E-03  7.272750E-01
  9.000000E-03  6.628225E-01
  1.000000E-02  5.944508E-01
  1.100000E-02  5.231816E-01
  1.200000E-02  4.500510E-01
  1.300000E-02  3.760886E-01
  1.400000E-02  3.022983E-01
  1.500000E-02  2.296389E-01
  1.600000E-02  1.590083E-01
  1.700000E-02  9.122801E-02
  1.800000E-02  2.703083E-02
  1.900000E-02 -3.294915E-02
  2.000000E-02 -8.818422E-02
  2.100000E-02 -1.382579E-01
  2.200000E-02 -1.828673E-01
  2.300000E-02 -2.218229E-01
  2.400000E-02 -2.550458E-01
  2.500000E-02 -2.825631E-01
  2.600000E-02 -3.045007E-01
  2.700000E-02 -3.210748E-01
  2.800000E-02 -3.325817E-01
  2.900000E-02 -3.393861E-01
  3.000000E-02 -3.419093E-01
  3.100000E-02 -3.406159E-01
  3.200000E-02 -3.360009E-01
  3.300000E-02 -3.285767E-01
  3.400000E-02 -3.188602E-01
  3.500000E-02 -3.073611E-01
  3.600000E-02 -2.945707E-01
  3.700000E-02 -2.809520E-01
  3.800000E-02 -2.669309E-01
  3.900000E-02 -2.528891E-01
  4.000000E-02 -2.391589E-01
  4.100000E-02 -2.260188E-01
  4.200000E-02 -2.136912E-01
  4.300000E-02 -2.023423E-01
  4.400000E-02 -1.920822E-01
  4.500000E-02 -1.829680E-01
  4.600000E-02 -1.750066E-01
  4.700000E-02 -1.681601E-01
  4.800000E-02 -1.623510E-01
  4.900000E-02 -1.574688E-01
  5.000000E-02 -1.533765E-01
  5.100000E-02 -1.499180E-01
  5.200000E-02 -1.469250E-01
  5.300000E-02 -1.442239E-01
  5.400000E-02 -1.416425E-01
  5.500000E-02 -1.390159E-01
  5.600000E-02 -1.361919E-01
  5.700000E-02 -1.330355E-01
  5.800000E-02 -1.294324E-01
  5.900000E-02 -1.252922E-01
  6.000000E-02 -1.205495E-01
  6.100000E-02 -1.151653E-01
  6.200000E-02 -1.091265E-01
  6.300000E-02 -1.024451E-01
  6.400000E-02 -9.515640E-02
  6.500000E-02 -8.731688E-02
  6.600000E-02 -7.900099E-02
  6.700000E-02 -7.029801E-02
  6.800000E-02 -6.130841E-02
  6.900000E-02 -5.214013E-02
  7.000000E-02 -4.290487E-02
  7.100000E-02 -3.371450E-02
  7.200000E-02 -2.467762E-02
  7.300000E-02 -1.589661E-02
  7.400000E-02 -7.464930E-03
  7.500000E-02  5.349985E-04
  7.600000E-02  8.033412E-03
  7.700000E-02  1.497430E-02
  7.800000E-02  2.131595E-02
  7.900000E-02  2.703095E-02
  8.000000E-02  3.210567E-02
  8.100000E-02  3.653938E-02
  8.200000E-02  4.034293E-02
  8.300000E-02  4.353706E-02
  8.400000E-02  4.615063E-02
  8.500000E-02  4.821859E-02
  8.600000E-02  4.977993E-02
  8.700000E-02  5.087565E-02
  8.800000E-02  5.154685E-02
  8.900000E-02  5.183301E-02
  9.000000E-02  5.177044E-02
  9.100000E-02  5.139106E-02
  9.200000E-02  5.072154E-02
  9.300000E-02  4.978270E-02
  9.400000E-02  4.858931E-02
  9.500000E-02  4.715022E-02
  9.600000E-02  4.546879E-02
  9.700000E-02  4.354365E-02
  9.800000E-02  4.136969E-02
  9.900000E-02  3.893923E-02
  1.000000E-01  3.624331E-02
  1.010000E-01  3.327316E-02
  1.020000E-01  3.002152E-02
  1.030000E-01  2.648405E-02
  1.040000E-01  2.266057E-02
  1.050000E-01  1.855612E-02
  1.060000E-01  1.418184E-02
  1.070000E-01  9.555612E-03
  1.080000E-01  4.702373E-03
  1.090000E-01 -3.458139E-04
  1.100000E-01 -5.550015E-03
  1.110000E-01 -1.086497E-02
  1.120000E-01 -1.623989E-02
  1.130000E-01 -2.161954E-02
  1.140000E-01 -2.694549E-02
  1.150000E-01 -3.215756E-02
  1.160000E-01 -3.719534E-02
  1.170000E-01 -4.199980E-02
  1.180000E-01 -4.651488E-02
  1.190000E-01 -5.068901E-02
  1.200000E-01 -5.447656E-02
  1.210000E-01 -5.783902E-02
  1.220000E-01 -6.074612E-02
  1.230000E-01 -6.317655E-02
  1.240000E-01 -6.511851E-02
  1.250000E-01 -6.656989E-02
  1.260000E-01 -6.753822E-02
  1.270000E-01 -6.804025E-02
  1.280000E-01 -6.810130E-02
  1.290000E-01 -6.775429E-02
  1.300000E-01 -6.703861E-02
  1.310000E-01 -6.599876E-02
  1.320000E-01 -6.468283E-02
  1.330000E-01 -6.314093E-02
  1.340000E-01 -6.142355E-02
  1.350000E-01 -5.957998E-02
  1.360000E-01 -5.765677E-02
  1.370000E-01 -5.569628E-02
  1.380000E-01 -5.373552E-02
  1.390000E-01 -5.180505E-02
  1.400000E-01 -4.992825E-02
  1.410000E-01 -4.812077E-02
  1.420000E-01 -4.639033E-02
  1.430000E-01 -4.473676E-02
  1.440000E-01 -4.315234E-02
  1.450000E-01 -4.162242E-02
  1.460000E-01 -4.012627E-02
  1.470000E-01 -3.863816E-02
  1.480000E-01 -3.712860E-02
  1.490000E-01 -3.556570E-02
  1.500000E-01 -3.391666E-02
  1.510000E-01 -3.214926E-02
  1.520000E-01 -3.023329E-02
  1.530000E-01 -2.814201E-02
  1.540000E-01 -2.585339E-02
  1.550000E-01 -2.335124E-02
  1.560000E-01 -2.062615E-02
  1.570000E-01 -1.767615E-02
  1.580000E-01 -1.450716E-02
  1.590000E-01 -1.113317E-02
  1.600000E-01 -7.576136E-03
  1.610000E-01 -3.865573E-03
  1.620000E-01 -3.796651E-05
  1.630000E-01  3.864110E-03
  1.640000E-01  7.793059E-03
  1.650000E-01  1.169750E-02
  1.660000E-01  1.552364E-02
  1.670000E-01  1.921671E-02
  1.680000E-01  2.272249E-02
  1.690000E-01  2.598876E-02
  1.700000E-01  2.896672E-02
  1.710000E-01  3.161233E-02
  1.720000E-01  3.388749E-02
  1.730000E-01  3.576101E-02
  1.740000E-01  3.720944E-02
  1.750000E-01  3.821762E-02
  1.760000E-01  3.877899E-02
  1.770000E-01  3.889566E-02
  1.780000E-01  3.857825E-02
  1.790000E-01  3.784545E-02
  1.800000E-01  3.672339E-02
  1.810000E-01  3.524481E-02
  1.820000E-01  3.344804E-02
  1.830000E-01  3.137591E-02
  1.840000E-01  2.907445E-02
  1.850000E-01  2.659168E-02
  1.860000E-01  2.397630E-02
  1.870000E-01  2.127639E-02
  1.880000E-01  1.853829E-02
  1.890000E-01  1.580544E-02
  1.900000E-01  1.311748E-02
  1.910000E-01  1.050941E-02
  1.920000E-01  8.011001E-03
  1.930000E-01  5.646382E-03
  1.940000E-01  3.433790E-03
  1.950000E-01  1.385560E-03
  1.960000E-01 -4.917130E-04
  1.970000E-01 -2.196830E-03
  1.980000E-01 -3.733489E-03
  1.990000E-01 -5.109650E-03
  2.000000E-01 -6.336795E-03
  2.010000E-01 -7.429115E-03
  2.020000E-01 -8.402648E-03
  2.030000E-01 -9.274415E-03
  2.040000E-01 -1.006157E-02
  2.050000E-01 -1.078062E-02
  2.060000E-01 -1.144668E-02
  2.070000E-01 -1.207289E-02
  2.080000E-01 -1.266993E-02
  2.090000E-01 -1.324565E-02
  2.100000E-01 -1.380485E-02
  2.110000E-01 -1.434925E-02
  2.120000E-01 -1.487756E-02
  2.130000E-01 -1.538570E-02
  2.140000E-01 -1.586712E-02
  2.150000E-01 -1.631329E-02
  2.160000E-01 -1.671417E-02
  2.170000E-01 -1.705885E-02
  2.180000E-01 -1.733616E-02
  2.190000E-01 -1.753525E-02
  2.200000E-01 -1.764626E-02
  2.210000E-01 -1.766084E-02
  2.220000E-01 -1.757267E-02
  2.230000E-01 -1.737782E-02
  2.240000E-01 -1.707510E-02
  2.250000E-01 -1.666622E-02
  2.260000E-01 -1.615583E-02
  2.270000E-01 -1.555148E-02
  2.280000E-01 -1.486345E-02
  2.290000E-01 -1.410439E-02
  2.300000E-01 -1.328895E-02
  2.310000E-01 -1.243331E-02
  2.320000E-01 -1.155457E-02
  2.330000E-01 -1.067018E-02
  2.340000E-01 -9.797336E-03
  2.350000E-01 -8.952319E-03
  2.360000E-01 -8.149944E-03
  2.370000E-01 -7.403014E-03
  2.380000E-01 -6.721861E-03
  2.390000E-01 -6.113987E-03
  2.400000E-01 -5.583802E-03
  2.410000E-01 -5.132489E-03
  2.420000E-01 -4.757996E-03
  2.430000E-01 -4.455148E-03
  2.440000E-01 -4.215893E-03
  2.450000E-01 -4.029654E-03
  2.460000E-01 -3.883792E-03
  2.470000E-01 -3.764149E-03
  2.480000E-01 -3.655665E-03
  2.490000E-01 -3.543027E-03
  2.500000E-01 -3.411349E-03
  2.510000E-01 -3.246831E-03
  2.520000E-01 -3.037395E-03
  2.530000E-01 -2.773259E-03
  2.540000E-01 -2.447425E-03
  2.550000E-01 -2.056073E-03
  2.560000E-01 -1.598828E-03
  2.570000E-01 -1.078901E-03
  2.580000E-01 -5.030911E-04
  2.590000E-01  1.183609E-04
  2.600000E-01  7.720501E-04
  2.610000E-01  1.441823E-03
  2.620000E-01  2.109312E-03
  2.630000E-01  2.754567E-03
  2.640000E-01  3.356777E-03
  2.650000E-01  3.895042E-03
  2.660000E-01  4.349171E-03
  2.670000E-01  4.700494E-03
  2.680000E-01  4.932627E-03
  2.690000E-01  5.032198E-03
  2.700000E-01  4.989476E-03
  2.710000E-01  4.798897E-03
  2.720000E-01  4.459456E-03
  2.730000E-01  3.974954E-03
  2.740000E-01  3.354086E-03
  2.750000E-01  2.610353E-03
  2.760000E-01  1.761819E-03
  2.770000E-01  8.306922E-04
  2.780000E-01 -1.572437E-04
  2.790000E-01 -1.173336E-03
  2.800000E-01 -2.186891E-03
  2.810000E-01 -3.166092E-03
  2.820000E-01 -4.078985E-03
  2.830000E-01 -4.894497E-03
  2.840000E-01 -5.583456E-03
  2.850000E-01 -6.119579E-03
  2.860000E-01 -6.480391E-03
  2.870000E-01 -6.648053E-03
  2.880000E-01 -6.610062E-03
  2.890000E-01 -6.359798E-03
  2.900000E-01 -5.896901E-03
  2.910000E-01 -5.227464E-03
  2.920000E-01 -4.364026E-03
  2.930000E-01 -3.325363E-03
  2.940000E-01 -2.136087E-03
  2.950000E-01 -8.260523E-04
  2.960000E-01  5.704124E-04
  2.970000E-01  2.015422E-03
  2.980000E-01  3.468580E-03
  2.990000E-01  4.888123E-03
  3.000000E-01  6.232125E-03
  3.010000E-01  7.459730E-03
  3.020000E-01  8.532371E-03
  3.030000E-01  9.414952E-03
  3.040000E-01  1.007693E-02
  3.050000E-01  1.049329E-02
  3.060000E-01  1.064538E-02
  3.070000E-01  1.052155E-02
  3.080000E-01  1.011758E-02
  3.090000E-01  9.436979E-03
  3.100000E-01  8.490969E-03
  3.110000E-01  7.298283E-03
  3.120000E-01  5.884759E-03
  3.130000E-01  4.282705E-03
  3.140000E-01  2.530083E-03
  3.150000E-01  6.695306E-04
  3.160000E-01 -1.252771E-03
  3.170000E-01 -3.188319E-03
  3.180000E-01 -5.087597E-03
  3.190000E-01 -6.901406E-03
  3.200000E-01 -8.582197E-03
  3.210000E-01 -1.008536E-02
  3.220000E-01 -1.137041E-02
  3.230000E-01 -1.240214E-02
  3.240000E-01 -1.315148E-02
  3.250000E-01 -1.359633E-02
  3.260000E-01 -1.372215E-02
  3.270000E-01 -1.352226E-02
  3.280000E-01 -1.299806E-02
  3.290000E-01 -1.215892E-02
  3.300000E-01 -1.102190E-02
  3.310000E-01 -9.611250E-03
  3.320000E-01 -7.957685E-03
  3.330000E-01 -6.097561E-03
  3.340000E-01 -4.071837E-03
  3.350000E-01 -1.924956E-03
  3.360000E-01  2.963692E-04
  3.370000E-01  2.544402E-03
  3.380000E-01  4.771650E-03
  3.390000E-01  6.932101E-03
  3.400000E-01  8.982391E-03
  3.410000E-01  1.088289E-02
  3.420000E-01  1.259864E-02
  3.430000E-01  1.410018E-02
  3.440000E-01  1.536416E-02
  3.450000E-01  1.637379E-02
  3.460000E-01  1.711910E-02
  3.470000E-01  1.759695E-02
  3.480000E-01  1.781096E-02
  3.490000E-01  1.777113E-02
  3.500000E-01  1.749330E-02
  3.510000E-01  1.699858E-02
  3.520000E-01  1.631247E-02
  3.530000E-01  1.546404E-02
  3.540000E-01  1.448487E-02
  3.550000E-01  1.340814E-02
  3.560000E-01  1.226750E-02
  3.570000E-01  1.109612E-02
  3.580000E-01  9.925735E-03
  3.590000E-01  8.785708E-03
  3.600000E-01  7.702298E-03
  3.610000E-01  6.697975E-03
  3.620000E-01  5.790909E-03
  3.630000E-01  4.994593E-03
  3.640000E-01  4.317644E-03
  3.650000E-01  3.763747E-03
  3.660000E-01  3.331771E-03
  3.670000E-01  3.016027E-03
  3.680000E-01  2.806670E-03
  3.690000E-01  2.690221E-03
  3.700000E-01  2.650186E-03
  3.710000E-01  2.667766E-03
  3.720000E-01  2.722614E-03
  3.730000E-01  2.793619E-03
  3.740000E-01  2.859701E-03
  3.750000E-01  2.900582E-03
  3.760000E-01  2.897503E-03
  3.770000E-01  2.833884E-03
  3.780000E-01  2.695889E-03
  3.790000E-01  2.472884E-03
  3.800000E-01  2.157789E-03
  3.810000E-01  1.747290E-03
  3.820000E-01  1.241932E-03
  3.830000E-01  6.460787E-04
  3.840000E-01 -3.225680E-05
  3.850000E-01 -7.816947E-04
  3.860000E-01 -1.587881E-03
  3.870000E-01 -2.433971E-03
  3.880000E-01 -3.301185E-03
  3.890000E-01 -4.169423E-03
  3.900000E-01 -5.017911E-03
  3.910000E-01 -5.825858E-03
  3.920000E-01 -6.573111E-03
  3.930000E-01 -7.240776E-03
  3.940000E-01 -7.811788E-03
  3.950000E-01 -8.271426E-03
  3.960000E-01 -8.607737E-03
  3.970000E-01 -8.811874E-03
  3.980000E-01 -8.878332E-03
  3.990000E-01 -8.805074E-03
  4.000000E-01 -8.593558E-03
  4.010000E-01 -8.248649E-03
  4.020000E-01 -7.778433E-03
  4.030000E-01 -7.193940E-03
  4.040000E-01 -6.508783E-03
  4.050000E-01 -5.738729E-03
  4.060000E-01 -4.901213E-03
  4.070000E-01 -4.014821E-03
  4.080000E-01 -3.098744E-03
  4.090000E-01 -2.172241E-03
  4.100000E-01 -1.254104E-03
  4.110000E-01 -3.621590E-04
  4.120000E-01  4.871842E-04
  4.130000E-01  1.279334E-03
  4.140000E-01  2.001842E-03
  4.150000E-01  2.644659E-03
  4.160000E-01  3.200302E-03
  4.170000E-01  3.663943E-03
  4.180000E-01  4.033410E-03
  4.190000E-01  4.309108E-03
  4.200000E-01  4.493869E-03
  4.210000E-01  4.592722E-03
  4.220000E-01  4.612619E-03
  4.230000E-01  4.562104E-03
  4.240000E-01  4.450954E-03
  4.250000E-01  4.289795E-03
  4.260000E-01  4.089711E-03
  4.270000E-01  3.861862E-03
  4.280000E-01  3.617112E-03
  4.290000E-01  3.365700E-03
  4.300000E-01  3.116934E-03
  4.310000E-01  2.878947E-03
  4.320000E-01  2.658502E-03
  4.330000E-01  2.460853E-03
  4.340000E-01  2.289672E-03
  4.350000E-01  2.147035E-03
  4.360000E-01  2.033462E-03
  4.370000E-01  1.948024E-03
  4.380000E-01  1.888484E-03
  4.390000E-01  1.851488E-03
  4.400000E-01  1.832788E-03
  4.410000E-01  1.827484E-03
  4.420000E-01  1.830286E-03
  4.430000E-01  1.835775E-03
  4.440000E-01  1.838653E-03
  4.450000E-01  1.833990E-03
  4.460000E-01  1.817429E-03
  4.470000E-01  1.785376E-03
  4.480000E-01  1.735141E-03
  4.490000E-01  1.665040E-03
  4.500000E-01  1.574452E-03
  4.510000E-01  1.463830E-03
  4.520000E-01  1.334668E-03
  4.530000E-01  1.189422E-03
  4.540000E-01  1.031393E-03
  4.550000E-01  8.645760E-04
  4.560000E-01  6.934838E-04
  4.570000E-01  5.229465E-04
  4.580000E-01  3.579019E-04
  4.590000E-01  2.031807E-04
  4.600000E-01  6.329694E-05
  4.610000E-01 -5.775014E-05
  4.620000E-01 -1.566532E-04
  4.630000E-01 -2.309477E-04
  4.640000E-01 -2.791305E-04
  4.650000E-01 -3.007414E-04
  4.660000E-01 -2.964048E-04
  4.670000E-01 -2.678302E-04
  4.680000E-01 -2.177713E-04
  4.690000E-01 -1.499442E-04
  4.700000E-01 -6.890952E-05
  4.710000E-01  2.007953E-05
  4.720000E-01  1.112560E-04
  4.730000E-01  1.985400E-04
  4.740000E-01  2.757537E-04
  4.750000E-01  3.368429E-04
  4.760000E-01  3.760983E-04
  4.770000E-01  3.883676E-04
  4.780000E-01  3.692518E-04
  4.790000E-01  3.152789E-04
  4.800000E-01  2.240487E-04
  4.810000E-01  9.434326E-05
  4.820000E-01 -7.379947E-05
  4.830000E-01 -2.790533E-04
  4.840000E-01 -5.188124E-04
  4.850000E-01 -7.892424E-04
  4.860000E-01 -1.085371E-03
  4.870000E-01 -1.401214E-03
  4.880000E-01 -1.729942E-03
  4.890000E-01 -2.064064E-03
  4.900000E-01 -2.395645E-03
  4.910000E-01 -2.716531E-03
  4.920000E-01 -3.018589E-03
  4.930000E-01 -3.293946E-03
  4.940000E-01 -3.535219E-03
  4.950000E-01 -3.735741E-03
  4.960000E-01 -3.889756E-03
  4.970000E-01 -3.992600E-03
  4.980000E-01 -4.040844E-03
  4.990000E-01 -4.032401E-03
  5.000000E-01 -3.966603E-03
  5.010000E-01 -3.844231E-03
  5.020000E-01 -3.667503E-03
  5.030000E-01 -3.440029E-03
  5.040000E-01 -3.166722E-03
  5.050000E-01 -2.853672E-03
  5.060000E-01 -2.507991E-03
  5.070000E-01 -2.137633E-03
  5.080000E-01 -1.751185E-03
  5.090000E-01 -1.357647E-03
  5.100000E-01 -9.662039E-04
  5.110000E-01 -5.859878E-04
  5.120000E-01 -2.258521E-04
  5.130000E-01  1.058503E-04
  5.140000E-01  4.014714E-04
  5.150000E-01  6.542513E-04
  5.160000E-01  8.584760E-04
  5.170000E-01  1.009606E-03
  5.180000E-01  1.104371E-03
  5.190000E-01  1.140837E-03
  5.200000E-01  1.118424E-03
  5.210000E-01  1.037909E-03
  5.220000E-01  9.013766E-04
  5.230000E-01  7.121470E-04
  5.240000E-01  4.746747E-04
  5.250000E-01  1.944183E-04
  5.260000E-01 -1.223097E-04
  5.270000E-01 -4.685103E-04
  5.280000E-01 -8.366784E-04
  5.290000E-01 -1.218990E-03
  5.300000E-01 -1.607493E-03
  5.310000E-01 -1.994292E-03
  5.320000E-01 -2.371734E-03
  5.330000E-01 -2.732572E-03
  5.340000E-01 -3.070119E-03
  5.350000E-01 -3.378387E-03
  5.360000E-01 -3.652199E-03
  5.370000E-01 -3.887276E-03
  5.380000E-01 -4.080308E-03
  5.390000E-01 -4.228989E-03
  5.400000E-01 -4.332039E-03
  5.410000E-01 -4.389185E-03
  5.420000E-01 -4.401137E-03
  5.430000E-01 -4.369526E-03
  5.440000E-01 -4.296835E-03
  5.450000E-01 -4.186305E-03
  5.460000E-01 -4.041828E-03
  5.470000E-01 -3.867837E-03
  5.480000E-01 -3.669175E-03
  5.490000E-01 -3.450971E-03
  5.500000E-01 -3.218510E-03
  5.510000E-01 -2.977104E-03
  5.520000E-01 -2.731972E-03
  5.530000E-01 -2.488118E-03
  5.540000E-01 -2.250234E-03
  5.550000E-01 -2.022598E-03
  5.560000E-01 -1.808998E-03
  5.570000E-01 -1.612662E-03
  5.580000E-01 -1.436213E-03
  5.590000E-01 -1.281626E-03
  5.600000E-01 -1.150218E-03
  5.610000E-01 -1.042640E-03
  5.620000E-01 -9.588902E-04
  5.630000E-01 -8.983446E-04
  5.640000E-01 -8.597950E-04
  5.650000E-01 -8.415034E-04
  5.660000E-01 -8.412656E-04
  5.670000E-01 -8.564844E-04
  5.680000E-01 -8.842493E-04
  5.690000E-01 -9.214221E-04
  5.700000E-01 -9.647260E-04
  5.710000E-01 -1.010835E-03
  5.720000E-01 -1.056465E-03
  5.730000E-01 -1.098457E-03
  5.740000E-01 -1.133866E-03
  5.750000E-01 -1.160031E-03
  5.760000E-01 -1.174646E-03
  5.770000E-01 -1.175819E-03
  5.780000E-01 -1.162122E-03
  5.790000E-01 -1.132623E-03
  5.800000E-01 -1.086913E-03
  5.810000E-01 -1.025116E-03
  5.820000E-01 -9.478830E-04
  5.830000E-01 -8.563796E-04
  5.840000E-01 -7.522518E-04
  5.850000E-01 -6.375836E-04
  5.860000E-01 -5.148419E-04
  5.870000E-01 -3.868090E-04
  5.880000E-01 -2.565077E-04
  5.890000E-01 -1.271162E-04
  5.900000E-01 -1.879477E-06
  5.910000E-01  1.159851E-04
  5.920000E-01  2.233818E-04
  5.930000E-01  3.174308E-04
  5.940000E-01  3.955576E-04
  5.950000E-01  4.555775E-04
  5.960000E-01  4.957702E-04
  5.970000E-01  5.149446E-04
  5.980000E-01  5.124892E-04
  5.990000E-01  4.884092E-04
  6.000000E-01  4.433456E-04
  6.010000E-01  3.785779E-04
  6.020000E-01  2.960086E-04
  6.030000E-01  1.981292E-04
  6.040000E-01  8.796863E-05
  6.050000E-01 -3.097507E-05
  6.060000E-01 -1.548187E-04
  6.070000E-01 -2.793914E-04
  6.080000E-01 -4.003431E-04
  6.090000E-01 -5.132620E-04
  6.100000E-01 -6.137967E-04
  6.110000E-01 -6.977814E-04
  6.120000E-01 -7.613588E-04
  6.130000E-01 -8.010991E-04
  6.140000E-01 -8.141095E-04
  6.150000E-01 -7.981336E-04
  6.160000E-01 -7.516341E-04
  6.170000E-01 -6.738595E-04
  6.180000E-01 -5.648902E-04
  6.190000E-01 -4.256627E-04
  6.200000E-01 -2.579707E-04
  6.210000E-01 -6.444265E-05
  6.220000E-01  1.515045E-04
  6.230000E-01  3.857350E-04
  6.240000E-01  6.334861E-04
  6.250000E-01  8.894787E-04
  6.260000E-01  1.148047E-03
  6.270000E-01  1.403280E-03
  6.280000E-01  1.649175E-03
  6.290000E-01  1.879800E-03
  6.300000E-01  2.089450E-03
  6.310000E-01  2.272811E-03
  6.320000E-01  2.425110E-03
  6.330000E-01  2.542257E-03
  6.340000E-01  2.620967E-03
  6.350000E-01  2.658867E-03
  6.360000E-01  2.654578E-03
  6.370000E-01  2.607770E-03
  6.380000E-01  2.519187E-03
  6.390000E-01  2.390649E-03
  6.400000E-01  2.225014E-03
  6.410000E-01  2.026120E-03
  6.420000E-01  1.798692E-03
  6.430000E-01  1.548224E-03
  6.440000E-01  1.280836E-03
  6.450000E-01  1.003116E-03
  6.460000E-01  7.219423E-04
  6.470000E-01  4.442922E-04
  6.480000E-01  1.770525E-04
  6.490000E-01 -7.317551E-05
  6.500000E-01 -3.002635E-04
  6.510000E-01 -4.987328E-04
  6.520000E-01 -6.639145E-04
  6.530000E-01 -7.920881E-04
  6.540000E-01 -8.805953E-04
  6.550000E-01 -9.279237E-04
  6.560000E-01 -9.337590E-04
  6.570000E-01 -8.990035E-04
  6.580000E-01 -8.257593E-04
  6.590000E-01 -7.172768E-04
  6.600000E-01 -5.778708E-04
  6.610000E-01 -4.128033E-04
  6.620000E-01 -2.281397E-04
  6.630000E-01 -3.057925E-05
  6.640000E-01  1.727334E-04
  6.650000E-01  3.744115E-04
  6.660000E-01  5.670388E-04
  6.670000E-01  7.433839E-04
  6.680000E-01  8.966120E-04
  6.690000E-01  1.020487E-03
  6.700000E-01  1.109557E-03
  6.710000E-01  1.159323E-03
  6.720000E-01  1.166376E-03
  6.730000E-01  1.128508E-03
  6.740000E-01  1.044791E-03
  6.750000E-01  9.156172E-04
  6.760000E-01  7.427020E-04
  6.770000E-01  5.290544E-04
  6.780000E-01  2.789058E-04
  6.790000E-01 -2.393518E-06
  6.800000E-01 -3.085108E-04
  6.810000E-01 -6.322952E-04
  6.820000E-01 -9.659658E-04
  6.830000E-01 -1.301320E-03
  6.840000E-01 -1.629950E-03
  6.850000E-01 -1.943475E-03
  6.860000E-01 -2.233765E-03
  6.870000E-01 -2.493160E-03
  6.880000E-01 -2.714684E-03
  6.890000E-01 -2.892234E-03
  6.900000E-01 -3.020750E-03
  6.910000E-01 -3.096349E-03
  6.920000E-01 -3.116444E-03
  6.930000E-01 -3.079808E-03
  6.940000E-01 -2.986617E-03
  6.950000E-01 -2.838448E-03
  6.960000E-01 -2.638241E-03
  6.970000E-01 -2.390227E-03
  6.980000E-01 -2.099818E-03
  6.990000E-01 -1.773469E-03
  7.000000E-01 -1.418515E-03
  7.010000E-01 -1.042981E-03
  7.020000E-01 -6.553791E-04
  7.030000E-01 -2.644932E-04
  7.040000E-01  1.208413E-04
  7.050000E-01  4.919572E-04
  7.060000E-01  8.405688E-04
  7.070000E-01  1.158972E-03
  7.080000E-01  1.440229E-03
  7.090000E-01  1.678328E-03
  7.100000E-01  1.868320E-03
  7.110000E-01  2.006425E-03
  7.120000E-01  2.090107E-03
  7.130000E-01  2.118118E-03
  7.140000E-01  2.090504E-03
  7.150000E-01  2.008584E-03
  7.160000E-01  1.874897E-03
  7.170000E-01  1.693112E-03
  7.180000E-01  1.467924E-03
  7.190000E-01  1.204917E-03
  7.200000E-01  9.104093E-04
  7.210000E-01  5.912937E-04
  7.220000E-01  2.548554E-04
  7.230000E-01 -9.140671E-05
  7.240000E-01 -4.399611E-04
  7.250000E-01 -7.834200E-04
  7.260000E-01 -1.114706E-03
  7.270000E-01 -1.427208E-03
  7.280000E-01 -1.714914E-03
  7.290000E-01 -1.972535E-03
  7.300000E-01 -2.195594E-03
  7.310000E-01 -2.380506E-03
  7.320000E-01 -2.524621E-03
  7.330000E-01 -2.626250E-03
  7.340000E-01 -2.684666E-03
  7.350000E-01 -2.700080E-03
  7.360000E-01 -2.673600E-03
  7.370000E-01 -2.607163E-03
  7.380000E-01 -2.503462E-03
  7.390000E-01 -2.365850E-03
  7.400000E-01 -2.198236E-03
  7.410000E-01 -2.004978E-03
  7.420000E-01 -1.790765E-03
  7.430000E-01 -1.560502E-03
  7.440000E-01 -1.319197E-03
  7.450000E-01 -1.071852E-03
  7.460000E-01 -8.233584E-04
  7.470000E-01 -5.784027E-04
  7.480000E-01 -3.413855E-04
  7.490000E-01 -1.163473E-04
  7.500000E-01  9.309124E-05
  7.510000E-01  2.837764E-04
  7.520000E-01  4.530567E-04
  7.530000E-01  5.988054E-04
  7.540000E-01  7.194315E-04
  7.550000E-01  8.138800E-04
  7.560000E-01  8.816227E-04
  7.570000E-01  9.226397E-04
  7.580000E-01  9.373947E-04
  7.590000E-01  9.268031E-04
  7.600000E-01  8.921962E-04
  7.610000E-01  8.352819E-04
  7.620000E-01  7.581019E-04
  7.630000E-01  6.629890E-04
  7.640000E-01  5.525218E-04
  7.650000E-01  4.294807E-04
  7.660000E-01  2.968035E-04
  7.670000E-01  1.575411E-04
  7.680000E-01  1.481523E-05
  7.690000E-01 -1.282249E-04
  7.700000E-01 -2.684440E-04
  7.710000E-01 -4.027624E-04
  7.720000E-01 -5.281967E-04
  7.730000E-01 -6.419011E-04
  7.740000E-01 -7.412073E-04
  7.750000E-01 -8.236650E-04
  7.760000E-01 -8.870813E-04
  7.770000E-01 -9.295593E-04
  7.780000E-01 -9.495354E-04
  7.790000E-01 -9.458149E-04
  7.800000E-01 -9.176038E-04
  7.810000E-01 -8.645382E-04
  7.820000E-01 -7.867080E-04
  7.830000E-01 -6.846757E-04
  7.840000E-01 -5.594874E-04
  7.850000E-01 -4.126771E-04
  7.860000E-01 -2.462614E-04
  7.870000E-01 -6.272470E-05
  7.880000E-01  1.350055E-04
  7.890000E-01  3.435945E-04
  7.900000E-01  5.593474E-04
  7.910000E-01  7.782661E-04
  7.920000E-01  9.961174E-04
  7.930000E-01  1.208510E-03
  7.940000E-01  1.410981E-03
  7.950000E-01  1.599087E-03
  7.960000E-01  1.768503E-03
  7.970000E-01  1.915121E-03
  7.980000E-01  2.035153E-03
  7.990000E-01  2.125227E-03
  8.000000E-01  2.182482E-03
  8.010000E-01  2.204655E-03
  8.020000E-01  2.190155E-03
  8.030000E-01  2.138125E-03
  8.040000E-01  2.048496E-03
  8.050000E-01  1.922010E-03
  8.060000E-01  1.760238E-03
  8.070000E-01  1.565570E-03
  8.080000E-01  1.341188E-03
  8.090000E-01  1.091014E-03
  8.100000E-01  8.196446E-04
  8.110000E-01  5.322620E-04
  8.120000E-01  2.345271E-04
  8.130000E-01 -6.754074E-05
  8.140000E-01 -3.676973E-04
  8.150000E-01 -6.596172E-04
  8.160000E-01 -9.370432E-04
  8.170000E-01 -1.193938E-03
  8.180000E-01 -1.424636E-03
  8.190000E-01 -1.623986E-03
  8.200000E-01 -1.787488E-03
  8.210000E-01 -1.911416E-03
  8.220000E-01 -1.992921E-03
  8.230000E-01 -2.030119E-03
  8.240000E-01 -2.022152E-03
  8.250000E-01 -1.969225E-03
  8.260000E-01 -1.872622E-03
  8.270000E-01 -1.734685E-03
  8.280000E-01 -1.558772E-03
  8.290000E-01 -1.349193E-03
  8.300000E-01 -1.111109E-03
  8.310000E-01 -8.504181E-04
  8.320000E-01 -5.736186E-04
  8.330000E-01 -2.876519E-04
  8.340000E-01  2.640969E-07
  8.350000E-01  2.828117E-04
  8.360000E-01  5.527545E-04
  8.370000E-01  8.031184E-04
  8.380000E-01  1.027367E-03
  8.390000E-01  1.219569E-03
  8.400000E-01  1.374548E-03
  8.410000E-01  1.488017E-03
  8.420000E-01  1.556693E-03
  8.430000E-01  1.578379E-03
  8.440000E-01  1.552027E-03
  8.450000E-01  1.477770E-03
  8.460000E-01  1.356919E-03
  8.470000E-01  1.191936E-03
  8.480000E-01  9.863751E-04
  8.490000E-01  7.447948E-04
  8.500000E-01  4.726478E-04
  8.510000E-01  1.761445E-04
  8.520000E-01 -1.379006E-04
  8.530000E-01 -4.622378E-04
  8.540000E-01 -7.893628E-04
  8.550000E-01 -1.111702E-03
  8.560000E-01 -1.421799E-03
  8.570000E-01 -1.712499E-03
  8.580000E-01 -1.977123E-03
  8.590000E-01 -2.209630E-03
  8.600000E-01 -2.404760E-03
  8.610000E-01 -2.558160E-03
  8.620000E-01 -2.666485E-03
  8.630000E-01 -2.727469E-03
  8.640000E-01 -2.739973E-03
  8.650000E-01 -2.704004E-03
  8.660000E-01 -2.620705E-03
  8.670000E-01 -2.492311E-03
  8.680000E-01 -2.322086E-03
  8.690000E-01 -2.114234E-03
  8.700000E-01 -1.873784E-03
  8.710000E-01 -1.606457E-03
  8.720000E-01 -1.318524E-03
  8.730000E-01 -1.016641E-03
  8.740000E-01 -7.076904E-04
  8.750000E-01 -3.986106E-04
  8.760000E-01 -9.622947E-05
  8.770000E-01  1.928946E-04
  8.780000E-01  4.626233E-04
  8.790000E-01  7.073755E-04
  8.800000E-01  9.222472E-04
  8.810000E-01  1.103113E-03
  8.820000E-01  1.246705E-03
  8.830000E-01  1.350671E-03
  8.840000E-01  1.413607E-03
  8.850000E-01  1.435066E-03
  8.860000E-01  1.415544E-03
  8.870000E-01  1.356444E-03
  8.880000E-01  1.260018E-03
  8.890000E-01  1.129291E-03
  8.900000E-01  9.679674E-04
  8.910000E-01  7.803246E-04
  8.920000E-01  5.710968E-04
  8.930000E-01  3.453501E-04
  8.940000E-01  1.083545E-04
  8.950000E-01 -1.345450E-04
  8.960000E-01 -3.780546E-04
  8.970000E-01 -6.170520E-04
  8.980000E-01 -8.466990E-04
  8.990000E-01 -1.062542E-03
  9.000000E-01 -1.260602E-03
  9.010000E-01 -1.437444E-03
  9.020000E-01 -1.590239E-03
  9.030000E-01 -1.716803E-03
  9.040000E-01 -1.815619E-03
  9.050000E-01 -1.885847E-03
  9.060000E-01 -1.927311E-03
  9.070000E-01 -1.940476E-03
  9.080000E-01 -1.926407E-03
  9.090000E-01 -1.886719E-03
  9.100000E-01 -1.823510E-03
  9.110000E-01 -1.739293E-03
  9.120000E-01 -1.636915E-03
  9.130000E-01 -1.519478E-03
  9.140000E-01 -1.390245E-03
  9.150000E-01 -1.252566E-03
  9.160000E-01 -1.109784E-03
  9.170000E-01 -9.651632E-04
  9.180000E-01 -8.218131E-04
  9.190000E-01 -6.826207E-04
  9.200000E-01 -5.501946E-04
  9.210000E-01 -4.268161E-04
  9.220000E-01 -3.144014E-04
  9.230000E-01 -2.144745E-04
  9.240000E-01 -1.281504E-04
  9.250000E-01 -5.612955E-05
  9.260000E-01  1.297808E-06
  9.270000E-01  4.423796E-05
  9.280000E-01  7.317102E-05
  9.290000E-01  8.892081E-05
  9.300000E-01  9.261814E-05
  9.310000E-01  8.565886E-05
  9.320000E-01  6.965791E-05
  9.330000E-01  4.640062E-05
  9.340000E-01  1.779268E-05
  9.350000E-01 -1.419029E-05
  9.360000E-01 -4.755206E-05
  9.370000E-01 -8.032330E-05
  9.380000E-01 -1.106062E-04
  9.390000E-01 -1.366154E-04
  9.400000E-01 -1.567146E-04
  9.410000E-01 -1.694487E-04
  9.420000E-01 -1.735701E-04
  9.430000E-01 -1.680600E-04
  9.440000E-01 -1.521445E-04
  9.450000E-01 -1.253038E-04
  9.460000E-01 -8.727803E-05
  9.470000E-01 -3.806553E-05
  9.480000E-01  2.208203E-05
  9.490000E-01  9.267013E-05
  9.500000E-01  1.729758E-04
  9.510000E-01  2.620658E-04
  9.520000E-01  3.588183E-04
  9.530000E-01  4.619470E-04
  9.540000E-01  5.700277E-04
  9.550000E-01  6.815267E-04
  9.560000E-01  7.948304E-04
  9.570000E-01  9.082752E-04
  9.580000E-01  1.020178E-03
  9.590000E-01  1.128866E-03
  9.600000E-01  1.232706E-03
  9.610000E-01  1.330131E-03
  9.620000E-01  1.419671E-03
  9.630000E-01  1.499971E-03
  9.640000E-01  1.569817E-03
  9.650000E-01  1.628159E-03
  9.660000E-01  1.674119E-03
  9.670000E-01  1.707015E-03
  9.680000E-01  1.726366E-03
  9.690000E-01  1.731904E-03
  9.700000E-01  1.723575E-03
  9.710000E-01  1.701543E-03
  9.720000E-01  1.666187E-03
  9.730000E-01  1.618093E-03
  9.740000E-01  1.558049E-03
  9.750000E-01  1.487029E-03
  9.760000E-01  1.406174E-03
  9.770000E-01  1.316780E-03
  9.780000E-01  1.220268E-03
  9.790000E-01  1.118158E-03
  9.800000E-01  1.012050E-03
  9.810000E-01  9.035819E-04
  9.820000E-01  7.944079E-04
  9.830000E-01  6.861613E-04
  9.840000E-01  5.804237E-04
  9.850000E-01  4.786928E-04
  9.860000E-01  3.823519E-04
  9.870000E-01  2.926409E-04
  9.880000E-01  2.106299E-04
  9.890000E-01  1.371963E-04
  9.900000E-01  7.300523E-05
  9.910000E-01  1.849504E-05
  9.920000E-01 -2.613303E-05
  9.930000E-01 -6.091950E-05
  9.940000E-01 -8.614598E-05
  9.950000E-01 -1.023289E-04
  9.960000E-01 -1.102074E-04
  9.970000E-01 -1.107264E-04
  9.980000E-01 -1.050136E-04
  9.990000E-01 -9.435211E-05
  1.000000E+00 -8.014941E-05
  1.001000E+00 -6.390192E-05
  1.002000E+00 -4.715736E-05
  1.003000E+00 -3.147520E-05
  1.004000E+00 -1.838612E-05
  1.005000E+00 -9.351639E-06
  1.006000E+00 -5.724747E-06
  1.007000E+00 -8.712706E-06
  1.008000E+00 -1.934285E-05
  1.009000E+00 -3.843236E-05
  1.010000E+00 -6.656285E-05
  1.011000E+00 -1.040604E-04
  1.012000E+00 -1.509815E-04
  1.013000E+00 -2.071061E-04
  1.014000E+00 -2.719363E-04
  1.015000E+00 -3.447032E-04
  1.016000E+00 -4.243797E-04
  1.017000E+00 -5.096999E-04
  1.018000E+00 -5.991856E-04
  1.019000E+00 -6.911771E-04
  1.020000E+00 -7.838702E-04
  1.021000E+00 -8.753568E-04
  1.022000E+00 -9.636682E-04
  1.023000E+00 -1.046822E-03
  1.024000E+00 -1.122868E-03
  1.025000E+00 -1.189937E-03
  1.026000E+00 -1.246286E-03
  1.027000E+00 -1.290339E-03
  1.028000E+00 -1.320735E-03
  1.029000E+00 -1.336355E-03
  1.030000E+00 -1.336361E-03
  1.031000E+00 -1.320215E-03
  1.032000E+00 -1.287702E-03
  1.033000E+00 -1.238939E-03
  1.034000E+00 -1.174381E-03
  1.035000E+00 -1.094815E-03
  1.036000E+00 -1.001352E-03
  1.037000E+00 -8.954093E-04
  1.038000E+00 -7.786824E-04
  1.039000E+00 -6.531164E-04
  1.040000E+00 -5.208679E-04
  1.041000E+00 -3.842631E-04
  1.042000E+00 -2.457516E-04
  1.043000E+00 -1.078576E-04
  1.044000E+00  2.687215E-05
  1.045000E+00  1.559195E-04
  1.046000E+00  2.768475E-04
  1.047000E+00  3.873506E-04
  1.048000E+00  4.853025E-04
  1.049000E+00  5.688015E-04
  1.050000E+00  6.362098E-04
  1.051000E+00  6.861889E-04
  1.052000E+00  7.177284E-04
  1.053000E+00  7.301675E-04
  1.054000E+00  7.232110E-04
  1.055000E+00  6.969358E-04
  1.056000E+00  6.517916E-04
  1.057000E+00  5.885923E-04
  1.058000E+00  5.085016E-04
  1.059000E+00  4.130093E-04
  1.060000E+00  3.039030E-04
  1.061000E+00  1.832315E-04
  1.062000E+00  5.326405E-05
  1.063000E+00 -8.355553E-05
  1.064000E+00 -2.246587E-04
  1.065000E+00 -3.674047E-04
  1.066000E+00 -5.091345E-04
  1.067000E+00 -6.472257E-04
  1.068000E+00 -7.791468E-04
  1.069000E+00 -9.025095E-04
  1.070000E+00 -1.015119E-03
  1.071000E+00 -1.115017E-03
  1.072000E+00 -1.200530E-03
  1.073000E+00 -1.270293E-03
  1.074000E+00 -1.323290E-03
  1.075000E+00 -1.358866E-03
  1.076000E+00 -1.376747E-03
  1.077000E+00 -1.377040E-03
  1.078000E+00 -1.360235E-03
  1.079000E+00 -1.327190E-03
  1.080000E+00 -1.279112E-03
  1.081000E+00 -1.217530E-03
  1.082000E+00 -1.144260E-03
  1.083000E+00 -1.061363E-03
  1.084000E+00 -9.710973E-04
  1.085000E+00 -8.758660E-04
  1.086000E+00 -7.781619E-04
  1.087000E+00 -6.805080E-04
  1.088000E+00 -5.853988E-04
  1.089000E+00 -4.952407E-04
  1.090000E+00 -4.122948E-04
  1.091000E+00 -3.386221E-04
  1.092000E+00 -2.760337E-04
  1.093000E+00 -2.260467E-04
  1.094000E+00 -1.898459E-04
  1.095000E+00 -1.682546E-04
  1.096000E+00 -1.617131E-04
  1.097000E+00 -1.702663E-04
  1.098000E+00 -1.935615E-04
  1.099000E+00 -2.308550E-04
  1.100000E+00 -2.810291E-04
  1.101000E+00 -3.426177E-04
  1.102000E+00 -4.138413E-04
  1.103000E+00 -4.926490E-04
  1.104000E+00 -5.767685E-04
  1.105000E+00 -6.637611E-04
  1.106000E+00 -7.510813E-04
  1.107000E+00 -8.361394E-04
  1.108000E+00 -9.163659E-04
  1.109000E+00 -9.892752E-04
  1.110000E+00 -1.052528E-03
  1.111000E+00 -1.103990E-03
  1.112000E+00 -1.141789E-03
  1.113000E+00 -1.164356E-03
  1.114000E+00 -1.170477E-03
  1.115000E+00 -1.159316E-03
  1.116000E+00 -1.130443E-03
  1.117000E+00 -1.083850E-03
  1.118000E+00 -1.019947E-03
  1.119000E+00 -9.395645E-04
  1.120000E+00 -8.439280E-04
  1.121000E+00 -7.346358E-04
  1.122000E+00 -6.136205E-04
  1.123000E+00 -4.831045E-04
  1.124000E+00 -3.455469E-04
  1.125000E+00 -2.035852E-04
  1.126000E+00 -5.997227E-05
  1.127000E+00  8.249058E-05
  1.128000E+00  2.210208E-04
  1.129000E+00  3.529222E-04
  1.130000E+00  4.756497E-04
  1.131000E+00  5.868706E-04
  1.132000E+00  6.845206E-04
  1.133000E+00  7.668522E-04
  1.134000E+00  8.324752E-04
  1.135000E+00  8.803884E-04
  1.136000E+00  9.100006E-04
  1.137000E+00  9.211413E-04
  1.138000E+00  9.140608E-04
  1.139000E+00  8.894197E-04
  1.140000E+00  8.482674E-04
  1.141000E+00  7.920121E-04
  1.142000E+00  7.223807E-04
  1.143000E+00  6.413717E-04
  1.144000E+00  5.512021E-04
  1.145000E+00  4.542484E-04
  1.146000E+00  3.529850E-04
  1.147000E+00  2.499212E-04
  1.148000E+00  1.475372E-04
  1.149000E+00  4.822343E-05
  1.150000E+00 -4.577797E-05
  1.151000E+00 -1.324261E-04
  1.152000E+00 -2.099278E-04
  1.153000E+00 -2.767773E-04
  1.154000E+00 -3.317864E-04
  1.155000E+00 -3.741061E-04
  1.156000E+00 -4.032384E-04
  1.157000E+00 -4.190380E-04
  1.158000E+00 -4.217047E-04
  1.159000E+00 -4.117660E-04
  1.160000E+00 -3.900513E-04
  1.161000E+00 -3.576583E-04
  1.162000E+00 -3.159126E-04
  1.163000E+00 -2.663219E-04
  1.164000E+00 -2.105269E-04
  1.165000E+00 -1.502490E-04
  1.166000E+00 -8.723788E-05
  1.167000E+00 -2.321951E-05
  1.168000E+00  4.015314E-05
  1.169000E+00  1.013459E-04
  1.170000E+00  1.589842E-04
  1.171000E+00  2.118874E-04
  1.172000E+00  2.590966E-04
  1.173000E+00  2.998944E-04
  1.174000E+00  3.338171E-04
  1.175000E+00  3.606580E-04
  1.176000E+00  3.804629E-04
  1.177000E+00  3.935183E-04
  1.178000E+00  4.003317E-04
  1.179000E+00  4.016055E-04
  1.180000E+00  3.982058E-04
  1.181000E+00  3.911269E-04
  1.182000E+00  3.814515E-04
  1.183000E+00  3.703105E-04
  1.184000E+00  3.588412E-04
  1.185000E+00  3.481463E-04
  1.186000E+00  3.392551E-04
  1.187000E+00  3.330876E-04
  1.188000E+00  3.304231E-04
  1.189000E+00  3.318735E-04
  1.190000E+00  3.378629E-04
  1.191000E+00  3.486136E-04
  1.192000E+00  3.641388E-04
  1.193000E+00  3.842427E-04
  1.194000E+00  4.085277E-04
  1.195000E+00  4.364076E-04
  1.196000E+00  4.671280E-04
  1.197000E+00  4.997916E-04
  1.198000E+00  5.333888E-04
  1.199000E+00  5.668318E-04
  1.200000E+00  5.989909E-04
  1.201000E+00  6.287329E-04
  1.202000E+00  6.549593E-04
  1.203000E+00  6.766437E-04
  1.204000E+00  6.928664E-04
  1.205000E+00  7.028461E-04
  1.206000E+00  7.059671E-04
  1.207000E+00  7.018007E-04
  1.208000E+00  6.901215E-04
  1.209000E+00  6.709164E-04
  1.210000E+00  6.443868E-04
  1.211000E+00  6.109449E-04
  1.212000E+00  5.712020E-04
  1.213000E+00  5.259516E-04
  1.214000E+00  4.761460E-04
  1.215000E+00  4.228687E-04
  1.216000E+00  3.673023E-04
  1.217000E+00  3.106937E-04
  1.218000E+00  2.543172E-04
  1.219000E+00  1.994380E-04
  1.220000E+00  1.472749E-04
  1.221000E+00  9.896579E-05
  1.222000E+00  5.553600E-05
  1.223000E+00  1.786974E-05
  1.224000E+00 -1.331299E-05
  1.225000E+00 -3.747448E-05
  1.226000E+00 -5.427145E-05
  1.227000E+00 -6.356100E-05
  1.228000E+00 -6.540041E-05
  1.229000E+00 -6.004070E-05
  1.230000E+00 -4.791450E-05
  1.231000E+00 -2.961867E-05
  1.232000E+00 -5.892226E-06
  1.233000E+00  2.240937E-05
  1.234000E+00  5.434282E-05
  1.235000E+00  8.890738E-05
  1.236000E+00  1.250760E-04
  1.237000E+00  1.618261E-04
  1.238000E+00  1.981695E-04
  1.239000E+00  2.331791E-04
  1.240000E+00  2.660137E-04
  1.241000E+00  2.959380E-04
  1.242000E+00  3.223389E-04
  1.243000E+00  3.447369E-04
  1.244000E+00  3.627920E-04
  1.245000E+00  3.763056E-04
  1.246000E+00  3.852168E-04
  1.247000E+00  3.895945E-04
  1.248000E+00  3.896252E-04
  1.249000E+00  3.855983E-04
  1.250000E+00  3.778876E-04
  1.251000E+00  3.669320E-04
  1.252000E+00  3.532145E-04
  1.253000E+00  3.372420E-04
  1.254000E+00  3.195252E-04
  1.255000E+00  3.005600E-04
  1.256000E+00  2.808122E-04
  1.257000E+00  2.607033E-04
  1.258000E+00  2.406013E-04
  1.259000E+00  2.208139E-04
  1.260000E+00  2.015855E-04
  1.261000E+00  1.830984E-04
  1.262000E+00  1.654764E-04
  1.263000E+00  1.487920E-04
  1.264000E+00  1.330765E-04
  1.265000E+00  1.183307E-04
  1.266000E+00  1.045385E-04
  1.267000E+00  9.167955E-05
  1.268000E+00  7.974277E-05
  1.269000E+00  6.873821E-05
  1.270000E+00  5.870757E-05
  1.271000E+00  4.973239E-05
  1.272000E+00  4.193927E-05
  1.273000E+00  3.550204E-05
  1.274000E+00  3.064025E-05
  1.275000E+00  2.761414E-05
  1.276000E+00  2.671597E-05
  1.277000E+00  2.825797E-05
  1.278000E+00  3.255736E-05
  1.279000E+00  3.991881E-05
  1.280000E+00  5.061522E-05
  1.281000E+00  6.486737E-05
  1.282000E+00  8.282352E-05
  1.283000E+00  1.045397E-04
  1.284000E+00  1.299618E-04
  1.285000E+00  1.589101E-04
  1.286000E+00  1.910673E-04
  1.287000E+00  2.259708E-04
  1.288000E+00  2.630095E-04
  1.289000E+00  3.014266E-04
  1.290000E+00  3.403270E-04
  1.291000E+00  3.786911E-04
  1.292000E+00  4.153945E-04
  1.293000E+00  4.492317E-04
  1.294000E+00  4.789461E-04
  1.295000E+00  5.032634E-04
  1.296000E+00  5.209282E-04
  1.297000E+00  5.307429E-04
  1.298000E+00  5.316076E-04
  1.299000E+00  5.225599E-04
  1.300000E+00  5.028132E-04
  1.301000E+00  4.717914E-04
  1.302000E+00  4.291606E-04
  1.303000E+00  3.748545E-04
  1.304000E+00  3.090938E-04
  1.305000E+00  2.323980E-04
  1.306000E+00  1.455891E-04
  1.307000E+00  4.978683E-05
  1.308000E+00 -5.360537E-05
  1.309000E+00 -1.629226E-04
  1.310000E+00 -2.762700E-04
  1.311000E+00 -3.915615E-04
  1.312000E+00 -5.065663E-04
  1.313000E+00 -6.189611E-04
  1.314000E+00 -7.263867E-04
  1.315000E+00 -8.265085E-04
  1.316000E+00 -9.170776E-04
  1.317000E+00 -9.959928E-04
  1.318000E+00 -1.061360E-03
  1.319000E+00 -1.111546E-03
  1.320000E+00 -1.145232E-03
  1.321000E+00 -1.161453E-03
  1.322000E+00 -1.159635E-03
  1.323000E+00 -1.139616E-03
  1.324000E+00 -1.101664E-03
  1.325000E+00 -1.046477E-03
  1.326000E+00 -9.751704E-04
  1.327000E+00 -8.892627E-04
  1.328000E+00 -7.906368E-04
  1.329000E+00 -6.814988E-04
  1.330000E+00 -5.643248E-04
  1.331000E+00 -4.417990E-04
  1.332000E+00 -3.167457E-04
  1.333000E+00 -1.920564E-04
  1.334000E+00 -7.061361E-05
  1.335000E+00  4.478529E-05
  1.336000E+00  1.515034E-04
  1.337000E+00  2.471355E-04
  1.338000E+00  3.295739E-04
  1.339000E+00  3.970660E-04
  1.340000E+00  4.482632E-04
  1.341000E+00  4.822579E-04
  1.342000E+00  4.986095E-04
  1.343000E+00  4.973567E-04
  1.344000E+00  4.790162E-04
  1.345000E+00  4.445691E-04
  1.346000E+00  3.954329E-04
  1.347000E+00  3.334217E-04
  1.348000E+00  2.606954E-04
  1.349000E+00  1.796984E-04
  1.350000E+00  9.309063E-05
  1.351000E+00  3.672230E-06
  1.352000E+00 -8.569590E-05
  1.353000E+00 -1.721731E-04
  1.354000E+00 -2.530194E-04
  1.355000E+00 -3.256733E-04
  1.356000E+00 -3.878244E-04
  1.357000E+00 -4.374785E-04
  1.358000E+00 -4.730139E-04
  1.359000E+00 -4.932271E-04
  1.360000E+00 -4.973661E-04
  1.361000E+00 -4.851510E-04
  1.362000E+00 -4.567806E-04
  1.363000E+00 -4.129257E-04
  1.364000E+00 -3.547086E-04
  1.365000E+00 -2.836695E-04
  1.366000E+00 -2.017214E-04
  1.367000E+00 -1.110943E-04
  1.368000E+00 -1.427042E-05
  1.369000E+00  8.608691E-05
  1.370000E+00  1.872099E-04
  1.371000E+00  2.863051E-04
  1.372000E+00  3.806318E-04
  1.373000E+00  4.675797E-04
  1.374000E+00  5.447409E-04
  1.375000E+00  6.099763E-04
  1.376000E+00  6.614731E-04
  1.377000E+00  6.977929E-04
  1.378000E+00  7.179083E-04
  1.379000E+00  7.212271E-04
  1.380000E+00  7.076037E-04
  1.381000E+00  6.773382E-04
  1.382000E+00  6.311615E-04
  1.383000E+00  5.702090E-04
  1.384000E+00  4.959831E-04
  1.385000E+00  4.103051E-04
  1.386000E+00  3.152593E-04
  1.387000E+00  2.131304E-04
  1.388000E+00  1.063361E-04
  1.389000E+00 -2.642714E-06
  1.390000E+00 -1.113318E-04
  1.391000E+00 -2.173321E-04
  1.392000E+00 -3.183842E-04
  1.393000E+00 -4.124274E-04
  1.394000E+00 -4.976511E-04
  1.395000E+00 -5.725381E-04
  1.396000E+00 -6.358978E-04
  1.397000E+00 -6.868884E-04
  1.398000E+00 -7.250291E-04
  1.399000E+00 -7.502006E-04
  1.400000E+00 -7.626341E-04
  1.401000E+00 -7.628913E-04
  1.402000E+00 -7.518339E-04
  1.403000E+00 -7.305850E-04
  1.404000E+00 -7.004838E-04
  1.405000E+00 -6.630352E-04
  1.406000E+00 -6.198547E-04
  1.407000E+00 -5.726130E-04
  1.408000E+00 -5.229791E-04
  1.409000E+00 -4.725661E-04
  1.410000E+00 -4.228806E-04
  1.411000E+00 -3.752761E-04
  1.412000E+00 -3.309139E-04
  1.413000E+00 -2.907310E-04
  1.414000E+00 -2.554165E-04
  1.415000E+00 -2.253969E-04
  1.416000E+00 -2.008311E-04
  1.417000E+00 -1.816144E-04
  1.418000E+00 -1.673916E-04
  1.419000E+00 -1.575785E-04
  1.420000E+00 -1.513909E-04
  1.421000E+00 -1.478808E-04
  1.422000E+00 -1.459761E-04
  1.423000E+00 -1.445260E-04
  1.424000E+00 -1.423474E-04
  1.425000E+00 -1.382716E-04
  1.426000E+00 -1.311915E-04
  1.427000E+00 -1.201044E-04
  1.428000E+00 -1.041523E-04
  1.429000E+00 -8.265594E-05
  1.430000E+00 -5.514320E-05
  1.431000E+00 -2.136974E-05
  1.432000E+00  1.866793E-05
  1.433000E+00  6.472772E-05
  1.434000E+00  1.163256E-04
  1.435000E+00  1.727473E-04
  1.436000E+00  2.330680E-04
  1.437000E+00  2.961787E-04
  1.438000E+00  3.608189E-04
  1.439000E+00  4.256144E-04
  1.440000E+00  4.891186E-04
  1.441000E+00  5.498563E-04
  1.442000E+00  6.063682E-04
  1.443000E+00  6.572550E-04
  1.444000E+00  7.012193E-04
  1.445000E+00  7.371043E-04
  1.446000E+00  7.639275E-04
  1.447000E+00  7.809092E-04
  1.448000E+00  7.874940E-04
  1.449000E+00  7.833656E-04
  1.450000E+00  7.684530E-04
  1.451000E+00  7.429306E-04
  1.452000E+00  7.072092E-04
  1.453000E+00  6.619209E-04
  1.454000E+00  6.078971E-04
  1.455000E+00  5.461404E-04
  1.456000E+00  4.777931E-04
  1.457000E+00  4.041004E-04
  1.458000E+00  3.263732E-04
  1.459000E+00  2.459485E-04
  1.460000E+00  1.641516E-04
  1.461000E+00  8.225852E-05
  1.462000E+00  1.462774E-06
  1.463000E+00 -7.715453E-05
  1.464000E+00 -1.526494E-04
  1.465000E+00 -2.242339E-04
  1.466000E+00 -2.912889E-04
  1.467000E+00 -3.533701E-04
  1.468000E+00 -4.102075E-04
  1.469000E+00 -4.616987E-04
  1.470000E+00 -5.078961E-04
  1.471000E+00 -5.489885E-04
  1.472000E+00 -5.852790E-04
  1.473000E+00 -6.171591E-04
  1.474000E+00 -6.450801E-04
  1.475000E+00 -6.695244E-04
  1.476000E+00 -6.909762E-04
  1.477000E+00 -7.098936E-04
  1.478000E+00 -7.266835E-04
  1.479000E+00 -7.416792E-04
  1.480000E+00 -7.551233E-04
  1.481000E+00 -7.671544E-04
  1.482000E+00 -7.777999E-04
  1.483000E+00 -7.869741E-04
  1.484000E+00 -7.944824E-04
  1.485000E+00 -8.000301E-04
  1.486000E+00 -8.032376E-04
  1.487000E+00 -8.036590E-04
  1.488000E+00 -8.008054E-04
  1.489000E+00 -7.941709E-04
  1.490000E+00 -7.832609E-04
  1.491000E+00 -7.676211E-04
  1.492000E+00 -7.468665E-04
  1.493000E+00 -7.207097E-04
  1.494000E+00 -6.889863E-04
  1.495000E+00 -6.516768E-04
  1.496000E+00 -6.089250E-04
  1.497000E+00 -5.610501E-04
  1.498000E+00 -5.085540E-04
  1.499000E+00 -4.521216E-04
  1.500000E+00 -3.926146E-04
  1.501000E+00 -3.310588E-04
  1.502000E+00 -2.686247E-04
  1.503000E+00 -2.066024E-04
  1.504000E+00 -1.463708E-04
  1.505000E+00 -8.936174E-05
  1.506000E+00 -3.702180E-05
  1.507000E+00  9.229586E-06
  1.508000E+00  4.804229E-05
  1.509000E+00  7.817771E-05
  1.510000E+00  9.854921E-05
  1.511000E+00  1.082596E-04
  1.512000E+00  1.066339E-04
  1.513000E+00  9.324723E-05
  1.514000E+00  6.794545E-05
  1.515000E+00  3.085862E-05
  1.516000E+00 -1.759341E-05
  1.517000E+00 -7.670397E-05
  1.518000E+00 -1.454909E-04
  1.519000E+00 -2.227160E-04
  1.520000E+00 -3.069129E-04
  1.521000E+00 -3.964210E-04
  1.522000E+00 -4.894267E-04
  1.523000E+00 -5.840088E-04
  1.524000E+00 -6.781887E-04
  1.525000E+00 -7.699814E-04
  1.526000E+00 -8.574488E-04
  1.527000E+00 -9.387516E-04
  1.528000E+00 -1.012198E-03
  1.529000E+00 -1.076292E-03
  1.530000E+00 -1.129769E-03
  1.531000E+00 -1.171635E-03
  1.532000E+00 -1.201190E-03
  1.533000E+00 -1.218050E-03
  1.534000E+00 -1.222151E-03
  1.535000E+00 -1.213753E-03
  1.536000E+00 -1.193432E-03
  1.537000E+00 -1.162060E-03
  1.538000E+00 -1.120780E-03
  1.539000E+00 -1.070975E-03
  1.540000E+00 -1.014222E-03
  1.541000E+00 -9.522544E-04
  1.542000E+00 -8.869055E-04
  1.543000E+00 -8.200609E-04
  1.544000E+00 -7.536040E-04
  1.545000E+00 -6.893636E-04
  1.546000E+00 -6.290630E-04
  1.547000E+00 -5.742737E-04
  1.548000E+00 -5.263724E-04
  1.549000E+00 -4.865050E-04
  1.550000E+00 -4.555575E-04
  1.551000E+00 -4.341340E-04
  1.552000E+00 -4.225439E-04
  1.553000E+00 -4.207974E-04
  1.554000E+00 -4.286089E-04
  1.555000E+00 -4.454106E-04
  1.556000E+00 -4.703721E-04
  1.557000E+00 -5.024290E-04
  1.558000E+00 -5.403171E-04
  1.559000E+00 -5.826118E-04
  1.560000E+00 -6.277723E-04
  1.561000E+00 -6.741883E-04
  1.562000E+00 -7.202279E-04
  1.563000E+00 -7.642858E-04
  1.564000E+00 -8.048302E-04
  1.565000E+00 -8.404467E-04
  1.566000E+00 -8.698785E-04
  1.567000E+00 -8.920614E-04
  1.568000E+00 -9.061528E-04
  1.569000E+00 -9.115541E-04
  1.570000E+00 -9.079249E-04
  1.571000E+00 -8.951907E-04
  1.572000E+00 -8.735417E-04
  1.573000E+00 -8.434239E-04
  1.574000E+00 -8.055233E-04
  1.575000E+00 -7.607421E-04
  1.576000E+00 -7.101701E-04
  1.577000E+00 -6.550492E-04
  1.578000E+00 -5.967351E-04
  1.579000E+00 -5.366551E-04
  1.580000E+00 -4.762644E-04
  1.581000E+00 -4.170024E-04
  1.582000E+00 -3.602490E-04
  1.583000E+00 -3.072842E-04
  1.584000E+00 -2.592500E-04
  1.585000E+00 -2.171177E-04
  1.586000E+00 -1.816598E-04
  1.587000E+00 -1.534289E-04
  1.588000E+00 -1.327427E-04
  1.589000E+00 -1.196768E-04
  1.590000E+00 -1.140645E-04
  1.591000E+00 -1.155041E-04
  1.592000E+00 -1.233736E-04
  1.593000E+00 -1.368514E-04
  1.594000E+00 -1.549438E-04
  1.595000E+00 -1.765170E-04
  1.596000E+00 -2.003335E-04
  1.597000E+00 -2.250914E-04
  1.598000E+00 -2.494657E-04
  1.599000E+00 -2.721494E-04
  1.600000E+00 -2.918947E-04
  1.601000E+00 -3.075514E-04
  1.602000E+00 -3.181025E-04
  1.603000E+00 -3.226954E-04
  1.604000E+00 -3.206680E-04
  1.605000E+00 -3.115686E-04
  1.606000E+00 -2.951701E-04
  1.607000E+00 -2.714768E-04
  1.608000E+00 -2.407245E-04
  1.609000E+00 -2.033738E-04
  1.610000E+00 -1.600972E-04
  1.611000E+00 -1.117600E-04
  1.612000E+00 -5.939543E-05
  1.613000E+00 -4.175685E-06
  1.614000E+00  5.262082E-05
  1.615000E+00  1.096452E-04
  1.616000E+00  1.655151E-04
  1.617000E+00  2.188527E-04
  1.618000E+00  2.683218E-04
  1.619000E+00  3.126636E-04
  1.620000E+00  3.507298E-04
  1.621000E+00  3.815124E-04
  1.622000E+00  4.041695E-04
  1.623000E+00  4.180459E-04
  1.624000E+00  4.226888E-04
  1.625000E+00  4.178579E-04
  1.626000E+00  4.035293E-04
  1.627000E+00  3.798943E-04
  1.628000E+00  3.473525E-04
  1.629000E+00  3.064989E-04
  1.630000E+00  2.581078E-04
  1.631000E+00  2.031105E-04
  1.632000E+00  1.425714E-04
  1.633000E+00  7.765981E-05
  1.634000E+00  9.620843E-06
  1.635000E+00 -6.025572E-05
  1.636000E+00 -1.306663E-04
  1.637000E+00 -2.003241E-04
  1.638000E+00 -2.679884E-04
  1.639000E+00 -3.324920E-04
  1.640000E+00 -3.927654E-04
  1.641000E+00 -4.478583E-04
  1.642000E+00 -4.969566E-04
  1.643000E+00 -5.393963E-04
  1.644000E+00 -5.746714E-04
  1.645000E+00 -6.024388E-04
  1.646000E+00 -6.225174E-04
  1.647000E+00 -6.348840E-04
  1.648000E+00 -6.396639E-04
  1.649000E+00 -6.371194E-04
  1.650000E+00 -6.276336E-04
  1.651000E+00 -6.116930E-04
  1.652000E+00 -5.898674E-04
  1.653000E+00 -5.627892E-04
  1.654000E+00 -5.311322E-04
  1.655000E+00 -4.955900E-04
  1.656000E+00 -4.568563E-04
  1.657000E+00 -4.156059E-04
  1.658000E+00 -3.724781E-04
  1.659000E+00 -3.280622E-04
  1.660000E+00 -2.828866E-04
  1.661000E+00 -2.374100E-04
  1.662000E+00 -1.920165E-04
  1.663000E+00 -1.470136E-04
  1.664000E+00 -1.026335E-04
  1.665000E+00 -5.903699E-05
  1.666000E+00 -1.632037E-05
  1.667000E+00  2.547577E-05
  1.668000E+00  6.635588E-05
  1.669000E+00  1.063576E-04
  1.670000E+00  1.455390E-04
  1.671000E+00  1.839661E-04
  1.672000E+00  2.217003E-04
  1.673000E+00  2.587868E-04
  1.674000E+00  2.952448E-04
  1.675000E+00  3.310586E-04
  1.676000E+00  3.661722E-04
  1.677000E+00  4.004843E-04
  1.678000E+00  4.338480E-04
  1.679000E+00  4.660711E-04
  1.680000E+00  4.969202E-04
  1.681000E+00  5.261266E-04
  1.682000E+00  5.533946E-04
  1.683000E+00  5.784110E-04
  1.684000E+00  6.008571E-04
  1.685000E+00  6.204209E-04
  1.686000E+00  6.368096E-04
  1.687000E+00  6.497633E-04
  1.688000E+00  6.590666E-04
  1.689000E+00  6.645608E-04
  1.690000E+00  6.661533E-04
  1.691000E+00  6.638260E-04
  1.692000E+00  6.576411E-04
  1.693000E+00  6.477440E-04
  1.694000E+00  6.343640E-04
  1.695000E+00  6.178118E-04
  1.696000E+00  5.984741E-04
  1.697000E+00  5.768050E-04
  1.698000E+00  5.533160E-04
  1.699000E+00  5.285623E-04
  1.700000E+00  5.031280E-04
  1.701000E+00  4.776101E-04
  1.702000E+00  4.526006E-04
  1.703000E+00  4.286696E-04
  1.704000E+00  4.063473E-04
  1.705000E+00  3.861078E-04
  1.706000E+00  3.683541E-04
  1.707000E+00  3.534041E-04
  1.708000E+00  3.414802E-04
  1.709000E+00  3.327007E-04
  1.710000E+00  3.270742E-04
  1.711000E+00  3.244976E-04
  1.712000E+00  3.247572E-04
  1.713000E+00  3.275325E-04
  1.714000E+00  3.324042E-04
  1.715000E+00  3.388644E-04
  1.716000E+00  3.463305E-04
  1.717000E+00  3.541602E-04
  1.718000E+00  3.616705E-04
  1.719000E+00  3.681564E-04
  1.720000E+00  3.729122E-04
  1.721000E+00  3.752526E-04
  1.722000E+00  3.745341E-04
  1.723000E+00  3.701755E-04
  1.724000E+00  3.616778E-04
  1.725000E+00  3.486416E-04
  1.726000E+00  3.307828E-04
  1.727000E+00  3.079452E-04
  1.728000E+00  2.801094E-04
  1.729000E+00  2.473989E-04
  1.730000E+00  2.100811E-04
  1.731000E+00  1.685651E-04
  1.732000E+00  1.233950E-04
  1.733000E+00  7.523806E-05
  1.734000E+00  2.487069E-05
  1.735000E+00 -2.684084E-05
  1.736000E+00 -7.896198E-05
  1.737000E+00 -1.305143E-04
  1.738000E+00 -1.805019E-04
  1.739000E+00 -2.279386E-04
  1.740000E+00 -2.718761E-04
  1.741000E+00 -3.114309E-04
  1.742000E+00 -3.458106E-04
  1.743000E+00 -3.743372E-04
  1.744000E+00 -3.964685E-04
  1.745000E+00 -4.118149E-04
  1.746000E+00 -4.201529E-04
  1.747000E+00 -4.214334E-04
  1.748000E+00 -4.157855E-04
  1.749000E+00 -4.035150E-04
  1.750000E+00 -3.850982E-04
  1.751000E+00 -3.611703E-04
  1.752000E+00 -3.325099E-04
  1.753000E+00 -3.000183E-04
  1.754000E+00 -2.646964E-04
  1.755000E+00 -2.276176E-04
  1.756000E+00 -1.898987E-04
  1.757000E+00 -1.526693E-04
  1.758000E+00 -1.170408E-04
  1.759000E+00 -8.407470E-05
  1.760000E+00 -5.475289E-05
  1.761000E+00 -2.994911E-05
  1.762000E+00 -1.040331E-05
  1.763000E+00  3.300650E-06
  1.764000E+00  1.075337E-05
  1.765000E+00  1.173369E-05
  1.766000E+00  6.217526E-06
  1.767000E+00 -5.618460E-06
  1.768000E+00 -2.339861E-05
  1.769000E+00 -4.655535E-05
  1.770000E+00 -7.434151E-05
  1.771000E+00 -1.058476E-04
  1.772000E+00 -1.400236E-04
  1.773000E+00 -1.757048E-04
  1.774000E+00 -2.116412E-04
  1.775000E+00 -2.465291E-04
  1.776000E+00 -2.790454E-04
  1.777000E+00 -3.078820E-04
  1.778000E+00 -3.317811E-04
  1.779000E+00 -3.495695E-04
  1.780000E+00 -3.601908E-04
  1.781000E+00 -3.627358E-04
  1.782000E+00 -3.564690E-04
  1.783000E+00 -3.408513E-04
  1.784000E+00 -3.155575E-04
  1.785000E+00 -2.804892E-04
  1.786000E+00 -2.357818E-04
  1.787000E+00 -1.818049E-04
  1.788000E+00 -1.191582E-04
  1.789000E+00 -4.865997E-05
  1.790000E+00  2.866924E-05
  1.791000E+00  1.116284E-04
  1.792000E+00  1.988627E-04
  1.793000E+00  2.888942E-04
  1.794000E+00  3.801560E-04
  1.795000E+00  4.710285E-04
  1.796000E+00  5.598775E-04
  1.797000E+00  6.450929E-04
  1.798000E+00  7.251262E-04
  1.799000E+00  7.985273E-04
  1.800000E+00  8.639783E-04
  1.801000E+00  9.203242E-04
  1.802000E+00  9.665991E-04
  1.803000E+00  1.002048E-03
  1.804000E+00  1.026142E-03
  1.805000E+00  1.038590E-03
  1.806000E+00  1.039344E-03
  1.807000E+00  1.028593E-03
  1.808000E+00  1.006760E-03
  1.809000E+00  9.744894E-04
  1.810000E+00  9.326234E-04
  1.811000E+00  8.821842E-04
  1.812000E+00  8.243446E-04
  1.813000E+00  7.603987E-04
  1.814000E+00  6.917291E-04
  1.815000E+00  6.197741E-04
  1.816000E+00  5.459923E-04
  1.817000E+00  4.718301E-04
  1.818000E+00  3.986882E-04
  1.819000E+00  3.278921E-04
  1.820000E+00  2.606642E-04
  1.821000E+00  1.980998E-04
  1.822000E+00  1.411469E-04
  1.823000E+00  9.059068E-05
  1.824000E+00  4.704224E-05
  1.825000E+00  1.093213E-05
  1.826000E+00 -1.749120E-05
  1.827000E+00 -3.815847E-05
  1.828000E+00 -5.117222E-05
  1.829000E+00 -5.679549E-05
  1.830000E+00 -5.543692E-05
  1.831000E+00 -4.763287E-05
  1.832000E+00 -3.402708E-05
  1.833000E+00 -1.534864E-05
  1.834000E+00  7.611250E-06
  1.835000E+00  3.402291E-05
  1.836000E+00  6.304156E-05
  1.837000E+00  9.382994E-05
  1.838000E+00  1.255794E-04
  1.839000E+00  1.575293E-04
  1.840000E+00  1.889836E-04
  1.841000E+00  2.193253E-04
  1.842000E+00  2.480275E-04
  1.843000E+00  2.746615E-04
  1.844000E+00  2.989014E-04
  1.845000E+00  3.205263E-04
  1.846000E+00  3.394182E-04
  1.847000E+00  3.555578E-04
  1.848000E+00  3.690176E-04
  1.849000E+00  3.799520E-04
  1.850000E+00  3.885861E-04
  1.851000E+00  3.952027E-04
  1.852000E+00  4.001277E-04
  1.853000E+00  4.037150E-04
  1.854000E+00  4.063321E-04
  1.855000E+00  4.083439E-04
  1.856000E+00  4.100993E-04
  1.857000E+00  4.119174E-04
  1.858000E+00  4.140759E-04
  1.859000E+00  4.168009E-04
  1.860000E+00  4.202584E-04
  1.861000E+00  4.245491E-04
  1.862000E+00  4.297038E-04
  1.863000E+00  4.356825E-04
  1.864000E+00  4.423749E-04
  1.865000E+00  4.496034E-04
  1.866000E+00  4.571280E-04
  1.867000E+00  4.646531E-04
  1.868000E+00  4.718358E-04
  1.869000E+00  4.782955E-04
  1.870000E+00  4.836242E-04
  1.871000E+00  4.873985E-04
  1.872000E+00  4.891909E-04
  1.873000E+00  4.885819E-04
  1.874000E+00  4.851719E-04
  1.875000E+00  4.785926E-04
  1.876000E+00  4.685181E-04
  1.877000E+00  4.546745E-04
  1.878000E+00  4.368492E-04
  1.879000E+00  4.148989E-04
  1.880000E+00  3.887551E-04
  1.881000E+00  3.584294E-04
  1.882000E+00  3.240163E-04
  1.883000E+00  2.856942E-04
  1.884000E+00  2.437245E-04
  1.885000E+00  1.984491E-04
  1.886000E+00  1.502859E-04
  1.887000E+00  9.972170E-05
  1.888000E+00  4.730455E-05
  1.889000E+00 -6.366303E-06
  1.890000E+00 -6.065159E-05
  1.891000E+00 -1.148843E-04
  1.892000E+00 -1.683830E-04
  1.893000E+00 -2.204654E-04
  1.894000E+00 -2.704622E-04
  1.895000E+00 -3.177315E-04
  1.896000E+00 -3.616711E-04
  1.897000E+00 -4.017322E-04
  1.898000E+00 -4.374301E-04
  1.899000E+00 -4.683549E-04
  1.900000E+00 -4.941800E-04
  1.901000E+00 -5.146692E-04
  1.902000E+00 -5.296819E-04
  1.903000E+00 -5.391763E-04
  1.904000E+00 -5.432111E-04
  1.905000E+00 -5.419445E-04
  1.906000E+00 -5.356321E-04
  1.907000E+00 -5.246224E-04
  1.908000E+00 -5.093508E-04
  1.909000E+00 -4.903321E-04
  1.910000E+00 -4.681511E-04
  1.911000E+00 -4.434524E-04
  1.912000E+00 -4.169288E-04
  1.913000E+00 -3.893084E-04
  1.914000E+00 -3.613418E-04
  1.915000E+00 -3.337877E-04
  1.916000E+00 -3.073991E-04
  1.917000E+00 -2.829083E-04
  1.918000E+00 -2.610134E-04
  1.919000E+00 -2.423635E-04
  1.920000E+00 -2.275461E-04
  1.921000E+00 -2.170741E-04
  1.922000E+00 -2.113744E-04
  1.923000E+00 -2.107778E-04
  1.924000E+00 -2.155107E-04
  1.925000E+00 -2.256876E-04
  1.926000E+00 -2.413070E-04
  1.927000E+00 -2.622484E-04
  1.928000E+00 -2.882720E-04
  1.929000E+00 -3.190209E-04
  1.930000E+00 -3.540256E-04
  1.931000E+00 -3.927110E-04
  1.932000E+00 -4.344063E-04
  1.933000E+00 -4.783565E-04
  1.934000E+00 -5.237367E-04
  1.935000E+00 -5.696680E-04
  1.936000E+00 -6.152348E-04
  1.937000E+00 -6.595039E-04
  1.938000E+00 -7.015436E-04
  1.939000E+00 -7.404435E-04
  1.940000E+00 -7.753345E-04
  1.941000E+00 -8.054070E-04
  1.942000E+00 -8.299295E-04
  1.943000E+00 -8.482640E-04
  1.944000E+00 -8.598808E-04
  1.945000E+00 -8.643701E-04
  1.946000E+00 -8.614512E-04
  1.947000E+00 -8.509789E-04
  1.948000E+00 -8.329473E-04
  1.949000E+00 -8.074896E-04
  1.950000E+00 -7.748762E-04
  1.951000E+00 -7.355086E-04
  1.952000E+00 -6.899112E-04
  1.953000E+00 -6.387207E-04
  1.954000E+00 -5.826728E-04
  1.955000E+00 -5.225867E-04
  1.956000E+00 -4.593489E-04
  1.957000E+00 -3.938947E-04
  1.958000E+00 -3.271893E-04
  1.959000E+00 -2.602087E-04
  1.960000E+00 -1.939201E-04
  1.961000E+00 -1.292629E-04
  1.962000E+00 -6.713066E-05
  1.963000E+00 -8.353992E-06
  1.964000E+00  4.631442E-05
  1.965000E+00  9.621323E-05
  1.966000E+00  1.407834E-04
  1.967000E+00  1.795764E-04
  1.968000E+00  2.122601E-04
  1.969000E+00  2.386217E-04
  1.970000E+00  2.585672E-04
  1.971000E+00  2.721193E-04
  1.972000E+00  2.794115E-04
  1.973000E+00  2.806803E-04
  1.974000E+00  2.762555E-04
  1.975000E+00  2.665482E-04
  1.976000E+00  2.520381E-04
  1.977000E+00  2.332589E-04
  1.978000E+00  2.107846E-04
  1.979000E+00  1.852146E-04
  1.980000E+00  1.571597E-04
  1.981000E+00  1.272296E-04
  1.982000E+00  9.602017E-05
  1.983000E+00  6.410399E-05
  1.984000E+00  3.202111E-05
  1.985000E+00  2.725216E-07
  1.986000E+00 -3.068484E-05
  1.987000E+00 -6.044123E-05
  1.988000E+00 -8.863550E-05
  1.989000E+00 -1.149550E-04
  1.990000E+00 -1.391345E-04
  1.991000E+00 -1.609532E-04
  1.992000E+00 -1.802324E-04
  1.993000E+00 -1.968312E-04
  1.994000E+00 -2.106430E-04
  1.995000E+00 -2.215915E-04
  1.996000E+00 -2.296273E-04
  1.997000E+00 -2.347242E-04
  1.998000E+00 -2.368770E-04
  1.999000E+00 -2.360993E-04
  2.000000E+00  3.541413E-02
