; material = LLZO                                                       
La            2000  1.04097133E+01          580.000000
  0.000000E+00  1.000000E+00
  1.000000E-03  9.991587E-01
  2.000000E-03  9.966420E-01
  3.000000E-03  9.924693E-01
  4.000000E-03  9.866730E-01
  5.000000E-03  9.792972E-01
  6.000000E-03  9.703972E-01
  7.000000E-03  9.600381E-01
  8.000000E-03  9.482936E-01
  9.000000E-03  9.352445E-01
  1.000000E-02  9.209771E-01
  1.100000E-02  9.055816E-01
  1.200000E-02  8.891505E-01
  1.300000E-02  8.717768E-01
  1.400000E-02  8.535525E-01
  1.500000E-02  8.345670E-01
  1.600000E-02  8.149060E-01
  1.700000E-02  7.946500E-01
  1.800000E-02  7.738734E-01
  1.900000E-02  7.526440E-01
  2.000000E-02  7.310220E-01
  2.100000E-02  7.090599E-01
  2.200000E-02  6.868024E-01
  2.300000E-02  6.642863E-01
  2.400000E-02  6.415413E-01
  2.500000E-02  6.185901E-01
  2.600000E-02  5.954492E-01
  2.700000E-02  5.721298E-01
  2.800000E-02  5.486389E-01
  2.900000E-02  5.249799E-01
  3.000000E-02  5.011544E-01
  3.100000E-02  4.771625E-01
  3.200000E-02  4.530046E-01
  3.300000E-02  4.286820E-01
  3.400000E-02  4.041981E-01
  3.500000E-02  3.795592E-01
  3.600000E-02  3.547751E-01
  3.700000E-02  3.298600E-01
  3.800000E-02  3.048324E-01
  3.900000E-02  2.797159E-01
  4.000000E-02  2.545390E-01
  4.100000E-02  2.293349E-01
  4.200000E-02  2.041414E-01
  4.300000E-02  1.790006E-01
  4.400000E-02  1.539579E-01
  4.500000E-02  1.290617E-01
  4.600000E-02  1.043623E-01
  4.700000E-02  7.991145E-02
  4.800000E-02  5.576103E-02
  4.900000E-02  3.196233E-02
  5.000000E-02  8.565046E-03
  5.100000E-02 -1.438356E-02
  5.200000E-02 -3.683951E-02
  5.300000E-02 -5.876287E-02
  5.400000E-02 -8.011835E-02
  5.500000E-02 -1.008759E-01
  5.600000E-02 -1.210109E-01
  5.700000E-02 -1.405049E-01
  5.800000E-02 -1.593449E-01
  5.900000E-02 -1.775243E-01
  6.000000E-02 -1.950417E-01
  6.100000E-02 -2.119014E-01
  6.200000E-02 -2.281126E-01
  6.300000E-02 -2.436887E-01
  6.400000E-02 -2.586470E-01
  6.500000E-02 -2.730078E-01
  6.600000E-02 -2.867935E-01
  6.700000E-02 -3.000282E-01
  6.800000E-02 -3.127365E-01
  6.900000E-02 -3.249431E-01
  7.000000E-02 -3.366717E-01
  7.100000E-02 -3.479448E-01
  7.200000E-02 -3.587826E-01
  7.300000E-02 -3.692029E-01
  7.400000E-02 -3.792205E-01
  7.500000E-02 -3.888469E-01
  7.600000E-02 -3.980903E-01
  7.700000E-02 -4.069554E-01
  7.800000E-02 -4.154436E-01
  7.900000E-02 -4.235530E-01
  8.000000E-02 -4.312787E-01
  8.100000E-02 -4.386134E-01
  8.200000E-02 -4.455473E-01
  8.300000E-02 -4.520693E-01
  8.400000E-02 -4.581668E-01
  8.500000E-02 -4.638268E-01
  8.600000E-02 -4.690362E-01
  8.700000E-02 -4.737823E-01
  8.800000E-02 -4.780534E-01
  8.900000E-02 -4.818395E-01
  9.000000E-02 -4.851323E-01
  9.100000E-02 -4.879258E-01
  9.200000E-02 -4.902165E-01
  9.300000E-02 -4.920036E-01
  9.400000E-02 -4.932891E-01
  9.500000E-02 -4.940780E-01
  9.600000E-02 -4.943780E-01
  9.700000E-02 -4.941994E-01
  9.800000E-02 -4.935550E-01
  9.900000E-02 -4.924597E-01
  1.000000E-01 -4.909303E-01
  1.010000E-01 -4.889850E-01
  1.020000E-01 -4.866431E-01
  1.030000E-01 -4.839247E-01
  1.040000E-01 -4.808499E-01
  1.050000E-01 -4.774388E-01
  1.060000E-01 -4.737109E-01
  1.070000E-01 -4.696849E-01
  1.080000E-01 -4.653784E-01
  1.090000E-01 -4.608073E-01
  1.100000E-01 -4.559862E-01
  1.110000E-01 -4.509279E-01
  1.120000E-01 -4.456433E-01
  1.130000E-01 -4.401416E-01
  1.140000E-01 -4.344302E-01
  1.150000E-01 -4.285151E-01
  1.160000E-01 -4.224005E-01
  1.170000E-01 -4.160897E-01
  1.180000E-01 -4.095849E-01
  1.190000E-01 -4.028875E-01
  1.200000E-01 -3.959986E-01
  1.210000E-01 -3.889192E-01
  1.220000E-01 -3.816504E-01
  1.230000E-01 -3.741938E-01
  1.240000E-01 -3.665517E-01
  1.250000E-01 -3.587272E-01
  1.260000E-01 -3.507247E-01
  1.270000E-01 -3.425499E-01
  1.280000E-01 -3.342097E-01
  1.290000E-01 -3.257125E-01
  1.300000E-01 -3.170682E-01
  1.310000E-01 -3.082880E-01
  1.320000E-01 -2.993845E-01
  1.330000E-01 -2.903713E-01
  1.340000E-01 -2.812633E-01
  1.350000E-01 -2.720760E-01
  1.360000E-01 -2.628256E-01
  1.370000E-01 -2.535286E-01
  1.380000E-01 -2.442019E-01
  1.390000E-01 -2.348620E-01
  1.400000E-01 -2.255251E-01
  1.410000E-01 -2.162071E-01
  1.420000E-01 -2.069228E-01
  1.430000E-01 -1.976864E-01
  1.440000E-01 -1.885108E-01
  1.450000E-01 -1.794078E-01
  1.460000E-01 -1.703879E-01
  1.470000E-01 -1.614604E-01
  1.480000E-01 -1.526332E-01
  1.490000E-01 -1.439130E-01
  1.500000E-01 -1.353052E-01
  1.510000E-01 -1.268142E-01
  1.520000E-01 -1.184432E-01
  1.530000E-01 -1.101948E-01
  1.540000E-01 -1.020707E-01
  1.550000E-01 -9.407212E-02
  1.560000E-01 -8.619988E-02
  1.570000E-01 -7.845460E-02
  1.580000E-01 -7.083682E-02
  1.590000E-01 -6.334718E-02
  1.600000E-01 -5.598654E-02
  1.610000E-01 -4.875606E-02
  1.620000E-01 -4.165732E-02
  1.630000E-01 -3.469240E-02
  1.640000E-01 -2.786387E-02
  1.650000E-01 -2.117485E-02
  1.660000E-01 -1.462897E-02
  1.670000E-01 -8.230352E-03
  1.680000E-01 -1.983541E-03
  1.690000E-01  4.106548E-03
  1.700000E-01  1.003474E-02
  1.710000E-01  1.579567E-02
  1.720000E-01  2.138394E-02
  1.730000E-01  2.679419E-02
  1.740000E-01  3.202121E-02
  1.750000E-01  3.706009E-02
  1.760000E-01  4.190627E-02
  1.770000E-01  4.655569E-02
  1.780000E-01  5.100481E-02
  1.790000E-01  5.525073E-02
  1.800000E-01  5.929122E-02
  1.810000E-01  6.312476E-02
  1.820000E-01  6.675053E-02
  1.830000E-01  7.016848E-02
  1.840000E-01  7.337924E-02
  1.850000E-01  7.638416E-02
  1.860000E-01  7.918522E-02
  1.870000E-01  8.178501E-02
  1.880000E-01  8.418666E-02
  1.890000E-01  8.639376E-02
  1.900000E-01  8.841032E-02
  1.910000E-01  9.024068E-02
  1.920000E-01  9.188945E-02
  1.930000E-01  9.336141E-02
  1.940000E-01  9.466148E-02
  1.950000E-01  9.579466E-02
  1.960000E-01  9.676595E-02
  1.970000E-01  9.758032E-02
  1.980000E-01  9.824267E-02
  1.990000E-01  9.875780E-02
  2.000000E-01  9.913039E-02
  2.010000E-01  9.936496E-02
  2.020000E-01  9.946592E-02
  2.030000E-01  9.943749E-02
  2.040000E-01  9.928375E-02
  2.050000E-01  9.900864E-02
  2.060000E-01  9.861595E-02
  2.070000E-01  9.810934E-02
  2.080000E-01  9.749236E-02
  2.090000E-01  9.676845E-02
  2.100000E-01  9.594092E-02
  2.110000E-01  9.501304E-02
  2.120000E-01  9.398797E-02
  2.130000E-01  9.286880E-02
  2.140000E-01  9.165855E-02
  2.150000E-01  9.036022E-02
  2.160000E-01  8.897670E-02
  2.170000E-01  8.751090E-02
  2.180000E-01  8.596565E-02
  2.190000E-01  8.434379E-02
  2.200000E-01  8.264813E-02
  2.210000E-01  8.088150E-02
  2.220000E-01  7.904675E-02
  2.230000E-01  7.714677E-02
  2.240000E-01  7.518454E-02
  2.250000E-01  7.316310E-02
  2.260000E-01  7.108565E-02
  2.270000E-01  6.895552E-02
  2.280000E-01  6.677622E-02
  2.290000E-01  6.455149E-02
  2.300000E-01  6.228528E-02
  2.310000E-01  5.998181E-02
  2.320000E-01  5.764558E-02
  2.330000E-01  5.528137E-02
  2.340000E-01  5.289428E-02
  2.350000E-01  5.048965E-02
  2.360000E-01  4.807316E-02
  2.370000E-01  4.565070E-02
  2.380000E-01  4.322842E-02
  2.390000E-01  4.081265E-02
  2.400000E-01  3.840984E-02
  2.410000E-01  3.602654E-02
  2.420000E-01  3.366930E-02
  2.430000E-01  3.134462E-02
  2.440000E-01  2.905885E-02
  2.450000E-01  2.681814E-02
  2.460000E-01  2.462833E-02
  2.470000E-01  2.249489E-02
  2.480000E-01  2.042286E-02
  2.490000E-01  1.841674E-02
  2.500000E-01  1.648047E-02
  2.510000E-01  1.461738E-02
  2.520000E-01  1.283013E-02
  2.530000E-01  1.112073E-02
  2.540000E-01  9.490492E-03
  2.550000E-01  7.940069E-03
  2.560000E-01  6.469479E-03
  2.570000E-01  5.078141E-03
  2.580000E-01  3.764936E-03
  2.590000E-01  2.528280E-03
  2.600000E-01  1.366204E-03
  2.610000E-01  2.764517E-04
  2.620000E-01 -7.434282E-04
  2.630000E-01 -1.695973E-03
  2.640000E-01 -2.583705E-03
  2.650000E-01 -3.409029E-03
  2.660000E-01 -4.174137E-03
  2.670000E-01 -4.880919E-03
  2.680000E-01 -5.530894E-03
  2.690000E-01 -6.125141E-03
  2.700000E-01 -6.664262E-03
  2.710000E-01 -7.148355E-03
  2.720000E-01 -7.577006E-03
  2.730000E-01 -7.949304E-03
  2.740000E-01 -8.263881E-03
  2.750000E-01 -8.518960E-03
  2.760000E-01 -8.712430E-03
  2.770000E-01 -8.841938E-03
  2.780000E-01 -8.904990E-03
  2.790000E-01 -8.899066E-03
  2.800000E-01 -8.821740E-03
  2.810000E-01 -8.670810E-03
  2.820000E-01 -8.444417E-03
  2.830000E-01 -8.141175E-03
  2.840000E-01 -7.760275E-03
  2.850000E-01 -7.301596E-03
  2.860000E-01 -6.765784E-03
  2.870000E-01 -6.154323E-03
  2.880000E-01 -5.469582E-03
  2.890000E-01 -4.714837E-03
  2.900000E-01 -3.894272E-03
  2.910000E-01 -3.012951E-03
  2.920000E-01 -2.076770E-03
  2.930000E-01 -1.092381E-03
  2.940000E-01 -6.709547E-05
  2.950000E-01  9.912338E-04
  2.960000E-01  2.074345E-03
  2.970000E-01  3.173715E-03
  2.980000E-01  4.280719E-03
  2.990000E-01  5.386787E-03
  3.000000E-01  6.483572E-03
  3.010000E-01  7.563106E-03
  3.020000E-01  8.617951E-03
  3.030000E-01  9.641335E-03
  3.040000E-01  1.062727E-02
  3.050000E-01  1.157067E-02
  3.060000E-01  1.246740E-02
  3.070000E-01  1.331434E-02
  3.080000E-01  1.410942E-02
  3.090000E-01  1.485160E-02
  3.100000E-01  1.554084E-02
  3.110000E-01  1.617806E-02
  3.120000E-01  1.676503E-02
  3.130000E-01  1.730428E-02
  3.140000E-01  1.779897E-02
  3.150000E-01  1.825276E-02
  3.160000E-01  1.866964E-02
  3.170000E-01  1.905377E-02
  3.180000E-01  1.940934E-02
  3.190000E-01  1.974036E-02
  3.200000E-01  2.005060E-02
  3.210000E-01  2.034334E-02
  3.220000E-01  2.062132E-02
  3.230000E-01  2.088662E-02
  3.240000E-01  2.114056E-02
  3.250000E-01  2.138368E-02
  3.260000E-01  2.161566E-02
  3.270000E-01  2.183536E-02
  3.280000E-01  2.204085E-02
  3.290000E-01  2.222942E-02
  3.300000E-01  2.239771E-02
  3.310000E-01  2.254178E-02
  3.320000E-01  2.265724E-02
  3.330000E-01  2.273939E-02
  3.340000E-01  2.278336E-02
  3.350000E-01  2.278427E-02
  3.360000E-01  2.273741E-02
  3.370000E-01  2.263835E-02
  3.380000E-01  2.248313E-02
  3.390000E-01  2.226838E-02
  3.400000E-01  2.199143E-02
  3.410000E-01  2.165044E-02
  3.420000E-01  2.124446E-02
  3.430000E-01  2.077347E-02
  3.440000E-01  2.023845E-02
  3.450000E-01  1.964134E-02
  3.460000E-01  1.898503E-02
  3.470000E-01  1.827330E-02
  3.480000E-01  1.751074E-02
  3.490000E-01  1.670268E-02
  3.500000E-01  1.585501E-02
  3.510000E-01  1.497410E-02
  3.520000E-01  1.406663E-02
  3.530000E-01  1.313941E-02
  3.540000E-01  1.219928E-02
  3.550000E-01  1.125290E-02
  3.560000E-01  1.030661E-02
  3.570000E-01  9.366339E-03
  3.580000E-01  8.437409E-03
  3.590000E-01  7.524482E-03
  3.600000E-01  6.631454E-03
  3.610000E-01  5.761398E-03
  3.620000E-01  4.916529E-03
  3.630000E-01  4.098197E-03
  3.640000E-01  3.306894E-03
  3.650000E-01  2.542307E-03
  3.660000E-01  1.803370E-03
  3.670000E-01  1.088360E-03
  3.680000E-01  3.949956E-04
  3.690000E-01 -2.794417E-04
  3.700000E-01 -9.379781E-04
  3.710000E-01 -1.583809E-03
  3.720000E-01 -2.220158E-03
  3.730000E-01 -2.850140E-03
  3.740000E-01 -3.476623E-03
  3.750000E-01 -4.102108E-03
  3.760000E-01 -4.728619E-03
  3.770000E-01 -5.357604E-03
  3.780000E-01 -5.989864E-03
  3.790000E-01 -6.625500E-03
  3.800000E-01 -7.263880E-03
  3.810000E-01 -7.903630E-03
  3.820000E-01 -8.542657E-03
  3.830000E-01 -9.178178E-03
  3.840000E-01 -9.806789E-03
  3.850000E-01 -1.042454E-02
  3.860000E-01 -1.102704E-02
  3.870000E-01 -1.160953E-02
  3.880000E-01 -1.216708E-02
  3.890000E-01 -1.269464E-02
  3.900000E-01 -1.318719E-02
  3.910000E-01 -1.363989E-02
  3.920000E-01 -1.404821E-02
  3.930000E-01 -1.440799E-02
  3.940000E-01 -1.471560E-02
  3.950000E-01 -1.496800E-02
  3.960000E-01 -1.516284E-02
  3.970000E-01 -1.529846E-02
  3.980000E-01 -1.537399E-02
  3.990000E-01 -1.538929E-02
  4.000000E-01 -1.534502E-02
  4.010000E-01 -1.524253E-02
  4.020000E-01 -1.508387E-02
  4.030000E-01 -1.487169E-02
  4.040000E-01 -1.460920E-02
  4.050000E-01 -1.430001E-02
  4.060000E-01 -1.394810E-02
  4.070000E-01 -1.355766E-02
  4.080000E-01 -1.313301E-02
  4.090000E-01 -1.267845E-02
  4.100000E-01 -1.219821E-02
  4.110000E-01 -1.169630E-02
  4.120000E-01 -1.117643E-02
  4.130000E-01 -1.064196E-02
  4.140000E-01 -1.009579E-02
  4.150000E-01 -9.540358E-03
  4.160000E-01 -8.977579E-03
  4.170000E-01 -8.408839E-03
  4.180000E-01 -7.835002E-03
  4.190000E-01 -7.256427E-03
  4.200000E-01 -6.673009E-03
  4.210000E-01 -6.084228E-03
  4.220000E-01 -5.489213E-03
  4.230000E-01 -4.886815E-03
  4.240000E-01 -4.275692E-03
  4.250000E-01 -3.654391E-03
  4.260000E-01 -3.021441E-03
  4.270000E-01 -2.375440E-03
  4.280000E-01 -1.715137E-03
  4.290000E-01 -1.039515E-03
  4.300000E-01 -3.478590E-04
  4.310000E-01  3.601852E-04
  4.320000E-01  1.084560E-03
  4.330000E-01  1.824766E-03
  4.340000E-01  2.579835E-03
  4.350000E-01  3.348331E-03
  4.360000E-01  4.128358E-03
  4.370000E-01  4.917580E-03
  4.380000E-01  5.713258E-03
  4.390000E-01  6.512302E-03
  4.400000E-01  7.311323E-03
  4.410000E-01  8.106706E-03
  4.420000E-01  8.894678E-03
  4.430000E-01  9.671386E-03
  4.440000E-01  1.043298E-02
  4.450000E-01  1.117568E-02
  4.460000E-01  1.189585E-02
  4.470000E-01  1.259010E-02
  4.480000E-01  1.325530E-02
  4.490000E-01  1.388865E-02
  4.500000E-01  1.448776E-02
  4.510000E-01  1.505061E-02
  4.520000E-01  1.557566E-02
  4.530000E-01  1.606177E-02
  4.540000E-01  1.650826E-02
  4.550000E-01  1.691486E-02
  4.560000E-01  1.728171E-02
  4.570000E-01  1.760930E-02
  4.580000E-01  1.789845E-02
  4.590000E-01  1.815024E-02
  4.600000E-01  1.836596E-02
  4.610000E-01  1.854706E-02
  4.620000E-01  1.869508E-02
  4.630000E-01  1.881159E-02
  4.640000E-01  1.889813E-02
  4.650000E-01  1.895620E-02
  4.660000E-01  1.898712E-02
  4.670000E-01  1.899209E-02
  4.680000E-01  1.897209E-02
  4.690000E-01  1.892788E-02
  4.700000E-01  1.885999E-02
  4.710000E-01  1.876870E-02
  4.720000E-01  1.865405E-02
  4.730000E-01  1.851585E-02
  4.740000E-01  1.835370E-02
  4.750000E-01  1.816705E-02
  4.760000E-01  1.795516E-02
  4.770000E-01  1.771721E-02
  4.780000E-01  1.745233E-02
  4.790000E-01  1.715960E-02
  4.800000E-01  1.683816E-02
  4.810000E-01  1.648720E-02
  4.820000E-01  1.610605E-02
  4.830000E-01  1.569418E-02
  4.840000E-01  1.525125E-02
  4.850000E-01  1.477716E-02
  4.860000E-01  1.427203E-02
  4.870000E-01  1.373627E-02
  4.880000E-01  1.317053E-02
  4.890000E-01  1.257575E-02
  4.900000E-01  1.195312E-02
  4.910000E-01  1.130409E-02
  4.920000E-01  1.063034E-02
  4.930000E-01  9.933738E-03
  4.940000E-01  9.216348E-03
  4.950000E-01  8.480355E-03
  4.960000E-01  7.728048E-03
  4.970000E-01  6.961774E-03
  4.980000E-01  6.183897E-03
  4.990000E-01  5.396761E-03
  5.000000E-01  4.602648E-03
  5.010000E-01  3.803741E-03
  5.020000E-01  3.002095E-03
  5.030000E-01  2.199609E-03
  5.040000E-01  1.397997E-03
  5.050000E-01  5.987785E-04
  5.060000E-01 -1.967392E-04
  5.070000E-01 -9.874632E-04
  5.080000E-01 -1.772516E-03
  5.090000E-01 -2.551228E-03
  5.100000E-01 -3.323126E-03
  5.110000E-01 -4.087918E-03
  5.120000E-01 -4.845467E-03
  5.130000E-01 -5.595773E-03
  5.140000E-01 -6.338938E-03
  5.150000E-01 -7.075141E-03
  5.160000E-01 -7.804603E-03
  5.170000E-01 -8.527558E-03
  5.180000E-01 -9.244224E-03
  5.190000E-01 -9.954770E-03
  5.200000E-01 -1.065929E-02
  5.210000E-01 -1.135778E-02
  5.220000E-01 -1.205012E-02
  5.230000E-01 -1.273605E-02
  5.240000E-01 -1.341516E-02
  5.250000E-01 -1.408691E-02
  5.260000E-01 -1.475058E-02
  5.270000E-01 -1.540529E-02
  5.280000E-01 -1.605004E-02
  5.290000E-01 -1.668368E-02
  5.300000E-01 -1.730494E-02
  5.310000E-01 -1.791245E-02
  5.320000E-01 -1.850476E-02
  5.330000E-01 -1.908037E-02
  5.340000E-01 -1.963776E-02
  5.350000E-01 -2.017538E-02
  5.360000E-01 -2.069174E-02
  5.370000E-01 -2.118538E-02
  5.380000E-01 -2.165493E-02
  5.390000E-01 -2.209911E-02
  5.400000E-01 -2.251679E-02
  5.410000E-01 -2.290695E-02
  5.420000E-01 -2.326875E-02
  5.430000E-01 -2.360153E-02
  5.440000E-01 -2.390478E-02
  5.450000E-01 -2.417821E-02
  5.460000E-01 -2.442167E-02
  5.470000E-01 -2.463524E-02
  5.480000E-01 -2.481915E-02
  5.490000E-01 -2.497377E-02
  5.500000E-01 -2.509964E-02
  5.510000E-01 -2.519743E-02
  5.520000E-01 -2.526792E-02
  5.530000E-01 -2.531195E-02
  5.540000E-01 -2.533045E-02
  5.550000E-01 -2.532437E-02
  5.560000E-01 -2.529468E-02
  5.570000E-01 -2.524234E-02
  5.580000E-01 -2.516825E-02
  5.590000E-01 -2.507327E-02
  5.600000E-01 -2.495820E-02
  5.610000E-01 -2.482369E-02
  5.620000E-01 -2.467033E-02
  5.630000E-01 -2.449856E-02
  5.640000E-01 -2.430870E-02
  5.650000E-01 -2.410092E-02
  5.660000E-01 -2.387529E-02
  5.670000E-01 -2.363170E-02
  5.680000E-01 -2.336998E-02
  5.690000E-01 -2.308979E-02
  5.700000E-01 -2.279074E-02
  5.710000E-01 -2.247235E-02
  5.720000E-01 -2.213409E-02
  5.730000E-01 -2.177538E-02
  5.740000E-01 -2.139567E-02
  5.750000E-01 -2.099441E-02
  5.760000E-01 -2.057109E-02
  5.770000E-01 -2.012528E-02
  5.780000E-01 -1.965666E-02
  5.790000E-01 -1.916501E-02
  5.800000E-01 -1.865027E-02
  5.810000E-01 -1.811252E-02
  5.820000E-01 -1.755202E-02
  5.830000E-01 -1.696924E-02
  5.840000E-01 -1.636479E-02
  5.850000E-01 -1.573952E-02
  5.860000E-01 -1.509443E-02
  5.870000E-01 -1.443075E-02
  5.880000E-01 -1.374982E-02
  5.890000E-01 -1.305319E-02
  5.900000E-01 -1.234252E-02
  5.910000E-01 -1.161956E-02
  5.920000E-01 -1.088618E-02
  5.930000E-01 -1.014430E-02
  5.940000E-01 -9.395832E-03
  5.950000E-01 -8.642718E-03
  5.960000E-01 -7.886846E-03
  5.970000E-01 -7.130036E-03
  5.980000E-01 -6.374011E-03
  5.990000E-01 -5.620370E-03
  6.000000E-01 -4.870562E-03
  6.010000E-01 -4.125871E-03
  6.020000E-01 -3.387394E-03
  6.030000E-01 -2.656033E-03
  6.040000E-01 -1.932491E-03
  6.050000E-01 -1.217270E-03
  6.060000E-01 -5.106754E-04
  6.070000E-01  1.871737E-04
  6.080000E-01  8.763275E-04
  6.090000E-01  1.556987E-03
  6.100000E-01  2.229479E-03
  6.110000E-01  2.894228E-03
  6.120000E-01  3.551728E-03
  6.130000E-01  4.202504E-03
  6.140000E-01  4.847086E-03
  6.150000E-01  5.485968E-03
  6.160000E-01  6.119580E-03
  6.170000E-01  6.748254E-03
  6.180000E-01  7.372196E-03
  6.190000E-01  7.991461E-03
  6.200000E-01  8.605931E-03
  6.210000E-01  9.215303E-03
  6.220000E-01  9.819074E-03
  6.230000E-01  1.041654E-02
  6.240000E-01  1.100679E-02
  6.250000E-01  1.158874E-02
  6.260000E-01  1.216110E-02
  6.270000E-01  1.272243E-02
  6.280000E-01  1.327117E-02
  6.290000E-01  1.380564E-02
  6.300000E-01  1.432408E-02
  6.310000E-01  1.482473E-02
  6.320000E-01  1.530579E-02
  6.330000E-01  1.576552E-02
  6.340000E-01  1.620227E-02
  6.350000E-01  1.661450E-02
  6.360000E-01  1.700082E-02
  6.370000E-01  1.736004E-02
  6.380000E-01  1.769118E-02
  6.390000E-01  1.799350E-02
  6.400000E-01  1.826651E-02
  6.410000E-01  1.851000E-02
  6.420000E-01  1.872401E-02
  6.430000E-01  1.890888E-02
  6.440000E-01  1.906519E-02
  6.450000E-01  1.919377E-02
  6.460000E-01  1.929567E-02
  6.470000E-01  1.937216E-02
  6.480000E-01  1.942463E-02
  6.490000E-01  1.945463E-02
  6.500000E-01  1.946379E-02
  6.510000E-01  1.945379E-02
  6.520000E-01  1.942631E-02
  6.530000E-01  1.938299E-02
  6.540000E-01  1.932539E-02
  6.550000E-01  1.925498E-02
  6.560000E-01  1.917305E-02
  6.570000E-01  1.908073E-02
  6.580000E-01  1.897895E-02
  6.590000E-01  1.886841E-02
  6.600000E-01  1.874959E-02
  6.610000E-01  1.862274E-02
  6.620000E-01  1.848787E-02
  6.630000E-01  1.834478E-02
  6.640000E-01  1.819306E-02
  6.650000E-01  1.803214E-02
  6.660000E-01  1.786126E-02
  6.670000E-01  1.767959E-02
  6.680000E-01  1.748617E-02
  6.690000E-01  1.728004E-02
  6.700000E-01  1.706021E-02
  6.710000E-01  1.682575E-02
  6.720000E-01  1.657579E-02
  6.730000E-01  1.630959E-02
  6.740000E-01  1.602656E-02
  6.750000E-01  1.572630E-02
  6.760000E-01  1.540861E-02
  6.770000E-01  1.507351E-02
  6.780000E-01  1.472130E-02
  6.790000E-01  1.435248E-02
  6.800000E-01  1.396784E-02
  6.810000E-01  1.356838E-02
  6.820000E-01  1.315536E-02
  6.830000E-01  1.273022E-02
  6.840000E-01  1.229460E-02
  6.850000E-01  1.185028E-02
  6.860000E-01  1.139915E-02
  6.870000E-01  1.094321E-02
  6.880000E-01  1.048446E-02
  6.890000E-01  1.002490E-02
  6.900000E-01  9.566516E-03
  6.910000E-01  9.111170E-03
  6.920000E-01  8.660620E-03
  6.930000E-01  8.216466E-03
  6.940000E-01  7.780119E-03
  6.950000E-01  7.352780E-03
  6.960000E-01  6.935420E-03
  6.970000E-01  6.528769E-03
  6.980000E-01  6.133309E-03
  6.990000E-01  5.749274E-03
  7.000000E-01  5.376659E-03
  7.010000E-01  5.015231E-03
  7.020000E-01  4.664551E-03
  7.030000E-01  4.323997E-03
  7.040000E-01  3.992792E-03
  7.050000E-01  3.670037E-03
  7.060000E-01  3.354745E-03
  7.070000E-01  3.045879E-03
  7.080000E-01  2.742387E-03
  7.090000E-01  2.443238E-03
  7.100000E-01  2.147459E-03
  7.110000E-01  1.854164E-03
  7.120000E-01  1.562585E-03
  7.130000E-01  1.272095E-03
  7.140000E-01  9.822295E-04
  7.150000E-01  6.926990E-04
  7.160000E-01  4.033991E-04
  7.170000E-01  1.144133E-04
  7.180000E-01 -1.739893E-04
  7.190000E-01 -4.613624E-04
  7.200000E-01 -7.470951E-04
  7.210000E-01 -1.030431E-03
  7.220000E-01 -1.310488E-03
  7.230000E-01 -1.586286E-03
  7.240000E-01 -1.856775E-03
  7.250000E-01 -2.120863E-03
  7.260000E-01 -2.377447E-03
  7.270000E-01 -2.625445E-03
  7.280000E-01 -2.863823E-03
  7.290000E-01 -3.091626E-03
  7.300000E-01 -3.308001E-03
  7.310000E-01 -3.512218E-03
  7.320000E-01 -3.703693E-03
  7.330000E-01 -3.881996E-03
  7.340000E-01 -4.046867E-03
  7.350000E-01 -4.198213E-03
  7.360000E-01 -4.336116E-03
  7.370000E-01 -4.460826E-03
  7.380000E-01 -4.572747E-03
  7.390000E-01 -4.672434E-03
  7.400000E-01 -4.760567E-03
  7.410000E-01 -4.837939E-03
  7.420000E-01 -4.905429E-03
  7.430000E-01 -4.963981E-03
  7.440000E-01 -5.014582E-03
  7.450000E-01 -5.058233E-03
  7.460000E-01 -5.095927E-03
  7.470000E-01 -5.128626E-03
  7.480000E-01 -5.157242E-03
  7.490000E-01 -5.182614E-03
  7.500000E-01 -5.205495E-03
  7.510000E-01 -5.226537E-03
  7.520000E-01 -5.246286E-03
  7.530000E-01 -5.265168E-03
  7.540000E-01 -5.283496E-03
  7.550000E-01 -5.301464E-03
  7.560000E-01 -5.319155E-03
  7.570000E-01 -5.336547E-03
  7.580000E-01 -5.353526E-03
  7.590000E-01 -5.369895E-03
  7.600000E-01 -5.385392E-03
  7.610000E-01 -5.399703E-03
  7.620000E-01 -5.412481E-03
  7.630000E-01 -5.423360E-03
  7.640000E-01 -5.431976E-03
  7.650000E-01 -5.437979E-03
  7.660000E-01 -5.441049E-03
  7.670000E-01 -5.440909E-03
  7.680000E-01 -5.437336E-03
  7.690000E-01 -5.430171E-03
  7.700000E-01 -5.419322E-03
  7.710000E-01 -5.404772E-03
  7.720000E-01 -5.386577E-03
  7.730000E-01 -5.364867E-03
  7.740000E-01 -5.339841E-03
  7.750000E-01 -5.311762E-03
  7.760000E-01 -5.280950E-03
  7.770000E-01 -5.247771E-03
  7.780000E-01 -5.212630E-03
  7.790000E-01 -5.175956E-03
  7.800000E-01 -5.138194E-03
  7.810000E-01 -5.099789E-03
  7.820000E-01 -5.061179E-03
  7.830000E-01 -5.022783E-03
  7.840000E-01 -4.984989E-03
  7.850000E-01 -4.948150E-03
  7.860000E-01 -4.912572E-03
  7.870000E-01 -4.878512E-03
  7.880000E-01 -4.846174E-03
  7.890000E-01 -4.815705E-03
  7.900000E-01 -4.787197E-03
  7.910000E-01 -4.760689E-03
  7.920000E-01 -4.736168E-03
  7.930000E-01 -4.713573E-03
  7.940000E-01 -4.692805E-03
  7.950000E-01 -4.673728E-03
  7.960000E-01 -4.656180E-03
  7.970000E-01 -4.639978E-03
  7.980000E-01 -4.624927E-03
  7.990000E-01 -4.610829E-03
  8.000000E-01 -4.597486E-03
  8.010000E-01 -4.584710E-03
  8.020000E-01 -4.572326E-03
  8.030000E-01 -4.560180E-03
  8.040000E-01 -4.548138E-03
  8.050000E-01 -4.536093E-03
  8.060000E-01 -4.523962E-03
  8.070000E-01 -4.511690E-03
  8.080000E-01 -4.499245E-03
  8.090000E-01 -4.486617E-03
  8.100000E-01 -4.473818E-03
  8.110000E-01 -4.460874E-03
  8.120000E-01 -4.447822E-03
  8.130000E-01 -4.434707E-03
  8.140000E-01 -4.421574E-03
  8.150000E-01 -4.408466E-03
  8.160000E-01 -4.395419E-03
  8.170000E-01 -4.382454E-03
  8.180000E-01 -4.369580E-03
  8.190000E-01 -4.356785E-03
  8.200000E-01 -4.344037E-03
  8.210000E-01 -4.331282E-03
  8.220000E-01 -4.318442E-03
  8.230000E-01 -4.305421E-03
  8.240000E-01 -4.292098E-03
  8.250000E-01 -4.278337E-03
  8.260000E-01 -4.263986E-03
  8.270000E-01 -4.248881E-03
  8.280000E-01 -4.232852E-03
  8.290000E-01 -4.215725E-03
  8.300000E-01 -4.197328E-03
  8.310000E-01 -4.177497E-03
  8.320000E-01 -4.156077E-03
  8.330000E-01 -4.132930E-03
  8.340000E-01 -4.107937E-03
  8.350000E-01 -4.081001E-03
  8.360000E-01 -4.052052E-03
  8.370000E-01 -4.021044E-03
  8.380000E-01 -3.987962E-03
  8.390000E-01 -3.952818E-03
  8.400000E-01 -3.915652E-03
  8.410000E-01 -3.876530E-03
  8.420000E-01 -3.835542E-03
  8.430000E-01 -3.792799E-03
  8.440000E-01 -3.748431E-03
  8.450000E-01 -3.702579E-03
  8.460000E-01 -3.655395E-03
  8.470000E-01 -3.607035E-03
  8.480000E-01 -3.557656E-03
  8.490000E-01 -3.507409E-03
  8.500000E-01 -3.456437E-03
  8.510000E-01 -3.404867E-03
  8.520000E-01 -3.352814E-03
  8.530000E-01 -3.300368E-03
  8.540000E-01 -3.247600E-03
  8.550000E-01 -3.194554E-03
  8.560000E-01 -3.141250E-03
  8.570000E-01 -3.087683E-03
  8.580000E-01 -3.033819E-03
  8.590000E-01 -2.979603E-03
  8.600000E-01 -2.924956E-03
  8.610000E-01 -2.869778E-03
  8.620000E-01 -2.813953E-03
  8.630000E-01 -2.757349E-03
  8.640000E-01 -2.699826E-03
  8.650000E-01 -2.641234E-03
  8.660000E-01 -2.581423E-03
  8.670000E-01 -2.520244E-03
  8.680000E-01 -2.457554E-03
  8.690000E-01 -2.393218E-03
  8.700000E-01 -2.327114E-03
  8.710000E-01 -2.259136E-03
  8.720000E-01 -2.189197E-03
  8.730000E-01 -2.117231E-03
  8.740000E-01 -2.043195E-03
  8.750000E-01 -1.967069E-03
  8.760000E-01 -1.888859E-03
  8.770000E-01 -1.808595E-03
  8.780000E-01 -1.726333E-03
  8.790000E-01 -1.642152E-03
  8.800000E-01 -1.556154E-03
  8.810000E-01 -1.468460E-03
  8.820000E-01 -1.379213E-03
  8.830000E-01 -1.288570E-03
  8.840000E-01 -1.196702E-03
  8.850000E-01 -1.103791E-03
  8.860000E-01 -1.010027E-03
  8.870000E-01 -9.156050E-04
  8.880000E-01 -8.207200E-04
  8.890000E-01 -7.255662E-04
  8.900000E-01 -6.303331E-04
  8.910000E-01 -5.352021E-04
  8.920000E-01 -4.403445E-04
  8.930000E-01 -3.459184E-04
  8.940000E-01 -2.520668E-04
  8.950000E-01 -1.589152E-04
  8.960000E-01 -6.657047E-05
  8.970000E-01  2.488080E-05
  8.980000E-01  1.153730E-04
  8.990000E-01  2.048621E-04
  9.000000E-01  2.933256E-04
  9.010000E-01  3.807623E-04
  9.020000E-01  4.671916E-04
  9.030000E-01  5.526519E-04
  9.040000E-01  6.371997E-04
  9.050000E-01  7.209070E-04
  9.060000E-01  8.038593E-04
  9.070000E-01  8.861528E-04
  9.080000E-01  9.678916E-04
  9.090000E-01  1.049184E-03
  9.100000E-01  1.130141E-03
  9.110000E-01  1.210870E-03
  9.120000E-01  1.291472E-03
  9.130000E-01  1.372042E-03
  9.140000E-01  1.452659E-03
  9.150000E-01  1.533388E-03
  9.160000E-01  1.614276E-03
  9.170000E-01  1.695346E-03
  9.180000E-01  1.776600E-03
  9.190000E-01  1.858014E-03
  9.200000E-01  1.939536E-03
  9.210000E-01  2.021089E-03
  9.220000E-01  2.102568E-03
  9.230000E-01  2.183840E-03
  9.240000E-01  2.264748E-03
  9.250000E-01  2.345112E-03
  9.260000E-01  2.424730E-03
  9.270000E-01  2.503383E-03
  9.280000E-01  2.580838E-03
  9.290000E-01  2.656853E-03
  9.300000E-01  2.731179E-03
  9.310000E-01  2.803569E-03
  9.320000E-01  2.873778E-03
  9.330000E-01  2.941576E-03
  9.340000E-01  3.006742E-03
  9.350000E-01  3.069080E-03
  9.360000E-01  3.128415E-03
  9.370000E-01  3.184604E-03
  9.380000E-01  3.237534E-03
  9.390000E-01  3.287129E-03
  9.400000E-01  3.333349E-03
  9.410000E-01  3.376194E-03
  9.420000E-01  3.415704E-03
  9.430000E-01  3.451956E-03
  9.440000E-01  3.485067E-03
  9.450000E-01  3.515188E-03
  9.460000E-01  3.542501E-03
  9.470000E-01  3.567218E-03
  9.480000E-01  3.589573E-03
  9.490000E-01  3.609818E-03
  9.500000E-01  3.628216E-03
  9.510000E-01  3.645035E-03
  9.520000E-01  3.660542E-03
  9.530000E-01  3.674997E-03
  9.540000E-01  3.688643E-03
  9.550000E-01  3.701703E-03
  9.560000E-01  3.714375E-03
  9.570000E-01  3.726822E-03
  9.580000E-01  3.739172E-03
  9.590000E-01  3.751514E-03
  9.600000E-01  3.763894E-03
  9.610000E-01  3.776314E-03
  9.620000E-01  3.788732E-03
  9.630000E-01  3.801063E-03
  9.640000E-01  3.813183E-03
  9.650000E-01  3.824928E-03
  9.660000E-01  3.836100E-03
  9.670000E-01  3.846475E-03
  9.680000E-01  3.855804E-03
  9.690000E-01  3.863824E-03
  9.700000E-01  3.870262E-03
  9.710000E-01  3.874844E-03
  9.720000E-01  3.877301E-03
  9.730000E-01  3.877379E-03
  9.740000E-01  3.874842E-03
  9.750000E-01  3.869482E-03
  9.760000E-01  3.861122E-03
  9.770000E-01  3.849624E-03
  9.780000E-01  3.834890E-03
  9.790000E-01  3.816867E-03
  9.800000E-01  3.795546E-03
  9.810000E-01  3.770966E-03
  9.820000E-01  3.743209E-03
  9.830000E-01  3.712402E-03
  9.840000E-01  3.678710E-03
  9.850000E-01  3.642333E-03
  9.860000E-01  3.603503E-03
  9.870000E-01  3.562472E-03
  9.880000E-01  3.519512E-03
  9.890000E-01  3.474901E-03
  9.900000E-01  3.428920E-03
  9.910000E-01  3.381843E-03
  9.920000E-01  3.333929E-03
  9.930000E-01  3.285418E-03
  9.940000E-01  3.236520E-03
  9.950000E-01  3.187409E-03
  9.960000E-01  3.138224E-03
  9.970000E-01  3.089058E-03
  9.980000E-01  3.039958E-03
  9.990000E-01  2.990924E-03
  1.000000E+00  2.941907E-03
  1.001000E+00  2.892813E-03
  1.002000E+00  2.843502E-03
  1.003000E+00  2.793793E-03
  1.004000E+00  2.743470E-03
  1.005000E+00  2.692283E-03
  1.006000E+00  2.639962E-03
  1.007000E+00  2.586218E-03
  1.008000E+00  2.530754E-03
  1.009000E+00  2.473271E-03
  1.010000E+00  2.413478E-03
  1.011000E+00  2.351099E-03
  1.012000E+00  2.285882E-03
  1.013000E+00  2.217604E-03
  1.014000E+00  2.146079E-03
  1.015000E+00  2.071163E-03
  1.016000E+00  1.992758E-03
  1.017000E+00  1.910816E-03
  1.018000E+00  1.825340E-03
  1.019000E+00  1.736387E-03
  1.020000E+00  1.644063E-03
  1.021000E+00  1.548526E-03
  1.022000E+00  1.449978E-03
  1.023000E+00  1.348665E-03
  1.024000E+00  1.244870E-03
  1.025000E+00  1.138905E-03
  1.026000E+00  1.031105E-03
  1.027000E+00  9.218217E-04
  1.028000E+00  8.114148E-04
  1.029000E+00  7.002429E-04
  1.030000E+00  5.886567E-04
  1.031000E+00  4.769906E-04
  1.032000E+00  3.655557E-04
  1.033000E+00  2.546333E-04
  1.034000E+00  1.444687E-04
  1.035000E+00  3.526669E-05
  1.036000E+00 -7.281247E-05
  1.037000E+00 -1.796553E-04
  1.038000E+00 -2.851967E-04
  1.039000E+00 -3.894198E-04
  1.040000E+00 -4.923549E-04
  1.041000E+00 -5.940769E-04
  1.042000E+00 -6.947017E-04
  1.043000E+00 -7.943817E-04
  1.044000E+00 -8.932999E-04
  1.045000E+00 -9.916638E-04
  1.046000E+00 -1.089698E-03
  1.047000E+00 -1.187638E-03
  1.048000E+00 -1.285719E-03
  1.049000E+00 -1.384175E-03
  1.050000E+00 -1.483223E-03
  1.051000E+00 -1.583061E-03
  1.052000E+00 -1.683862E-03
  1.053000E+00 -1.785764E-03
  1.054000E+00 -1.888869E-03
  1.055000E+00 -1.993235E-03
  1.056000E+00 -2.098877E-03
  1.057000E+00 -2.205762E-03
  1.058000E+00 -2.313810E-03
  1.059000E+00 -2.422893E-03
  1.060000E+00 -2.532840E-03
  1.061000E+00 -2.643433E-03
  1.062000E+00 -2.754420E-03
  1.063000E+00 -2.865512E-03
  1.064000E+00 -2.976393E-03
  1.065000E+00 -3.086723E-03
  1.066000E+00 -3.196148E-03
  1.067000E+00 -3.304306E-03
  1.068000E+00 -3.410834E-03
  1.069000E+00 -3.515375E-03
  1.070000E+00 -3.617585E-03
  1.071000E+00 -3.717140E-03
  1.072000E+00 -3.813744E-03
  1.073000E+00 -3.907131E-03
  1.074000E+00 -3.997070E-03
  1.075000E+00 -4.083373E-03
  1.076000E+00 -4.165891E-03
  1.077000E+00 -4.244521E-03
  1.078000E+00 -4.319204E-03
  1.079000E+00 -4.389924E-03
  1.080000E+00 -4.456707E-03
  1.081000E+00 -4.519618E-03
  1.082000E+00 -4.578756E-03
  1.083000E+00 -4.634251E-03
  1.084000E+00 -4.686259E-03
  1.085000E+00 -4.734952E-03
  1.086000E+00 -4.780515E-03
  1.087000E+00 -4.823139E-03
  1.088000E+00 -4.863012E-03
  1.089000E+00 -4.900313E-03
  1.090000E+00 -4.935208E-03
  1.091000E+00 -4.967839E-03
  1.092000E+00 -4.998320E-03
  1.093000E+00 -5.026735E-03
  1.094000E+00 -5.053128E-03
  1.095000E+00 -5.077508E-03
  1.096000E+00 -5.099837E-03
  1.097000E+00 -5.120037E-03
  1.098000E+00 -5.137988E-03
  1.099000E+00 -5.153526E-03
  1.100000E+00 -5.166449E-03
  1.101000E+00 -5.176519E-03
  1.102000E+00 -5.183466E-03
  1.103000E+00 -5.186996E-03
  1.104000E+00 -5.186792E-03
  1.105000E+00 -5.182525E-03
  1.106000E+00 -5.173858E-03
  1.107000E+00 -5.160458E-03
  1.108000E+00 -5.141996E-03
  1.109000E+00 -5.118160E-03
  1.110000E+00 -5.088662E-03
  1.111000E+00 -5.053239E-03
  1.112000E+00 -5.011666E-03
  1.113000E+00 -4.963756E-03
  1.114000E+00 -4.909366E-03
  1.115000E+00 -4.848400E-03
  1.116000E+00 -4.780811E-03
  1.117000E+00 -4.706604E-03
  1.118000E+00 -4.625832E-03
  1.119000E+00 -4.538596E-03
  1.120000E+00 -4.445046E-03
  1.121000E+00 -4.345372E-03
  1.122000E+00 -4.239804E-03
  1.123000E+00 -4.128605E-03
  1.124000E+00 -4.012065E-03
  1.125000E+00 -3.890493E-03
  1.126000E+00 -3.764216E-03
  1.127000E+00 -3.633565E-03
  1.128000E+00 -3.498872E-03
  1.129000E+00 -3.360462E-03
  1.130000E+00 -3.218649E-03
  1.131000E+00 -3.073726E-03
  1.132000E+00 -2.925964E-03
  1.133000E+00 -2.775605E-03
  1.134000E+00 -2.622860E-03
  1.135000E+00 -2.467906E-03
  1.136000E+00 -2.310885E-03
  1.137000E+00 -2.151905E-03
  1.138000E+00 -1.991039E-03
  1.139000E+00 -1.828327E-03
  1.140000E+00 -1.663782E-03
  1.141000E+00 -1.497390E-03
  1.142000E+00 -1.329115E-03
  1.143000E+00 -1.158909E-03
  1.144000E+00 -9.867106E-04
  1.145000E+00 -8.124568E-04
  1.146000E+00 -6.360858E-04
  1.147000E+00 -4.575444E-04
  1.148000E+00 -2.767936E-04
  1.149000E+00 -9.381374E-05
  1.150000E+00  9.139026E-05
  1.151000E+00  2.787852E-04
  1.152000E+00  4.683060E-04
  1.153000E+00  6.598536E-04
  1.154000E+00  8.532935E-04
  1.155000E+00  1.048455E-03
  1.156000E+00  1.245134E-03
  1.157000E+00  1.443091E-03
  1.158000E+00  1.642057E-03
  1.159000E+00  1.841736E-03
  1.160000E+00  2.041811E-03
  1.161000E+00  2.241945E-03
  1.162000E+00  2.441792E-03
  1.163000E+00  2.640997E-03
  1.164000E+00  2.839208E-03
  1.165000E+00  3.036079E-03
  1.166000E+00  3.231275E-03
  1.167000E+00  3.424480E-03
  1.168000E+00  3.615401E-03
  1.169000E+00  3.803773E-03
  1.170000E+00  3.989362E-03
  1.171000E+00  4.171967E-03
  1.172000E+00  4.351425E-03
  1.173000E+00  4.527608E-03
  1.174000E+00  4.700426E-03
  1.175000E+00  4.869826E-03
  1.176000E+00  5.035784E-03
  1.177000E+00  5.198313E-03
  1.178000E+00  5.357448E-03
  1.179000E+00  5.513248E-03
  1.180000E+00  5.665789E-03
  1.181000E+00  5.815161E-03
  1.182000E+00  5.961458E-03
  1.183000E+00  6.104776E-03
  1.184000E+00  6.245205E-03
  1.185000E+00  6.382826E-03
  1.186000E+00  6.517703E-03
  1.187000E+00  6.649884E-03
  1.188000E+00  6.779391E-03
  1.189000E+00  6.906220E-03
  1.190000E+00  7.030342E-03
  1.191000E+00  7.151698E-03
  1.192000E+00  7.270199E-03
  1.193000E+00  7.385729E-03
  1.194000E+00  7.498148E-03
  1.195000E+00  7.607289E-03
  1.196000E+00  7.712970E-03
  1.197000E+00  7.814989E-03
  1.198000E+00  7.913135E-03
  1.199000E+00  8.007192E-03
  1.200000E+00  8.096942E-03
  1.201000E+00  8.182172E-03
  1.202000E+00  8.262680E-03
  1.203000E+00  8.338278E-03
  1.204000E+00  8.408799E-03
  1.205000E+00  8.474098E-03
  1.206000E+00  8.534059E-03
  1.207000E+00  8.588596E-03
  1.208000E+00  8.637656E-03
  1.209000E+00  8.681216E-03
  1.210000E+00  8.719291E-03
  1.211000E+00  8.751925E-03
  1.212000E+00  8.779196E-03
  1.213000E+00  8.801211E-03
  1.214000E+00  8.818100E-03
  1.215000E+00  8.830021E-03
  1.216000E+00  8.837147E-03
  1.217000E+00  8.839667E-03
  1.218000E+00  8.837778E-03
  1.219000E+00  8.831684E-03
  1.220000E+00  8.821589E-03
  1.221000E+00  8.807694E-03
  1.222000E+00  8.790190E-03
  1.223000E+00  8.769257E-03
  1.224000E+00  8.745063E-03
  1.225000E+00  8.717755E-03
  1.226000E+00  8.687463E-03
  1.227000E+00  8.654298E-03
  1.228000E+00  8.618348E-03
  1.229000E+00  8.579683E-03
  1.230000E+00  8.538353E-03
  1.231000E+00  8.494391E-03
  1.232000E+00  8.447815E-03
  1.233000E+00  8.398632E-03
  1.234000E+00  8.346838E-03
  1.235000E+00  8.292423E-03
  1.236000E+00  8.235378E-03
  1.237000E+00  8.175691E-03
  1.238000E+00  8.113359E-03
  1.239000E+00  8.048385E-03
  1.240000E+00  7.980784E-03
  1.241000E+00  7.910584E-03
  1.242000E+00  7.837829E-03
  1.243000E+00  7.762580E-03
  1.244000E+00  7.684918E-03
  1.245000E+00  7.604941E-03
  1.246000E+00  7.522764E-03
  1.247000E+00  7.438522E-03
  1.248000E+00  7.352364E-03
  1.249000E+00  7.264452E-03
  1.250000E+00  7.174962E-03
  1.251000E+00  7.084075E-03
  1.252000E+00  6.991981E-03
  1.253000E+00  6.898871E-03
  1.254000E+00  6.804934E-03
  1.255000E+00  6.710357E-03
  1.256000E+00  6.615318E-03
  1.257000E+00  6.519988E-03
  1.258000E+00  6.424524E-03
  1.259000E+00  6.329068E-03
  1.260000E+00  6.233750E-03
  1.261000E+00  6.138679E-03
  1.262000E+00  6.043951E-03
  1.263000E+00  5.949643E-03
  1.264000E+00  5.855816E-03
  1.265000E+00  5.762517E-03
  1.266000E+00  5.669777E-03
  1.267000E+00  5.577619E-03
  1.268000E+00  5.486053E-03
  1.269000E+00  5.395087E-03
  1.270000E+00  5.304722E-03
  1.271000E+00  5.214958E-03
  1.272000E+00  5.125799E-03
  1.273000E+00  5.037249E-03
  1.274000E+00  4.949325E-03
  1.275000E+00  4.862046E-03
  1.276000E+00  4.775446E-03
  1.277000E+00  4.689568E-03
  1.278000E+00  4.604469E-03
  1.279000E+00  4.520216E-03
  1.280000E+00  4.436891E-03
  1.281000E+00  4.354583E-03
  1.282000E+00  4.273393E-03
  1.283000E+00  4.193430E-03
  1.284000E+00  4.114806E-03
  1.285000E+00  4.037637E-03
  1.286000E+00  3.962039E-03
  1.287000E+00  3.888124E-03
  1.288000E+00  3.815996E-03
  1.289000E+00  3.745750E-03
  1.290000E+00  3.677470E-03
  1.291000E+00  3.611223E-03
  1.292000E+00  3.547058E-03
  1.293000E+00  3.485003E-03
  1.294000E+00  3.425068E-03
  1.295000E+00  3.367238E-03
  1.296000E+00  3.311476E-03
  1.297000E+00  3.257722E-03
  1.298000E+00  3.205897E-03
  1.299000E+00  3.155900E-03
  1.300000E+00  3.107613E-03
  1.301000E+00  3.060902E-03
  1.302000E+00  3.015621E-03
  1.303000E+00  2.971616E-03
  1.304000E+00  2.928728E-03
  1.305000E+00  2.886796E-03
  1.306000E+00  2.845662E-03
  1.307000E+00  2.805175E-03
  1.308000E+00  2.765195E-03
  1.309000E+00  2.725594E-03
  1.310000E+00  2.686262E-03
  1.311000E+00  2.647108E-03
  1.312000E+00  2.608062E-03
  1.313000E+00  2.569077E-03
  1.314000E+00  2.530130E-03
  1.315000E+00  2.491220E-03
  1.316000E+00  2.452370E-03
  1.317000E+00  2.413622E-03
  1.318000E+00  2.375041E-03
  1.319000E+00  2.336706E-03
  1.320000E+00  2.298710E-03
  1.321000E+00  2.261156E-03
  1.322000E+00  2.224154E-03
  1.323000E+00  2.187816E-03
  1.324000E+00  2.152252E-03
  1.325000E+00  2.117565E-03
  1.326000E+00  2.083847E-03
  1.327000E+00  2.051177E-03
  1.328000E+00  2.019618E-03
  1.329000E+00  1.989208E-03
  1.330000E+00  1.959965E-03
  1.331000E+00  1.931880E-03
  1.332000E+00  1.904920E-03
  1.333000E+00  1.879021E-03
  1.334000E+00  1.854096E-03
  1.335000E+00  1.830029E-03
  1.336000E+00  1.806682E-03
  1.337000E+00  1.783890E-03
  1.338000E+00  1.761474E-03
  1.339000E+00  1.739235E-03
  1.340000E+00  1.716960E-03
  1.341000E+00  1.694431E-03
  1.342000E+00  1.671420E-03
  1.343000E+00  1.647703E-03
  1.344000E+00  1.623058E-03
  1.345000E+00  1.597270E-03
  1.346000E+00  1.570137E-03
  1.347000E+00  1.541472E-03
  1.348000E+00  1.511106E-03
  1.349000E+00  1.478894E-03
  1.350000E+00  1.444712E-03
  1.351000E+00  1.408460E-03
  1.352000E+00  1.370068E-03
  1.353000E+00  1.329488E-03
  1.354000E+00  1.286700E-03
  1.355000E+00  1.241708E-03
  1.356000E+00  1.194539E-03
  1.357000E+00  1.145240E-03
  1.358000E+00  1.093878E-03
  1.359000E+00  1.040531E-03
  1.360000E+00  9.852923E-04
  1.361000E+00  9.282612E-04
  1.362000E+00  8.695411E-04
  1.363000E+00  8.092360E-04
  1.364000E+00  7.474469E-04
  1.365000E+00  6.842680E-04
  1.366000E+00  6.197840E-04
  1.367000E+00  5.540673E-04
  1.368000E+00  4.871761E-04
  1.369000E+00  4.191521E-04
  1.370000E+00  3.500204E-04
  1.371000E+00  2.797881E-04
  1.372000E+00  2.084447E-04
  1.373000E+00  1.359631E-04
  1.374000E+00  6.230038E-05
  1.375000E+00 -1.260012E-05
  1.376000E+00 -8.880665E-05
  1.377000E+00 -1.663964E-04
  1.378000E+00 -2.454525E-04
  1.379000E+00 -3.260609E-04
  1.380000E+00 -4.083069E-04
  1.381000E+00 -4.922719E-04
  1.382000E+00 -5.780300E-04
  1.383000E+00 -6.656447E-04
  1.384000E+00 -7.551660E-04
  1.385000E+00 -8.466278E-04
  1.386000E+00 -9.400455E-04
  1.387000E+00 -1.035414E-03
  1.388000E+00 -1.132708E-03
  1.389000E+00 -1.231876E-03
  1.390000E+00 -1.332849E-03
  1.391000E+00 -1.435531E-03
  1.392000E+00 -1.539806E-03
  1.393000E+00 -1.645539E-03
  1.394000E+00 -1.752574E-03
  1.395000E+00 -1.860740E-03
  1.396000E+00 -1.969852E-03
  1.397000E+00 -2.079715E-03
  1.398000E+00 -2.190125E-03
  1.399000E+00 -2.300873E-03
  1.400000E+00 -2.411751E-03
  1.401000E+00 -2.522551E-03
  1.402000E+00 -2.633071E-03
  1.403000E+00 -2.743118E-03
  1.404000E+00 -2.852506E-03
  1.405000E+00 -2.961068E-03
  1.406000E+00 -3.068647E-03
  1.407000E+00 -3.175106E-03
  1.408000E+00 -3.280324E-03
  1.409000E+00 -3.384201E-03
  1.410000E+00 -3.486653E-03
  1.411000E+00 -3.587618E-03
  1.412000E+00 -3.687048E-03
  1.413000E+00 -3.784916E-03
  1.414000E+00 -3.881208E-03
  1.415000E+00 -3.975925E-03
  1.416000E+00 -4.069079E-03
  1.417000E+00 -4.160691E-03
  1.418000E+00 -4.250792E-03
  1.419000E+00 -4.339415E-03
  1.420000E+00 -4.426597E-03
  1.421000E+00 -4.512374E-03
  1.422000E+00 -4.596781E-03
  1.423000E+00 -4.679848E-03
  1.424000E+00 -4.761601E-03
  1.425000E+00 -4.842057E-03
  1.426000E+00 -4.921224E-03
  1.427000E+00 -4.999101E-03
  1.428000E+00 -5.075679E-03
  1.429000E+00 -5.150936E-03
  1.430000E+00 -5.224843E-03
  1.431000E+00 -5.297358E-03
  1.432000E+00 -5.368434E-03
  1.433000E+00 -5.438014E-03
  1.434000E+00 -5.506037E-03
  1.435000E+00 -5.572435E-03
  1.436000E+00 -5.637140E-03
  1.437000E+00 -5.700080E-03
  1.438000E+00 -5.761184E-03
  1.439000E+00 -5.820385E-03
  1.440000E+00 -5.877619E-03
  1.441000E+00 -5.932827E-03
  1.442000E+00 -5.985957E-03
  1.443000E+00 -6.036967E-03
  1.444000E+00 -6.085821E-03
  1.445000E+00 -6.132496E-03
  1.446000E+00 -6.176978E-03
  1.447000E+00 -6.219263E-03
  1.448000E+00 -6.259360E-03
  1.449000E+00 -6.297286E-03
  1.450000E+00 -6.333070E-03
  1.451000E+00 -6.366748E-03
  1.452000E+00 -6.398367E-03
  1.453000E+00 -6.427980E-03
  1.454000E+00 -6.455647E-03
  1.455000E+00 -6.481432E-03
  1.456000E+00 -6.505405E-03
  1.457000E+00 -6.527637E-03
  1.458000E+00 -6.548202E-03
  1.459000E+00 -6.567172E-03
  1.460000E+00 -6.584623E-03
  1.461000E+00 -6.600624E-03
  1.462000E+00 -6.615247E-03
  1.463000E+00 -6.628557E-03
  1.464000E+00 -6.640618E-03
  1.465000E+00 -6.651489E-03
  1.466000E+00 -6.661227E-03
  1.467000E+00 -6.669883E-03
  1.468000E+00 -6.677506E-03
  1.469000E+00 -6.684139E-03
  1.470000E+00 -6.689824E-03
  1.471000E+00 -6.694599E-03
  1.472000E+00 -6.698499E-03
  1.473000E+00 -6.701559E-03
  1.474000E+00 -6.703809E-03
  1.475000E+00 -6.705282E-03
  1.476000E+00 -6.706006E-03
  1.477000E+00 -6.706011E-03
  1.478000E+00 -6.705328E-03
  1.479000E+00 -6.703985E-03
  1.480000E+00 -6.702012E-03
  1.481000E+00 -6.699441E-03
  1.482000E+00 -6.696301E-03
  1.483000E+00 -6.692624E-03
  1.484000E+00 -6.688441E-03
  1.485000E+00 -6.683784E-03
  1.486000E+00 -6.678685E-03
  1.487000E+00 -6.673175E-03
  1.488000E+00 -6.667285E-03
  1.489000E+00 -6.661045E-03
  1.490000E+00 -6.654485E-03
  1.491000E+00 -6.647635E-03
  1.492000E+00 -6.640521E-03
  1.493000E+00 -6.633173E-03
  1.494000E+00 -6.625617E-03
  1.495000E+00 -6.617882E-03
  1.496000E+00 -6.609993E-03
  1.497000E+00 -6.601981E-03
  1.498000E+00 -6.593872E-03
  1.499000E+00 -6.585699E-03
  1.500000E+00 -6.577494E-03
  1.501000E+00 -6.569291E-03
  1.502000E+00 -6.561129E-03
  1.503000E+00 -6.553049E-03
  1.504000E+00 -6.545095E-03
  1.505000E+00 -6.537314E-03
  1.506000E+00 -6.529758E-03
  1.507000E+00 -6.522482E-03
  1.508000E+00 -6.515544E-03
  1.509000E+00 -6.509001E-03
  1.510000E+00 -6.502917E-03
  1.511000E+00 -6.497353E-03
  1.512000E+00 -6.492371E-03
  1.513000E+00 -6.488030E-03
  1.514000E+00 -6.484387E-03
  1.515000E+00 -6.481494E-03
  1.516000E+00 -6.479398E-03
  1.517000E+00 -6.478137E-03
  1.518000E+00 -6.477739E-03
  1.519000E+00 -6.478224E-03
  1.520000E+00 -6.479599E-03
  1.521000E+00 -6.481856E-03
  1.522000E+00 -6.484976E-03
  1.523000E+00 -6.488923E-03
  1.524000E+00 -6.493647E-03
  1.525000E+00 -6.499083E-03
  1.526000E+00 -6.505149E-03
  1.527000E+00 -6.511753E-03
  1.528000E+00 -6.518784E-03
  1.529000E+00 -6.526125E-03
  1.530000E+00 -6.533644E-03
  1.531000E+00 -6.541204E-03
  1.532000E+00 -6.548658E-03
  1.533000E+00 -6.555857E-03
  1.534000E+00 -6.562652E-03
  1.535000E+00 -6.568893E-03
  1.536000E+00 -6.574433E-03
  1.537000E+00 -6.579135E-03
  1.538000E+00 -6.582867E-03
  1.539000E+00 -6.585509E-03
  1.540000E+00 -6.586956E-03
  1.541000E+00 -6.587114E-03
  1.542000E+00 -6.585910E-03
  1.543000E+00 -6.583284E-03
  1.544000E+00 -6.579195E-03
  1.545000E+00 -6.573621E-03
  1.546000E+00 -6.566557E-03
  1.547000E+00 -6.558014E-03
  1.548000E+00 -6.548017E-03
  1.549000E+00 -6.536608E-03
  1.550000E+00 -6.523837E-03
  1.551000E+00 -6.509767E-03
  1.552000E+00 -6.494464E-03
  1.553000E+00 -6.477998E-03
  1.554000E+00 -6.460443E-03
  1.555000E+00 -6.441868E-03
  1.556000E+00 -6.422336E-03
  1.557000E+00 -6.401904E-03
  1.558000E+00 -6.380617E-03
  1.559000E+00 -6.358510E-03
  1.560000E+00 -6.335601E-03
  1.561000E+00 -6.311892E-03
  1.562000E+00 -6.287368E-03
  1.563000E+00 -6.261999E-03
  1.564000E+00 -6.235736E-03
  1.565000E+00 -6.208513E-03
  1.566000E+00 -6.180249E-03
  1.567000E+00 -6.150851E-03
  1.568000E+00 -6.120212E-03
  1.569000E+00 -6.088219E-03
  1.570000E+00 -6.054751E-03
  1.571000E+00 -6.019686E-03
  1.572000E+00 -5.982900E-03
  1.573000E+00 -5.944277E-03
  1.574000E+00 -5.903705E-03
  1.575000E+00 -5.861086E-03
  1.576000E+00 -5.816333E-03
  1.577000E+00 -5.769379E-03
  1.578000E+00 -5.720174E-03
  1.579000E+00 -5.668690E-03
  1.580000E+00 -5.614921E-03
  1.581000E+00 -5.558887E-03
  1.582000E+00 -5.500630E-03
  1.583000E+00 -5.440213E-03
  1.584000E+00 -5.377725E-03
  1.585000E+00 -5.313274E-03
  1.586000E+00 -5.246988E-03
  1.587000E+00 -5.179007E-03
  1.588000E+00 -5.109487E-03
  1.589000E+00 -5.038592E-03
  1.590000E+00 -4.966492E-03
  1.591000E+00 -4.893356E-03
  1.592000E+00 -4.819352E-03
  1.593000E+00 -4.744641E-03
  1.594000E+00 -4.669373E-03
  1.595000E+00 -4.593685E-03
  1.596000E+00 -4.517694E-03
  1.597000E+00 -4.441499E-03
  1.598000E+00 -4.365176E-03
  1.599000E+00 -4.288777E-03
  1.600000E+00 -4.212329E-03
  1.601000E+00 -4.135833E-03
  1.602000E+00 -4.059266E-03
  1.603000E+00 -3.982580E-03
  1.604000E+00 -3.905704E-03
  1.605000E+00 -3.828549E-03
  1.606000E+00 -3.751007E-03
  1.607000E+00 -3.672956E-03
  1.608000E+00 -3.594263E-03
  1.609000E+00 -3.514790E-03
  1.610000E+00 -3.434394E-03
  1.611000E+00 -3.352936E-03
  1.612000E+00 -3.270280E-03
  1.613000E+00 -3.186300E-03
  1.614000E+00 -3.100884E-03
  1.615000E+00 -3.013936E-03
  1.616000E+00 -2.925378E-03
  1.617000E+00 -2.835152E-03
  1.618000E+00 -2.743225E-03
  1.619000E+00 -2.649587E-03
  1.620000E+00 -2.554252E-03
  1.621000E+00 -2.457256E-03
  1.622000E+00 -2.358661E-03
  1.623000E+00 -2.258549E-03
  1.624000E+00 -2.157020E-03
  1.625000E+00 -2.054191E-03
  1.626000E+00 -1.950195E-03
  1.627000E+00 -1.845171E-03
  1.628000E+00 -1.739270E-03
  1.629000E+00 -1.632640E-03
  1.630000E+00 -1.525435E-03
  1.631000E+00 -1.417799E-03
  1.632000E+00 -1.309871E-03
  1.633000E+00 -1.201782E-03
  1.634000E+00 -1.093645E-03
  1.635000E+00 -9.855622E-04
  1.636000E+00 -8.776151E-04
  1.637000E+00 -7.698693E-04
  1.638000E+00 -6.623710E-04
  1.639000E+00 -5.551481E-04
  1.640000E+00 -4.482102E-04
  1.641000E+00 -3.415504E-04
  1.642000E+00 -2.351469E-04
  1.643000E+00 -1.289647E-04
  1.644000E+00 -2.295874E-05
  1.645000E+00  8.292377E-05
  1.646000E+00  1.887402E-04
  1.647000E+00  2.945493E-04
  1.648000E+00  4.004084E-04
  1.649000E+00  5.063703E-04
  1.650000E+00  6.124805E-04
  1.651000E+00  7.187750E-04
  1.652000E+00  8.252777E-04
  1.653000E+00  9.319992E-04
  1.654000E+00  1.038935E-03
  1.655000E+00  1.146067E-03
  1.656000E+00  1.253359E-03
  1.657000E+00  1.360762E-03
  1.658000E+00  1.468212E-03
  1.659000E+00  1.575631E-03
  1.660000E+00  1.682934E-03
  1.661000E+00  1.790024E-03
  1.662000E+00  1.896799E-03
  1.663000E+00  2.003155E-03
  1.664000E+00  2.108986E-03
  1.665000E+00  2.214189E-03
  1.666000E+00  2.318668E-03
  1.667000E+00  2.422334E-03
  1.668000E+00  2.525108E-03
  1.669000E+00  2.626925E-03
  1.670000E+00  2.727733E-03
  1.671000E+00  2.827498E-03
  1.672000E+00  2.926200E-03
  1.673000E+00  3.023836E-03
  1.674000E+00  3.120421E-03
  1.675000E+00  3.215982E-03
  1.676000E+00  3.310564E-03
  1.677000E+00  3.404220E-03
  1.678000E+00  3.497015E-03
  1.679000E+00  3.589020E-03
  1.680000E+00  3.680313E-03
  1.681000E+00  3.770971E-03
  1.682000E+00  3.861070E-03
  1.683000E+00  3.950681E-03
  1.684000E+00  4.039870E-03
  1.685000E+00  4.128690E-03
  1.686000E+00  4.217184E-03
  1.687000E+00  4.305380E-03
  1.688000E+00  4.393291E-03
  1.689000E+00  4.480914E-03
  1.690000E+00  4.568227E-03
  1.691000E+00  4.655193E-03
  1.692000E+00  4.741760E-03
  1.693000E+00  4.827857E-03
  1.694000E+00  4.913404E-03
  1.695000E+00  4.998307E-03
  1.696000E+00  5.082465E-03
  1.697000E+00  5.165770E-03
  1.698000E+00  5.248110E-03
  1.699000E+00  5.329375E-03
  1.700000E+00  5.409457E-03
  1.701000E+00  5.488253E-03
  1.702000E+00  5.565670E-03
  1.703000E+00  5.641627E-03
  1.704000E+00  5.716053E-03
  1.705000E+00  5.788895E-03
  1.706000E+00  5.860117E-03
  1.707000E+00  5.929697E-03
  1.708000E+00  5.997634E-03
  1.709000E+00  6.063940E-03
  1.710000E+00  6.128647E-03
  1.711000E+00  6.191799E-03
  1.712000E+00  6.253453E-03
  1.713000E+00  6.313676E-03
  1.714000E+00  6.372545E-03
  1.715000E+00  6.430139E-03
  1.716000E+00  6.486538E-03
  1.717000E+00  6.541822E-03
  1.718000E+00  6.596065E-03
  1.719000E+00  6.649332E-03
  1.720000E+00  6.701679E-03
  1.721000E+00  6.753144E-03
  1.722000E+00  6.803753E-03
  1.723000E+00  6.853511E-03
  1.724000E+00  6.902407E-03
  1.725000E+00  6.950405E-03
  1.726000E+00  6.997454E-03
  1.727000E+00  7.043480E-03
  1.728000E+00  7.088391E-03
  1.729000E+00  7.132079E-03
  1.730000E+00  7.174420E-03
  1.731000E+00  7.215278E-03
  1.732000E+00  7.254506E-03
  1.733000E+00  7.291953E-03
  1.734000E+00  7.327465E-03
  1.735000E+00  7.360886E-03
  1.736000E+00  7.392069E-03
  1.737000E+00  7.420870E-03
  1.738000E+00  7.447158E-03
  1.739000E+00  7.470817E-03
  1.740000E+00  7.491746E-03
  1.741000E+00  7.509863E-03
  1.742000E+00  7.525106E-03
  1.743000E+00  7.537433E-03
  1.744000E+00  7.546825E-03
  1.745000E+00  7.553285E-03
  1.746000E+00  7.556834E-03
  1.747000E+00  7.557516E-03
  1.748000E+00  7.555389E-03
  1.749000E+00  7.550530E-03
  1.750000E+00  7.543026E-03
  1.751000E+00  7.532976E-03
  1.752000E+00  7.520485E-03
  1.753000E+00  7.505664E-03
  1.754000E+00  7.488621E-03
  1.755000E+00  7.469465E-03
  1.756000E+00  7.448300E-03
  1.757000E+00  7.425220E-03
  1.758000E+00  7.400311E-03
  1.759000E+00  7.373647E-03
  1.760000E+00  7.345288E-03
  1.761000E+00  7.315282E-03
  1.762000E+00  7.283661E-03
  1.763000E+00  7.250445E-03
  1.764000E+00  7.215639E-03
  1.765000E+00  7.179237E-03
  1.766000E+00  7.141222E-03
  1.767000E+00  7.101571E-03
  1.768000E+00  7.060254E-03
  1.769000E+00  7.017236E-03
  1.770000E+00  6.972484E-03
  1.771000E+00  6.925967E-03
  1.772000E+00  6.877661E-03
  1.773000E+00  6.827548E-03
  1.774000E+00  6.775621E-03
  1.775000E+00  6.721887E-03
  1.776000E+00  6.666368E-03
  1.777000E+00  6.609103E-03
  1.778000E+00  6.550147E-03
  1.779000E+00  6.489575E-03
  1.780000E+00  6.427477E-03
  1.781000E+00  6.363964E-03
  1.782000E+00  6.299162E-03
  1.783000E+00  6.233212E-03
  1.784000E+00  6.166268E-03
  1.785000E+00  6.098493E-03
  1.786000E+00  6.030062E-03
  1.787000E+00  5.961150E-03
  1.788000E+00  5.891937E-03
  1.789000E+00  5.822601E-03
  1.790000E+00  5.753312E-03
  1.791000E+00  5.684237E-03
  1.792000E+00  5.615529E-03
  1.793000E+00  5.547327E-03
  1.794000E+00  5.479755E-03
  1.795000E+00  5.412919E-03
  1.796000E+00  5.346905E-03
  1.797000E+00  5.281778E-03
  1.798000E+00  5.217583E-03
  1.799000E+00  5.154342E-03
  1.800000E+00  5.092060E-03
  1.801000E+00  5.030718E-03
  1.802000E+00  4.970283E-03
  1.803000E+00  4.910703E-03
  1.804000E+00  4.851914E-03
  1.805000E+00  4.793841E-03
  1.806000E+00  4.736400E-03
  1.807000E+00  4.679503E-03
  1.808000E+00  4.623058E-03
  1.809000E+00  4.566974E-03
  1.810000E+00  4.511166E-03
  1.811000E+00  4.455553E-03
  1.812000E+00  4.400063E-03
  1.813000E+00  4.344637E-03
  1.814000E+00  4.289225E-03
  1.815000E+00  4.233795E-03
  1.816000E+00  4.178327E-03
  1.817000E+00  4.122818E-03
  1.818000E+00  4.067280E-03
  1.819000E+00  4.011739E-03
  1.820000E+00  3.956237E-03
  1.821000E+00  3.900826E-03
  1.822000E+00  3.845573E-03
  1.823000E+00  3.790552E-03
  1.824000E+00  3.735843E-03
  1.825000E+00  3.681534E-03
  1.826000E+00  3.627714E-03
  1.827000E+00  3.574472E-03
  1.828000E+00  3.521895E-03
  1.829000E+00  3.470067E-03
  1.830000E+00  3.419062E-03
  1.831000E+00  3.368949E-03
  1.832000E+00  3.319785E-03
  1.833000E+00  3.271615E-03
  1.834000E+00  3.224474E-03
  1.835000E+00  3.178382E-03
  1.836000E+00  3.133345E-03
  1.837000E+00  3.089356E-03
  1.838000E+00  3.046398E-03
  1.839000E+00  3.004437E-03
  1.840000E+00  2.963431E-03
  1.841000E+00  2.923328E-03
  1.842000E+00  2.884067E-03
  1.843000E+00  2.845581E-03
  1.844000E+00  2.807797E-03
  1.845000E+00  2.770641E-03
  1.846000E+00  2.734037E-03
  1.847000E+00  2.697911E-03
  1.848000E+00  2.662192E-03
  1.849000E+00  2.626812E-03
  1.850000E+00  2.591711E-03
  1.851000E+00  2.556836E-03
  1.852000E+00  2.522142E-03
  1.853000E+00  2.487594E-03
  1.854000E+00  2.453169E-03
  1.855000E+00  2.418850E-03
  1.856000E+00  2.384635E-03
  1.857000E+00  2.350528E-03
  1.858000E+00  2.316545E-03
  1.859000E+00  2.282712E-03
  1.860000E+00  2.249059E-03
  1.861000E+00  2.215625E-03
  1.862000E+00  2.182454E-03
  1.863000E+00  2.149594E-03
  1.864000E+00  2.117094E-03
  1.865000E+00  2.085005E-03
  1.866000E+00  2.053377E-03
  1.867000E+00  2.022257E-03
  1.868000E+00  1.991687E-03
  1.869000E+00  1.961706E-03
  1.870000E+00  1.932346E-03
  1.871000E+00  1.903629E-03
  1.872000E+00  1.875570E-03
  1.873000E+00  1.848176E-03
  1.874000E+00  1.821443E-03
  1.875000E+00  1.795355E-03
  1.876000E+00  1.769890E-03
  1.877000E+00  1.745011E-03
  1.878000E+00  1.720674E-03
  1.879000E+00  1.696826E-03
  1.880000E+00  1.673403E-03
  1.881000E+00  1.650333E-03
  1.882000E+00  1.627539E-03
  1.883000E+00  1.604935E-03
  1.884000E+00  1.582431E-03
  1.885000E+00  1.559934E-03
  1.886000E+00  1.537347E-03
  1.887000E+00  1.514570E-03
  1.888000E+00  1.491506E-03
  1.889000E+00  1.468056E-03
  1.890000E+00  1.444125E-03
  1.891000E+00  1.419620E-03
  1.892000E+00  1.394452E-03
  1.893000E+00  1.368539E-03
  1.894000E+00  1.341803E-03
  1.895000E+00  1.314174E-03
  1.896000E+00  1.285589E-03
  1.897000E+00  1.255993E-03
  1.898000E+00  1.225339E-03
  1.899000E+00  1.193590E-03
  1.900000E+00  1.160716E-03
  1.901000E+00  1.126696E-03
  1.902000E+00  1.091517E-03
  1.903000E+00  1.055174E-03
  1.904000E+00  1.017671E-03
  1.905000E+00  9.790153E-04
  1.906000E+00  9.392242E-04
  1.907000E+00  8.983189E-04
  1.908000E+00  8.563255E-04
  1.909000E+00  8.132740E-04
  1.910000E+00  7.691975E-04
  1.911000E+00  7.241315E-04
  1.912000E+00  6.781127E-04
  1.913000E+00  6.311782E-04
  1.914000E+00  5.833653E-04
  1.915000E+00  5.347097E-04
  1.916000E+00  4.852462E-04
  1.917000E+00  4.350067E-04
  1.918000E+00  3.840211E-04
  1.919000E+00  3.323159E-04
  1.920000E+00  2.799146E-04
  1.921000E+00  2.268373E-04
  1.922000E+00  1.731008E-04
  1.923000E+00  1.187187E-04
  1.924000E+00  6.370181E-05
  1.925000E+00  8.058149E-06
  1.926000E+00 -4.820622E-05
  1.927000E+00 -1.050868E-04
  1.928000E+00 -1.625802E-04
  1.929000E+00 -2.206830E-04
  1.930000E+00 -2.793917E-04
  1.931000E+00 -3.387014E-04
  1.932000E+00 -3.986052E-04
  1.933000E+00 -4.590938E-04
  1.934000E+00 -5.201546E-04
  1.935000E+00 -5.817709E-04
  1.936000E+00 -6.439217E-04
  1.937000E+00 -7.065812E-04
  1.938000E+00 -7.697184E-04
  1.939000E+00 -8.332970E-04
  1.940000E+00 -8.972754E-04
  1.941000E+00 -9.616065E-04
  1.942000E+00 -1.026238E-03
  1.943000E+00 -1.091115E-03
  1.944000E+00 -1.156174E-03
  1.945000E+00 -1.221353E-03
  1.946000E+00 -1.286585E-03
  1.947000E+00 -1.351801E-03
  1.948000E+00 -1.416931E-03
  1.949000E+00 -1.481908E-03
  1.950000E+00 -1.546663E-03
  1.951000E+00 -1.611130E-03
  1.952000E+00 -1.675249E-03
  1.953000E+00 -1.738960E-03
  1.954000E+00 -1.802212E-03
  1.955000E+00 -1.864958E-03
  1.956000E+00 -1.927159E-03
  1.957000E+00 -1.988783E-03
  1.958000E+00 -2.049803E-03
  1.959000E+00 -2.110205E-03
  1.960000E+00 -2.169978E-03
  1.961000E+00 -2.229123E-03
  1.962000E+00 -2.287646E-03
  1.963000E+00 -2.345562E-03
  1.964000E+00 -2.402890E-03
  1.965000E+00 -2.459660E-03
  1.966000E+00 -2.515903E-03
  1.967000E+00 -2.571657E-03
  1.968000E+00 -2.626962E-03
  1.969000E+00 -2.681862E-03
  1.970000E+00 -2.736402E-03
  1.971000E+00 -2.790628E-03
  1.972000E+00 -2.844585E-03
  1.973000E+00 -2.898318E-03
  1.974000E+00 -2.951868E-03
  1.975000E+00 -3.005274E-03
  1.976000E+00 -3.058574E-03
  1.977000E+00 -3.111799E-03
  1.978000E+00 -3.164976E-03
  1.979000E+00 -3.218130E-03
  1.980000E+00 -3.271278E-03
  1.981000E+00 -3.324435E-03
  1.982000E+00 -3.377611E-03
  1.983000E+00 -3.430811E-03
  1.984000E+00 -3.484039E-03
  1.985000E+00 -3.537292E-03
  1.986000E+00 -3.590568E-03
  1.987000E+00 -3.643862E-03
  1.988000E+00 -3.697168E-03
  1.989000E+00 -3.750479E-03
  1.990000E+00 -3.803790E-03
  1.991000E+00 -3.857095E-03
  1.992000E+00 -3.910393E-03
  1.993000E+00 -3.963684E-03
  1.994000E+00 -4.016969E-03
  1.995000E+00 -4.070256E-03
  1.996000E+00 -4.123555E-03
  1.997000E+00 -4.176880E-03
  1.998000E+00 -4.230251E-03
  1.999000E+00 -4.283689E-03
  2.000000E+00  3.163434E-02
