; material = LLZO                                                       
La            2000  5.09298001E+00          580.000000
  0.000000E+00  1.000000E+00
  1.000000E-03  9.991434E-01
  2.000000E-03  9.965820E-01
  3.000000E-03  9.923353E-01
  4.000000E-03  9.864353E-01
  5.000000E-03  9.789259E-01
  6.000000E-03  9.698621E-01
  7.000000E-03  9.593088E-01
  8.000000E-03  9.473394E-01
  9.000000E-03  9.340344E-01
  1.000000E-02  9.194801E-01
  1.100000E-02  9.037668E-01
  1.200000E-02  8.869868E-01
  1.300000E-02  8.692335E-01
  1.400000E-02  8.505992E-01
  1.500000E-02  8.311739E-01
  1.600000E-02  8.110439E-01
  1.700000E-02  7.902906E-01
  1.800000E-02  7.689895E-01
  1.900000E-02  7.472093E-01
  2.000000E-02  7.250116E-01
  2.100000E-02  7.024502E-01
  2.200000E-02  6.795713E-01
  2.300000E-02  6.564134E-01
  2.400000E-02  6.330077E-01
  2.500000E-02  6.093786E-01
  2.600000E-02  5.855445E-01
  2.700000E-02  5.615186E-01
  2.800000E-02  5.373098E-01
  2.900000E-02  5.129240E-01
  3.000000E-02  4.883647E-01
  3.100000E-02  4.636348E-01
  3.200000E-02  4.387371E-01
  3.300000E-02  4.136758E-01
  3.400000E-02  3.884571E-01
  3.500000E-02  3.630906E-01
  3.600000E-02  3.375894E-01
  3.700000E-02  3.119709E-01
  3.800000E-02  2.862574E-01
  3.900000E-02  2.604762E-01
  4.000000E-02  2.346595E-01
  4.100000E-02  2.088443E-01
  4.200000E-02  1.830723E-01
  4.300000E-02  1.573891E-01
  4.400000E-02  1.318438E-01
  4.500000E-02  1.064881E-01
  4.600000E-02  8.137571E-02
  4.700000E-02  5.656096E-02
  4.800000E-02  3.209827E-02
  4.900000E-02  8.040933E-03
  5.000000E-02 -1.555977E-02
  5.100000E-02 -3.865555E-02
  5.200000E-02 -6.120192E-02
  5.300000E-02 -8.315899E-02
  5.400000E-02 -1.044921E-01
  5.500000E-02 -1.251724E-01
  5.600000E-02 -1.451772E-01
  5.700000E-02 -1.644900E-01
  5.800000E-02 -1.831007E-01
  5.900000E-02 -2.010058E-01
  6.000000E-02 -2.182076E-01
  6.100000E-02 -2.347141E-01
  6.200000E-02 -2.505384E-01
  6.300000E-02 -2.656982E-01
  6.400000E-02 -2.802149E-01
  6.500000E-02 -2.941129E-01
  6.600000E-02 -3.074188E-01
  6.700000E-02 -3.201602E-01
  6.800000E-02 -3.323655E-01
  6.900000E-02 -3.440623E-01
  7.000000E-02 -3.552773E-01
  7.100000E-02 -3.660349E-01
  7.200000E-02 -3.763574E-01
  7.300000E-02 -3.862638E-01
  7.400000E-02 -3.957696E-01
  7.500000E-02 -4.048868E-01
  7.600000E-02 -4.136233E-01
  7.700000E-02 -4.219832E-01
  7.800000E-02 -4.299669E-01
  7.900000E-02 -4.375711E-01
  8.000000E-02 -4.447895E-01
  8.100000E-02 -4.516127E-01
  8.200000E-02 -4.580293E-01
  8.300000E-02 -4.640259E-01
  8.400000E-02 -4.695883E-01
  8.500000E-02 -4.747014E-01
  8.600000E-02 -4.793505E-01
  8.700000E-02 -4.835216E-01
  8.800000E-02 -4.872017E-01
  8.900000E-02 -4.903801E-01
  9.000000E-02 -4.930478E-01
  9.100000E-02 -4.951988E-01
  9.200000E-02 -4.968298E-01
  9.300000E-02 -4.979407E-01
  9.400000E-02 -4.985346E-01
  9.500000E-02 -4.986176E-01
  9.600000E-02 -4.981989E-01
  9.700000E-02 -4.972907E-01
  9.800000E-02 -4.959078E-01
  9.900000E-02 -4.940672E-01
  1.000000E-01 -4.917879E-01
  1.010000E-01 -4.890902E-01
  1.020000E-01 -4.859956E-01
  1.030000E-01 -4.825260E-01
  1.040000E-01 -4.787035E-01
  1.050000E-01 -4.745497E-01
  1.060000E-01 -4.700856E-01
  1.070000E-01 -4.653309E-01
  1.080000E-01 -4.603039E-01
  1.090000E-01 -4.550212E-01
  1.100000E-01 -4.494975E-01
  1.110000E-01 -4.437455E-01
  1.120000E-01 -4.377758E-01
  1.130000E-01 -4.315971E-01
  1.140000E-01 -4.252161E-01
  1.150000E-01 -4.186377E-01
  1.160000E-01 -4.118654E-01
  1.170000E-01 -4.049014E-01
  1.180000E-01 -3.977470E-01
  1.190000E-01 -3.904027E-01
  1.200000E-01 -3.828690E-01
  1.210000E-01 -3.751461E-01
  1.220000E-01 -3.672349E-01
  1.230000E-01 -3.591369E-01
  1.240000E-01 -3.508545E-01
  1.250000E-01 -3.423914E-01
  1.260000E-01 -3.337528E-01
  1.270000E-01 -3.249455E-01
  1.280000E-01 -3.159777E-01
  1.290000E-01 -3.068596E-01
  1.300000E-01 -2.976029E-01
  1.310000E-01 -2.882209E-01
  1.320000E-01 -2.787285E-01
  1.330000E-01 -2.691419E-01
  1.340000E-01 -2.594782E-01
  1.350000E-01 -2.497554E-01
  1.360000E-01 -2.399923E-01
  1.370000E-01 -2.302077E-01
  1.380000E-01 -2.204205E-01
  1.390000E-01 -2.106494E-01
  1.400000E-01 -2.009126E-01
  1.410000E-01 -1.912272E-01
  1.420000E-01 -1.816095E-01
  1.430000E-01 -1.720747E-01
  1.440000E-01 -1.626364E-01
  1.450000E-01 -1.533067E-01
  1.460000E-01 -1.440965E-01
  1.470000E-01 -1.350146E-01
  1.480000E-01 -1.260688E-01
  1.490000E-01 -1.172650E-01
  1.500000E-01 -1.086079E-01
  1.510000E-01 -1.001009E-01
  1.520000E-01 -9.174618E-02
  1.530000E-01 -8.354515E-02
  1.540000E-01 -7.549838E-02
  1.550000E-01 -6.760592E-02
  1.560000E-01 -5.986749E-02
  1.570000E-01 -5.228264E-02
  1.580000E-01 -4.485097E-02
  1.590000E-01 -3.757228E-02
  1.600000E-01 -3.044672E-02
  1.610000E-01 -2.347490E-02
  1.620000E-01 -1.665799E-02
  1.630000E-01 -9.997789E-03
  1.640000E-01 -3.496725E-03
  1.650000E-01  2.842113E-03
  1.660000E-01  9.015018E-03
  1.670000E-01  1.501772E-02
  1.680000E-01  2.084548E-02
  1.690000E-01  2.649316E-02
  1.700000E-01  3.195537E-02
  1.710000E-01  3.722657E-02
  1.720000E-01  4.230125E-02
  1.730000E-01  4.717400E-02
  1.740000E-01  5.183971E-02
  1.750000E-01  5.629366E-02
  1.760000E-01  6.053166E-02
  1.770000E-01  6.455013E-02
  1.780000E-01  6.834622E-02
  1.790000E-01  7.191784E-02
  1.800000E-01  7.526377E-02
  1.810000E-01  7.838360E-02
  1.820000E-01  8.127783E-02
  1.830000E-01  8.394779E-02
  1.840000E-01  8.639566E-02
  1.850000E-01  8.862439E-02
  1.860000E-01  9.063764E-02
  1.870000E-01  9.243973E-02
  1.880000E-01  9.403556E-02
  1.890000E-01  9.543048E-02
  1.900000E-01  9.663024E-02
  1.910000E-01  9.764090E-02
  1.920000E-01  9.846871E-02
  1.930000E-01  9.912006E-02
  1.940000E-01  9.960137E-02
  1.950000E-01  9.991905E-02
  1.960000E-01  1.000794E-01
  1.970000E-01  1.000887E-01
  1.980000E-01  9.995283E-02
  1.990000E-01  9.967768E-02
  2.000000E-01  9.926882E-02
  2.010000E-01  9.873158E-02
  2.020000E-01  9.807107E-02
  2.030000E-01  9.729215E-02
  2.040000E-01  9.639944E-02
  2.050000E-01  9.539736E-02
  2.060000E-01  9.429010E-02
  2.070000E-01  9.308168E-02
  2.080000E-01  9.177594E-02
  2.090000E-01  9.037658E-02
  2.100000E-01  8.888716E-02
  2.110000E-01  8.731110E-02
  2.120000E-01  8.565173E-02
  2.130000E-01  8.391231E-02
  2.140000E-01  8.209597E-02
  2.150000E-01  8.020581E-02
  2.160000E-01  7.824487E-02
  2.170000E-01  7.621614E-02
  2.180000E-01  7.412260E-02
  2.190000E-01  7.196719E-02
  2.200000E-01  6.975288E-02
  2.210000E-01  6.748267E-02
  2.220000E-01  6.515962E-02
  2.230000E-01  6.278686E-02
  2.240000E-01  6.036766E-02
  2.250000E-01  5.790540E-02
  2.260000E-01  5.540369E-02
  2.270000E-01  5.286633E-02
  2.280000E-01  5.029736E-02
  2.290000E-01  4.770114E-02
  2.300000E-01  4.508231E-02
  2.310000E-01  4.244586E-02
  2.320000E-01  3.979712E-02
  2.330000E-01  3.714177E-02
  2.340000E-01  3.448587E-02
  2.350000E-01  3.183578E-02
  2.360000E-01  2.919820E-02
  2.370000E-01  2.658010E-02
  2.380000E-01  2.398868E-02
  2.390000E-01  2.143131E-02
  2.400000E-01  1.891544E-02
  2.410000E-01  1.644857E-02
  2.420000E-01  1.403808E-02
  2.430000E-01  1.169122E-02
  2.440000E-01  9.414952E-03
  2.450000E-01  7.215895E-03
  2.460000E-01  5.100193E-03
  2.470000E-01  3.073443E-03
  2.480000E-01  1.140611E-03
  2.490000E-01 -6.940461E-04
  2.500000E-01 -2.427033E-03
  2.510000E-01 -4.055664E-03
  2.520000E-01 -5.578086E-03
  2.530000E-01 -6.993284E-03
  2.540000E-01 -8.301072E-03
  2.550000E-01 -9.502056E-03
  2.560000E-01 -1.059758E-02
  2.570000E-01 -1.158966E-02
  2.580000E-01 -1.248090E-02
  2.590000E-01 -1.327437E-02
  2.600000E-01 -1.397350E-02
  2.610000E-01 -1.458198E-02
  2.620000E-01 -1.510360E-02
  2.630000E-01 -1.554214E-02
  2.640000E-01 -1.590123E-02
  2.650000E-01 -1.618426E-02
  2.660000E-01 -1.639424E-02
  2.670000E-01 -1.653372E-02
  2.680000E-01 -1.660472E-02
  2.690000E-01 -1.660870E-02
  2.700000E-01 -1.654647E-02
  2.710000E-01 -1.641824E-02
  2.720000E-01 -1.622364E-02
  2.730000E-01 -1.596171E-02
  2.740000E-01 -1.563104E-02
  2.750000E-01 -1.522981E-02
  2.760000E-01 -1.475593E-02
  2.770000E-01 -1.420717E-02
  2.780000E-01 -1.358128E-02
  2.790000E-01 -1.287617E-02
  2.800000E-01 -1.209004E-02
  2.810000E-01 -1.122154E-02
  2.820000E-01 -1.026995E-02
  2.830000E-01 -9.235243E-03
  2.840000E-01 -8.118288E-03
  2.850000E-01 -6.920894E-03
  2.860000E-01 -5.645906E-03
  2.870000E-01 -4.297251E-03
  2.880000E-01 -2.879956E-03
  2.890000E-01 -1.400135E-03
  2.900000E-01  1.350532E-04
  2.910000E-01  1.717485E-03
  2.920000E-01  3.338172E-03
  2.930000E-01  4.987397E-03
  2.940000E-01  6.654872E-03
  2.950000E-01  8.329912E-03
  2.960000E-01  1.000163E-02
  2.970000E-01  1.165914E-02
  2.980000E-01  1.329175E-02
  2.990000E-01  1.488921E-02
  3.000000E-01  1.644185E-02
  3.010000E-01  1.794082E-02
  3.020000E-01  1.937820E-02
  3.030000E-01  2.074721E-02
  3.040000E-01  2.204226E-02
  3.050000E-01  2.325907E-02
  3.060000E-01  2.439472E-02
  3.070000E-01  2.544763E-02
  3.080000E-01  2.641758E-02
  3.090000E-01  2.730562E-02
  3.100000E-01  2.811397E-02
  3.110000E-01  2.884594E-02
  3.120000E-01  2.950573E-02
  3.130000E-01  3.009828E-02
  3.140000E-01  3.062907E-02
  3.150000E-01  3.110390E-02
  3.160000E-01  3.152871E-02
  3.170000E-01  3.190932E-02
  3.180000E-01  3.225128E-02
  3.190000E-01  3.255962E-02
  3.200000E-01  3.283875E-02
  3.210000E-01  3.309220E-02
  3.220000E-01  3.332263E-02
  3.230000E-01  3.353162E-02
  3.240000E-01  3.371970E-02
  3.250000E-01  3.388627E-02
  3.260000E-01  3.402969E-02
  3.270000E-01  3.414726E-02
  3.280000E-01  3.423535E-02
  3.290000E-01  3.428952E-02
  3.300000E-01  3.430466E-02
  3.310000E-01  3.427517E-02
  3.320000E-01  3.419515E-02
  3.330000E-01  3.405861E-02
  3.340000E-01  3.385965E-02
  3.350000E-01  3.359272E-02
  3.360000E-01  3.325277E-02
  3.370000E-01  3.283548E-02
  3.380000E-01  3.233741E-02
  3.390000E-01  3.175614E-02
  3.400000E-01  3.109041E-02
  3.410000E-01  3.034018E-02
  3.420000E-01  2.950670E-02
  3.430000E-01  2.859252E-02
  3.440000E-01  2.760143E-02
  3.450000E-01  2.653848E-02
  3.460000E-01  2.540980E-02
  3.470000E-01  2.422254E-02
  3.480000E-01  2.298465E-02
  3.490000E-01  2.170480E-02
  3.500000E-01  2.039207E-02
  3.510000E-01  1.905585E-02
  3.520000E-01  1.770555E-02
  3.530000E-01  1.635043E-02
  3.540000E-01  1.499938E-02
  3.550000E-01  1.366073E-02
  3.560000E-01  1.234209E-02
  3.570000E-01  1.105017E-02
  3.580000E-01  9.790683E-03
  3.590000E-01  8.568234E-03
  3.600000E-01  7.386280E-03
  3.610000E-01  6.247093E-03
  3.620000E-01  5.151775E-03
  3.630000E-01  4.100306E-03
  3.640000E-01  3.091617E-03
  3.650000E-01  2.123706E-03
  3.660000E-01  1.193766E-03
  3.670000E-01  2.983425E-04
  3.680000E-01 -5.664891E-04
  3.690000E-01 -1.404944E-03
  3.700000E-01 -2.221337E-03
  3.710000E-01 -3.019890E-03
  3.720000E-01 -3.804555E-03
  3.730000E-01 -4.578838E-03
  3.740000E-01 -5.345647E-03
  3.750000E-01 -6.107159E-03
  3.760000E-01 -6.864714E-03
  3.770000E-01 -7.618737E-03
  3.780000E-01 -8.368691E-03
  3.790000E-01 -9.113059E-03
  3.800000E-01 -9.849366E-03
  3.810000E-01 -1.057422E-02
  3.820000E-01 -1.128340E-02
  3.830000E-01 -1.197195E-02
  3.840000E-01 -1.263432E-02
  3.850000E-01 -1.326449E-02
  3.860000E-01 -1.385616E-02
  3.870000E-01 -1.440292E-02
  3.880000E-01 -1.489841E-02
  3.890000E-01 -1.533650E-02
  3.900000E-01 -1.571148E-02
  3.910000E-01 -1.601817E-02
  3.920000E-01 -1.625214E-02
  3.930000E-01 -1.640975E-02
  3.940000E-01 -1.648831E-02
  3.950000E-01 -1.648611E-02
  3.960000E-01 -1.640252E-02
  3.970000E-01 -1.623793E-02
  3.980000E-01 -1.599381E-02
  3.990000E-01 -1.567262E-02
  4.000000E-01 -1.527777E-02
  4.010000E-01 -1.481351E-02
  4.020000E-01 -1.428484E-02
  4.030000E-01 -1.369735E-02
  4.040000E-01 -1.305710E-02
  4.050000E-01 -1.237046E-02
  4.060000E-01 -1.164396E-02
  4.070000E-01 -1.088411E-02
  4.080000E-01 -1.009729E-02
  4.090000E-01 -9.289566E-03
  4.100000E-01 -8.466602E-03
  4.110000E-01 -7.633523E-03
  4.120000E-01 -6.794832E-03
  4.130000E-01 -5.954347E-03
  4.140000E-01 -5.115149E-03
  4.150000E-01 -4.279570E-03
  4.160000E-01 -3.449190E-03
  4.170000E-01 -2.624869E-03
  4.180000E-01 -1.806797E-03
  4.190000E-01 -9.945639E-04
  4.200000E-01 -1.872479E-04
  4.210000E-01  6.164834E-04
  4.220000E-01  1.418260E-03
  4.230000E-01  2.219889E-03
  4.240000E-01  3.023235E-03
  4.250000E-01  3.830097E-03
  4.260000E-01  4.642090E-03
  4.270000E-01  5.460543E-03
  4.280000E-01  6.286396E-03
  4.290000E-01  7.120125E-03
  4.300000E-01  7.961671E-03
  4.310000E-01  8.810400E-03
  4.320000E-01  9.665072E-03
  4.330000E-01  1.052384E-02
  4.340000E-01  1.138425E-02
  4.350000E-01  1.224330E-02
  4.360000E-01  1.309747E-02
  4.370000E-01  1.394279E-02
  4.380000E-01  1.477494E-02
  4.390000E-01  1.558932E-02
  4.400000E-01  1.638115E-02
  4.410000E-01  1.714561E-02
  4.420000E-01  1.787790E-02
  4.430000E-01  1.857337E-02
  4.440000E-01  1.922762E-02
  4.450000E-01  1.983659E-02
  4.460000E-01  2.039663E-02
  4.470000E-01  2.090460E-02
  4.480000E-01  2.135789E-02
  4.490000E-01  2.175448E-02
  4.500000E-01  2.209298E-02
  4.510000E-01  2.237259E-02
  4.520000E-01  2.259314E-02
  4.530000E-01  2.275504E-02
  4.540000E-01  2.285922E-02
  4.550000E-01  2.290714E-02
  4.560000E-01  2.290067E-02
  4.570000E-01  2.284203E-02
  4.580000E-01  2.273372E-02
  4.590000E-01  2.257844E-02
  4.600000E-01  2.237902E-02
  4.610000E-01  2.213829E-02
  4.620000E-01  2.185904E-02
  4.630000E-01  2.154396E-02
  4.640000E-01  2.119554E-02
  4.650000E-01  2.081603E-02
  4.660000E-01  2.040742E-02
  4.670000E-01  1.997137E-02
  4.680000E-01  1.950921E-02
  4.690000E-01  1.902196E-02
  4.700000E-01  1.851028E-02
  4.710000E-01  1.797454E-02
  4.720000E-01  1.741484E-02
  4.730000E-01  1.683102E-02
  4.740000E-01  1.622273E-02
  4.750000E-01  1.558949E-02
  4.760000E-01  1.493074E-02
  4.770000E-01  1.424587E-02
  4.780000E-01  1.353433E-02
  4.790000E-01  1.279565E-02
  4.800000E-01  1.202953E-02
  4.810000E-01  1.123584E-02
  4.820000E-01  1.041470E-02
  4.830000E-01  9.566503E-03
  4.840000E-01  8.691937E-03
  4.850000E-01  7.792006E-03
  4.860000E-01  6.868034E-03
  4.870000E-01  5.921659E-03
  4.880000E-01  4.954821E-03
  4.890000E-01  3.969740E-03
  4.900000E-01  2.968881E-03
  4.910000E-01  1.954921E-03
  4.920000E-01  9.307029E-04
  4.930000E-01 -1.008135E-04
  4.940000E-01 -1.136602E-03
  4.950000E-01 -2.173624E-03
  4.960000E-01 -3.208880E-03
  4.970000E-01 -4.239458E-03
  4.980000E-01 -5.262589E-03
  4.990000E-01 -6.275682E-03
  5.000000E-01 -7.276366E-03
  5.010000E-01 -8.262523E-03
  5.020000E-01 -9.232308E-03
  5.030000E-01 -1.018417E-02
  5.040000E-01 -1.111686E-02
  5.050000E-01 -1.202943E-02
  5.060000E-01 -1.292122E-02
  5.070000E-01 -1.379186E-02
  5.080000E-01 -1.464123E-02
  5.090000E-01 -1.546944E-02
  5.100000E-01 -1.627682E-02
  5.110000E-01 -1.706382E-02
  5.120000E-01 -1.783105E-02
  5.130000E-01 -1.857920E-02
  5.140000E-01 -1.930896E-02
  5.150000E-01 -2.002106E-02
  5.160000E-01 -2.071618E-02
  5.170000E-01 -2.139489E-02
  5.180000E-01 -2.205769E-02
  5.190000E-01 -2.270491E-02
  5.200000E-01 -2.333672E-02
  5.210000E-01 -2.395312E-02
  5.220000E-01 -2.455390E-02
  5.230000E-01 -2.513865E-02
  5.240000E-01 -2.570675E-02
  5.250000E-01 -2.625742E-02
  5.260000E-01 -2.678965E-02
  5.270000E-01 -2.730229E-02
  5.280000E-01 -2.779404E-02
  5.290000E-01 -2.826348E-02
  5.300000E-01 -2.870910E-02
  5.310000E-01 -2.912934E-02
  5.320000E-01 -2.952261E-02
  5.330000E-01 -2.988733E-02
  5.340000E-01 -3.022197E-02
  5.350000E-01 -3.052507E-02
  5.360000E-01 -3.079529E-02
  5.370000E-01 -3.103142E-02
  5.380000E-01 -3.123243E-02
  5.390000E-01 -3.139746E-02
  5.400000E-01 -3.152587E-02
  5.410000E-01 -3.161723E-02
  5.420000E-01 -3.167134E-02
  5.430000E-01 -3.168823E-02
  5.440000E-01 -3.166816E-02
  5.450000E-01 -3.161160E-02
  5.460000E-01 -3.151926E-02
  5.470000E-01 -3.139200E-02
  5.480000E-01 -3.123088E-02
  5.490000E-01 -3.103709E-02
  5.500000E-01 -3.081196E-02
  5.510000E-01 -3.055689E-02
  5.520000E-01 -3.027333E-02
  5.530000E-01 -2.996278E-02
  5.540000E-01 -2.962671E-02
  5.550000E-01 -2.926655E-02
  5.560000E-01 -2.888365E-02
  5.570000E-01 -2.847929E-02
  5.580000E-01 -2.805458E-02
  5.590000E-01 -2.761050E-02
  5.600000E-01 -2.714785E-02
  5.610000E-01 -2.666726E-02
  5.620000E-01 -2.616917E-02
  5.630000E-01 -2.565380E-02
  5.640000E-01 -2.512120E-02
  5.650000E-01 -2.457124E-02
  5.660000E-01 -2.400359E-02
  5.670000E-01 -2.341779E-02
  5.680000E-01 -2.281324E-02
  5.690000E-01 -2.218927E-02
  5.700000E-01 -2.154508E-02
  5.710000E-01 -2.087990E-02
  5.720000E-01 -2.019292E-02
  5.730000E-01 -1.948337E-02
  5.740000E-01 -1.875059E-02
  5.750000E-01 -1.799401E-02
  5.760000E-01 -1.721321E-02
  5.770000E-01 -1.640797E-02
  5.780000E-01 -1.557828E-02
  5.790000E-01 -1.472435E-02
  5.800000E-01 -1.384668E-02
  5.810000E-01 -1.294602E-02
  5.820000E-01 -1.202340E-02
  5.830000E-01 -1.108015E-02
  5.840000E-01 -1.011786E-02
  5.850000E-01 -9.138383E-03
  5.860000E-01 -8.143803E-03
  5.870000E-01 -7.136428E-03
  5.880000E-01 -6.118745E-03
  5.890000E-01 -5.093381E-03
  5.900000E-01 -4.063066E-03
  5.910000E-01 -3.030585E-03
  5.920000E-01 -1.998730E-03
  5.930000E-01 -9.702548E-04
  5.940000E-01  5.217415E-05
  5.950000E-01  1.066024E-03
  5.960000E-01  2.068937E-03
  5.970000E-01  3.058770E-03
  5.980000E-01  4.033627E-03
  5.990000E-01  4.991887E-03
  6.000000E-01  5.932221E-03
  6.010000E-01  6.853607E-03
  6.020000E-01  7.755332E-03
  6.030000E-01  8.636983E-03
  6.040000E-01  9.498441E-03
  6.050000E-01  1.033985E-02
  6.060000E-01  1.116161E-02
  6.070000E-01  1.196429E-02
  6.080000E-01  1.274865E-02
  6.090000E-01  1.351554E-02
  6.100000E-01  1.426590E-02
  6.110000E-01  1.500066E-02
  6.120000E-01  1.572070E-02
  6.130000E-01  1.642683E-02
  6.140000E-01  1.711968E-02
  6.150000E-01  1.779972E-02
  6.160000E-01  1.846719E-02
  6.170000E-01  1.912205E-02
  6.180000E-01  1.976397E-02
  6.190000E-01  2.039235E-02
  6.200000E-01  2.100625E-02
  6.210000E-01  2.160444E-02
  6.220000E-01  2.218537E-02
  6.230000E-01  2.274727E-02
  6.240000E-01  2.328808E-02
  6.250000E-01  2.380558E-02
  6.260000E-01  2.429739E-02
  6.270000E-01  2.476103E-02
  6.280000E-01  2.519399E-02
  6.290000E-01  2.559379E-02
  6.300000E-01  2.595804E-02
  6.310000E-01  2.628449E-02
  6.320000E-01  2.657112E-02
  6.330000E-01  2.681616E-02
  6.340000E-01  2.701817E-02
  6.350000E-01  2.717608E-02
  6.360000E-01  2.728920E-02
  6.370000E-01  2.735727E-02
  6.380000E-01  2.738047E-02
  6.390000E-01  2.735940E-02
  6.400000E-01  2.729511E-02
  6.410000E-01  2.718905E-02
  6.420000E-01  2.704304E-02
  6.430000E-01  2.685927E-02
  6.440000E-01  2.664017E-02
  6.450000E-01  2.638846E-02
  6.460000E-01  2.610700E-02
  6.470000E-01  2.579876E-02
  6.480000E-01  2.546675E-02
  6.490000E-01  2.511394E-02
  6.500000E-01  2.474321E-02
  6.510000E-01  2.435726E-02
  6.520000E-01  2.395858E-02
  6.530000E-01  2.354938E-02
  6.540000E-01  2.313155E-02
  6.550000E-01  2.270665E-02
  6.560000E-01  2.227583E-02
  6.570000E-01  2.183988E-02
  6.580000E-01  2.139922E-02
  6.590000E-01  2.095386E-02
  6.600000E-01  2.050351E-02
  6.610000E-01  2.004753E-02
  6.620000E-01  1.958504E-02
  6.630000E-01  1.911494E-02
  6.640000E-01  1.863595E-02
  6.650000E-01  1.814672E-02
  6.660000E-01  1.764587E-02
  6.670000E-01  1.713206E-02
  6.680000E-01  1.660405E-02
  6.690000E-01  1.606078E-02
  6.700000E-01  1.550140E-02
  6.710000E-01  1.492536E-02
  6.720000E-01  1.433242E-02
  6.730000E-01  1.372270E-02
  6.740000E-01  1.309668E-02
  6.750000E-01  1.245524E-02
  6.760000E-01  1.179966E-02
  6.770000E-01  1.113157E-02
  6.780000E-01  1.045297E-02
  6.790000E-01  9.766163E-03
  6.800000E-01  9.073738E-03
  6.810000E-01  8.378495E-03
  6.820000E-01  7.683398E-03
  6.830000E-01  6.991507E-03
  6.840000E-01  6.305913E-03
  6.850000E-01  5.629666E-03
  6.860000E-01  4.965710E-03
  6.870000E-01  4.316816E-03
  6.880000E-01  3.685521E-03
  6.890000E-01  3.074074E-03
  6.900000E-01  2.484391E-03
  6.910000E-01  1.918017E-03
  6.920000E-01  1.376098E-03
  6.930000E-01  8.593630E-04
  6.940000E-01  3.681253E-04
  6.950000E-01 -9.771717E-05
  6.960000E-01 -5.386616E-04
  6.970000E-01 -9.555730E-04
  6.980000E-01 -1.349646E-03
  6.990000E-01 -1.722361E-03
  7.000000E-01 -2.075428E-03
  7.010000E-01 -2.410733E-03
  7.020000E-01 -2.730271E-03
  7.030000E-01 -3.036088E-03
  7.040000E-01 -3.330214E-03
  7.050000E-01 -3.614603E-03
  7.060000E-01 -3.891074E-03
  7.070000E-01 -4.161263E-03
  7.080000E-01 -4.426571E-03
  7.090000E-01 -4.688132E-03
  7.100000E-01 -4.946781E-03
  7.110000E-01 -5.203035E-03
  7.120000E-01 -5.457088E-03
  7.130000E-01 -5.708807E-03
  7.140000E-01 -5.957745E-03
  7.150000E-01 -6.203164E-03
  7.160000E-01 -6.444060E-03
  7.170000E-01 -6.679200E-03
  7.180000E-01 -6.907168E-03
  7.190000E-01 -7.126409E-03
  7.200000E-01 -7.335283E-03
  7.210000E-01 -7.532117E-03
  7.220000E-01 -7.715255E-03
  7.230000E-01 -7.883116E-03
  7.240000E-01 -8.034239E-03
  7.250000E-01 -8.167326E-03
  7.260000E-01 -8.281284E-03
  7.270000E-01 -8.375257E-03
  7.280000E-01 -8.448650E-03
  7.290000E-01 -8.501144E-03
  7.300000E-01 -8.532711E-03
  7.310000E-01 -8.543606E-03
  7.320000E-01 -8.534366E-03
  7.330000E-01 -8.505791E-03
  7.340000E-01 -8.458922E-03
  7.350000E-01 -8.395012E-03
  7.360000E-01 -8.315493E-03
  7.370000E-01 -8.221936E-03
  7.380000E-01 -8.116013E-03
  7.390000E-01 -7.999452E-03
  7.400000E-01 -7.873997E-03
  7.410000E-01 -7.741365E-03
  7.420000E-01 -7.603208E-03
  7.430000E-01 -7.461079E-03
  7.440000E-01 -7.316399E-03
  7.450000E-01 -7.170432E-03
  7.460000E-01 -7.024266E-03
  7.470000E-01 -6.878797E-03
  7.480000E-01 -6.734727E-03
  7.490000E-01 -6.592555E-03
  7.500000E-01 -6.452590E-03
  7.510000E-01 -6.314957E-03
  7.520000E-01 -6.179616E-03
  7.530000E-01 -6.046383E-03
  7.540000E-01 -5.914949E-03
  7.550000E-01 -5.784915E-03
  7.560000E-01 -5.655813E-03
  7.570000E-01 -5.527142E-03
  7.580000E-01 -5.398389E-03
  7.590000E-01 -5.269065E-03
  7.600000E-01 -5.138726E-03
  7.610000E-01 -5.006993E-03
  7.620000E-01 -4.873578E-03
  7.630000E-01 -4.738293E-03
  7.640000E-01 -4.601063E-03
  7.650000E-01 -4.461931E-03
  7.660000E-01 -4.321059E-03
  7.670000E-01 -4.178728E-03
  7.680000E-01 -4.035326E-03
  7.690000E-01 -3.891339E-03
  7.700000E-01 -3.747337E-03
  7.710000E-01 -3.603956E-03
  7.720000E-01 -3.461882E-03
  7.730000E-01 -3.321824E-03
  7.740000E-01 -3.184501E-03
  7.750000E-01 -3.050618E-03
  7.760000E-01 -2.920848E-03
  7.770000E-01 -2.795813E-03
  7.780000E-01 -2.676070E-03
  7.790000E-01 -2.562099E-03
  7.800000E-01 -2.454291E-03
  7.810000E-01 -2.352944E-03
  7.820000E-01 -2.258260E-03
  7.830000E-01 -2.170345E-03
  7.840000E-01 -2.089212E-03
  7.850000E-01 -2.014787E-03
  7.860000E-01 -1.946922E-03
  7.870000E-01 -1.885401E-03
  7.880000E-01 -1.829958E-03
  7.890000E-01 -1.780287E-03
  7.900000E-01 -1.736058E-03
  7.910000E-01 -1.696933E-03
  7.920000E-01 -1.662577E-03
  7.930000E-01 -1.632671E-03
  7.940000E-01 -1.606924E-03
  7.950000E-01 -1.585083E-03
  7.960000E-01 -1.566936E-03
  7.970000E-01 -1.552318E-03
  7.980000E-01 -1.541113E-03
  7.990000E-01 -1.533252E-03
  8.000000E-01 -1.528709E-03
  8.010000E-01 -1.527497E-03
  8.020000E-01 -1.529654E-03
  8.030000E-01 -1.535242E-03
  8.040000E-01 -1.544331E-03
  8.050000E-01 -1.556987E-03
  8.060000E-01 -1.573262E-03
  8.070000E-01 -1.593183E-03
  8.080000E-01 -1.616739E-03
  8.090000E-01 -1.643875E-03
  8.100000E-01 -1.674478E-03
  8.110000E-01 -1.708380E-03
  8.120000E-01 -1.745347E-03
  8.130000E-01 -1.785079E-03
  8.140000E-01 -1.827214E-03
  8.150000E-01 -1.871332E-03
  8.160000E-01 -1.916954E-03
  8.170000E-01 -1.963562E-03
  8.180000E-01 -2.010599E-03
  8.190000E-01 -2.057486E-03
  8.200000E-01 -2.103634E-03
  8.210000E-01 -2.148457E-03
  8.220000E-01 -2.191388E-03
  8.230000E-01 -2.231889E-03
  8.240000E-01 -2.269470E-03
  8.250000E-01 -2.303695E-03
  8.260000E-01 -2.334194E-03
  8.270000E-01 -2.360673E-03
  8.280000E-01 -2.382919E-03
  8.290000E-01 -2.400803E-03
  8.300000E-01 -2.414281E-03
  8.310000E-01 -2.423393E-03
  8.320000E-01 -2.428259E-03
  8.330000E-01 -2.429069E-03
  8.340000E-01 -2.426079E-03
  8.350000E-01 -2.419598E-03
  8.360000E-01 -2.409972E-03
  8.370000E-01 -2.397577E-03
  8.380000E-01 -2.382799E-03
  8.390000E-01 -2.366020E-03
  8.400000E-01 -2.347607E-03
  8.410000E-01 -2.327897E-03
  8.420000E-01 -2.307180E-03
  8.430000E-01 -2.285695E-03
  8.440000E-01 -2.263616E-03
  8.450000E-01 -2.241047E-03
  8.460000E-01 -2.218017E-03
  8.470000E-01 -2.194479E-03
  8.480000E-01 -2.170309E-03
  8.490000E-01 -2.145309E-03
  8.500000E-01 -2.119215E-03
  8.510000E-01 -2.091702E-03
  8.520000E-01 -2.062396E-03
  8.530000E-01 -2.030883E-03
  8.540000E-01 -1.996722E-03
  8.550000E-01 -1.959461E-03
  8.560000E-01 -1.918646E-03
  8.570000E-01 -1.873838E-03
  8.580000E-01 -1.824628E-03
  8.590000E-01 -1.770645E-03
  8.600000E-01 -1.711567E-03
  8.610000E-01 -1.647136E-03
  8.620000E-01 -1.577162E-03
  8.630000E-01 -1.501526E-03
  8.640000E-01 -1.420189E-03
  8.650000E-01 -1.333190E-03
  8.660000E-01 -1.240646E-03
  8.670000E-01 -1.142747E-03
  8.680000E-01 -1.039754E-03
  8.690000E-01 -9.319900E-04
  8.700000E-01 -8.198312E-04
  8.710000E-01 -7.036983E-04
  8.720000E-01 -5.840455E-04
  8.730000E-01 -4.613493E-04
  8.740000E-01 -3.360970E-04
  8.750000E-01 -2.087756E-04
  8.760000E-01 -7.986120E-05
  8.770000E-01  5.019141E-05
  8.780000E-01  1.809572E-04
  8.790000E-01  3.120487E-04
  8.800000E-01  4.431222E-04
  8.810000E-01  5.738819E-04
  8.820000E-01  7.040832E-04
  8.830000E-01  8.335340E-04
  8.840000E-01  9.620939E-04
  8.850000E-01  1.089673E-03
  8.860000E-01  1.216228E-03
  8.870000E-01  1.341758E-03
  8.880000E-01  1.466299E-03
  8.890000E-01  1.589920E-03
  8.900000E-01  1.712713E-03
  8.910000E-01  1.834787E-03
  8.920000E-01  1.956264E-03
  8.930000E-01  2.077270E-03
  8.940000E-01  2.197928E-03
  8.950000E-01  2.318355E-03
  8.960000E-01  2.438655E-03
  8.970000E-01  2.558916E-03
  8.980000E-01  2.679209E-03
  8.990000E-01  2.799579E-03
  9.000000E-01  2.920052E-03
  9.010000E-01  3.040630E-03
  9.020000E-01  3.161290E-03
  9.030000E-01  3.281989E-03
  9.040000E-01  3.402663E-03
  9.050000E-01  3.523227E-03
  9.060000E-01  3.643583E-03
  9.070000E-01  3.763615E-03
  9.080000E-01  3.883195E-03
  9.090000E-01  4.002188E-03
  9.100000E-01  4.120445E-03
  9.110000E-01  4.237814E-03
  9.120000E-01  4.354136E-03
  9.130000E-01  4.469244E-03
  9.140000E-01  4.582969E-03
  9.150000E-01  4.695136E-03
  9.160000E-01  4.805564E-03
  9.170000E-01  4.914066E-03
  9.180000E-01  5.020448E-03
  9.190000E-01  5.124512E-03
  9.200000E-01  5.226048E-03
  9.210000E-01  5.324843E-03
  9.220000E-01  5.420672E-03
  9.230000E-01  5.513306E-03
  9.240000E-01  5.602509E-03
  9.250000E-01  5.688040E-03
  9.260000E-01  5.769658E-03
  9.270000E-01  5.847120E-03
  9.280000E-01  5.920189E-03
  9.290000E-01  5.988635E-03
  9.300000E-01  6.052239E-03
  9.310000E-01  6.110798E-03
  9.320000E-01  6.164131E-03
  9.330000E-01  6.212081E-03
  9.340000E-01  6.254517E-03
  9.350000E-01  6.291345E-03
  9.360000E-01  6.322501E-03
  9.370000E-01  6.347962E-03
  9.380000E-01  6.367743E-03
  9.390000E-01  6.381895E-03
  9.400000E-01  6.390509E-03
  9.410000E-01  6.393711E-03
  9.420000E-01  6.391658E-03
  9.430000E-01  6.384536E-03
  9.440000E-01  6.372552E-03
  9.450000E-01  6.355929E-03
  9.460000E-01  6.334897E-03
  9.470000E-01  6.309686E-03
  9.480000E-01  6.280520E-03
  9.490000E-01  6.247605E-03
  9.500000E-01  6.211124E-03
  9.510000E-01  6.171226E-03
  9.520000E-01  6.128023E-03
  9.530000E-01  6.081582E-03
  9.540000E-01  6.031921E-03
  9.550000E-01  5.979006E-03
  9.560000E-01  5.922749E-03
  9.570000E-01  5.863009E-03
  9.580000E-01  5.799594E-03
  9.590000E-01  5.732266E-03
  9.600000E-01  5.660744E-03
  9.610000E-01  5.584715E-03
  9.620000E-01  5.503841E-03
  9.630000E-01  5.417768E-03
  9.640000E-01  5.326140E-03
  9.650000E-01  5.228608E-03
  9.660000E-01  5.124845E-03
  9.670000E-01  5.014557E-03
  9.680000E-01  4.897492E-03
  9.690000E-01  4.773457E-03
  9.700000E-01  4.642320E-03
  9.710000E-01  4.504026E-03
  9.720000E-01  4.358599E-03
  9.730000E-01  4.206145E-03
  9.740000E-01  4.046859E-03
  9.750000E-01  3.881023E-03
  9.760000E-01  3.709000E-03
  9.770000E-01  3.531234E-03
  9.780000E-01  3.348241E-03
  9.790000E-01  3.160599E-03
  9.800000E-01  2.968938E-03
  9.810000E-01  2.773926E-03
  9.820000E-01  2.576254E-03
  9.830000E-01  2.376624E-03
  9.840000E-01  2.175732E-03
  9.850000E-01  1.974254E-03
  9.860000E-01  1.772826E-03
  9.870000E-01  1.572036E-03
  9.880000E-01  1.372410E-03
  9.890000E-01  1.174398E-03
  9.900000E-01  9.783686E-04
  9.910000E-01  7.845986E-04
  9.920000E-01  5.932725E-04
  9.930000E-01  4.044792E-04
  9.940000E-01  2.182133E-04
  9.950000E-01  3.437953E-05
  9.960000E-01 -1.472011E-04
  9.970000E-01 -3.267819E-04
  9.980000E-01 -5.046797E-04
  9.990000E-01 -6.812616E-04
  1.000000E+00 -8.569306E-04
  1.001000E+00 -1.032110E-03
  1.002000E+00 -1.207227E-03
  1.003000E+00 -1.382698E-03
  1.004000E+00 -1.558909E-03
  1.005000E+00 -1.736207E-03
  1.006000E+00 -1.914878E-03
  1.007000E+00 -2.095143E-03
  1.008000E+00 -2.277141E-03
  1.009000E+00 -2.460929E-03
  1.010000E+00 -2.646468E-03
  1.011000E+00 -2.833628E-03
  1.012000E+00 -3.022187E-03
  1.013000E+00 -3.211830E-03
  1.014000E+00 -3.402159E-03
  1.015000E+00 -3.592703E-03
  1.016000E+00 -3.782924E-03
  1.017000E+00 -3.972233E-03
  1.018000E+00 -4.160002E-03
  1.019000E+00 -4.345583E-03
  1.020000E+00 -4.528322E-03
  1.021000E+00 -4.707573E-03
  1.022000E+00 -4.882720E-03
  1.023000E+00 -5.053187E-03
  1.024000E+00 -5.218455E-03
  1.025000E+00 -5.378075E-03
  1.026000E+00 -5.531676E-03
  1.027000E+00 -5.678979E-03
  1.028000E+00 -5.819795E-03
  1.029000E+00 -5.954038E-03
  1.030000E+00 -6.081718E-03
  1.031000E+00 -6.202944E-03
  1.032000E+00 -6.317914E-03
  1.033000E+00 -6.426917E-03
  1.034000E+00 -6.530313E-03
  1.035000E+00 -6.628529E-03
  1.036000E+00 -6.722046E-03
  1.037000E+00 -6.811379E-03
  1.038000E+00 -6.897068E-03
  1.039000E+00 -6.979661E-03
  1.040000E+00 -7.059697E-03
  1.041000E+00 -7.137690E-03
  1.042000E+00 -7.214121E-03
  1.043000E+00 -7.289416E-03
  1.044000E+00 -7.363941E-03
  1.045000E+00 -7.437991E-03
  1.046000E+00 -7.511782E-03
  1.047000E+00 -7.585444E-03
  1.048000E+00 -7.659020E-03
  1.049000E+00 -7.732464E-03
  1.050000E+00 -7.805644E-03
  1.051000E+00 -7.878344E-03
  1.052000E+00 -7.950270E-03
  1.053000E+00 -8.021059E-03
  1.054000E+00 -8.090285E-03
  1.055000E+00 -8.157475E-03
  1.056000E+00 -8.222113E-03
  1.057000E+00 -8.283659E-03
  1.058000E+00 -8.341556E-03
  1.059000E+00 -8.395247E-03
  1.060000E+00 -8.444183E-03
  1.061000E+00 -8.487836E-03
  1.062000E+00 -8.525711E-03
  1.063000E+00 -8.557351E-03
  1.064000E+00 -8.582349E-03
  1.065000E+00 -8.600353E-03
  1.066000E+00 -8.611071E-03
  1.067000E+00 -8.614272E-03
  1.068000E+00 -8.609793E-03
  1.069000E+00 -8.597530E-03
  1.070000E+00 -8.577448E-03
  1.071000E+00 -8.549566E-03
  1.072000E+00 -8.513962E-03
  1.073000E+00 -8.470763E-03
  1.074000E+00 -8.420138E-03
  1.075000E+00 -8.362296E-03
  1.076000E+00 -8.297470E-03
  1.077000E+00 -8.225920E-03
  1.078000E+00 -8.147917E-03
  1.079000E+00 -8.063737E-03
  1.080000E+00 -7.973657E-03
  1.081000E+00 -7.877944E-03
  1.082000E+00 -7.776851E-03
  1.083000E+00 -7.670613E-03
  1.084000E+00 -7.559438E-03
  1.085000E+00 -7.443506E-03
  1.086000E+00 -7.322967E-03
  1.087000E+00 -7.197937E-03
  1.088000E+00 -7.068497E-03
  1.089000E+00 -6.934694E-03
  1.090000E+00 -6.796540E-03
  1.091000E+00 -6.654015E-03
  1.092000E+00 -6.507067E-03
  1.093000E+00 -6.355618E-03
  1.094000E+00 -6.199561E-03
  1.095000E+00 -6.038772E-03
  1.096000E+00 -5.873105E-03
  1.097000E+00 -5.702403E-03
  1.098000E+00 -5.526499E-03
  1.099000E+00 -5.345221E-03
  1.100000E+00 -5.158399E-03
  1.101000E+00 -4.965863E-03
  1.102000E+00 -4.767457E-03
  1.103000E+00 -4.563037E-03
  1.104000E+00 -4.352474E-03
  1.105000E+00 -4.135666E-03
  1.106000E+00 -3.912533E-03
  1.107000E+00 -3.683026E-03
  1.108000E+00 -3.447129E-03
  1.109000E+00 -3.204862E-03
  1.110000E+00 -2.956283E-03
  1.111000E+00 -2.701491E-03
  1.112000E+00 -2.440626E-03
  1.113000E+00 -2.173875E-03
  1.114000E+00 -1.901463E-03
  1.115000E+00 -1.623663E-03
  1.116000E+00 -1.340790E-03
  1.117000E+00 -1.053198E-03
  1.118000E+00 -7.612839E-04
  1.119000E+00 -4.654777E-04
  1.120000E+00 -1.662435E-04
  1.121000E+00  1.359262E-04
  1.122000E+00  4.405153E-04
  1.123000E+00  7.469892E-04
  1.124000E+00  1.054801E-03
  1.125000E+00  1.363397E-03
  1.126000E+00  1.672224E-03
  1.127000E+00  1.980736E-03
  1.128000E+00  2.288400E-03
  1.129000E+00  2.594700E-03
  1.130000E+00  2.899150E-03
  1.131000E+00  3.201293E-03
  1.132000E+00  3.500707E-03
  1.133000E+00  3.797014E-03
  1.134000E+00  4.089876E-03
  1.135000E+00  4.379003E-03
  1.136000E+00  4.664154E-03
  1.137000E+00  4.945132E-03
  1.138000E+00  5.221789E-03
  1.139000E+00  5.494021E-03
  1.140000E+00  5.761763E-03
  1.141000E+00  6.024989E-03
  1.142000E+00  6.283702E-03
  1.143000E+00  6.537930E-03
  1.144000E+00  6.787719E-03
  1.145000E+00  7.033125E-03
  1.146000E+00  7.274207E-03
  1.147000E+00  7.511018E-03
  1.148000E+00  7.743597E-03
  1.149000E+00  7.971965E-03
  1.150000E+00  8.196112E-03
  1.151000E+00  8.415998E-03
  1.152000E+00  8.631543E-03
  1.153000E+00  8.842623E-03
  1.154000E+00  9.049073E-03
  1.155000E+00  9.250677E-03
  1.156000E+00  9.447178E-03
  1.157000E+00  9.638270E-03
  1.158000E+00  9.823609E-03
  1.159000E+00  1.000281E-02
  1.160000E+00  1.017547E-02
  1.161000E+00  1.034114E-02
  1.162000E+00  1.049937E-02
  1.163000E+00  1.064970E-02
  1.164000E+00  1.079168E-02
  1.165000E+00  1.092485E-02
  1.166000E+00  1.104878E-02
  1.167000E+00  1.116308E-02
  1.168000E+00  1.126739E-02
  1.169000E+00  1.136138E-02
  1.170000E+00  1.144481E-02
  1.171000E+00  1.151745E-02
  1.172000E+00  1.157918E-02
  1.173000E+00  1.162990E-02
  1.174000E+00  1.166961E-02
  1.175000E+00  1.169837E-02
  1.176000E+00  1.171628E-02
  1.177000E+00  1.172352E-02
  1.178000E+00  1.172033E-02
  1.179000E+00  1.170698E-02
  1.180000E+00  1.168380E-02
  1.181000E+00  1.165113E-02
  1.182000E+00  1.160936E-02
  1.183000E+00  1.155888E-02
  1.184000E+00  1.150009E-02
  1.185000E+00  1.143338E-02
  1.186000E+00  1.135915E-02
  1.187000E+00  1.127776E-02
  1.188000E+00  1.118955E-02
  1.189000E+00  1.109483E-02
  1.190000E+00  1.099387E-02
  1.191000E+00  1.088690E-02
  1.192000E+00  1.077412E-02
  1.193000E+00  1.065568E-02
  1.194000E+00  1.053168E-02
  1.195000E+00  1.040220E-02
  1.196000E+00  1.026729E-02
  1.197000E+00  1.012695E-02
  1.198000E+00  9.981179E-03
  1.199000E+00  9.829943E-03
  1.200000E+00  9.673212E-03
  1.201000E+00  9.510953E-03
  1.202000E+00  9.343137E-03
  1.203000E+00  9.169751E-03
  1.204000E+00  8.990803E-03
  1.205000E+00  8.806328E-03
  1.206000E+00  8.616391E-03
  1.207000E+00  8.421095E-03
  1.208000E+00  8.220583E-03
  1.209000E+00  8.015037E-03
  1.210000E+00  7.804681E-03
  1.211000E+00  7.589780E-03
  1.212000E+00  7.370636E-03
  1.213000E+00  7.147588E-03
  1.214000E+00  6.921004E-03
  1.215000E+00  6.691280E-03
  1.216000E+00  6.458829E-03
  1.217000E+00  6.224082E-03
  1.218000E+00  5.987473E-03
  1.219000E+00  5.749438E-03
  1.220000E+00  5.510410E-03
  1.221000E+00  5.270805E-03
  1.222000E+00  5.031026E-03
  1.223000E+00  4.791453E-03
  1.224000E+00  4.552438E-03
  1.225000E+00  4.314307E-03
  1.226000E+00  4.077353E-03
  1.227000E+00  3.841838E-03
  1.228000E+00  3.607993E-03
  1.229000E+00  3.376020E-03
  1.230000E+00  3.146091E-03
  1.231000E+00  2.918354E-03
  1.232000E+00  2.692936E-03
  1.233000E+00  2.469946E-03
  1.234000E+00  2.249480E-03
  1.235000E+00  2.031629E-03
  1.236000E+00  1.816478E-03
  1.237000E+00  1.604114E-03
  1.238000E+00  1.394629E-03
  1.239000E+00  1.188125E-03
  1.240000E+00  9.847143E-04
  1.241000E+00  7.845233E-04
  1.242000E+00  5.876939E-04
  1.243000E+00  3.943831E-04
  1.244000E+00  2.047628E-04
  1.245000E+00  1.901881E-05
  1.246000E+00 -1.626518E-04
  1.247000E+00 -3.400429E-04
  1.248000E+00 -5.129430E-04
  1.249000E+00 -6.811387E-04
  1.250000E+00 -8.444190E-04
  1.251000E+00 -1.002579E-03
  1.252000E+00 -1.155423E-03
  1.253000E+00 -1.302771E-03
  1.254000E+00 -1.444460E-03
  1.255000E+00 -1.580343E-03
  1.256000E+00 -1.710301E-03
  1.257000E+00 -1.834233E-03
  1.258000E+00 -1.952064E-03
  1.259000E+00 -2.063742E-03
  1.260000E+00 -2.169238E-03
  1.261000E+00 -2.268541E-03
  1.262000E+00 -2.361660E-03
  1.263000E+00 -2.448616E-03
  1.264000E+00 -2.529442E-03
  1.265000E+00 -2.604178E-03
  1.266000E+00 -2.672864E-03
  1.267000E+00 -2.735541E-03
  1.268000E+00 -2.792241E-03
  1.269000E+00 -2.842991E-03
  1.270000E+00 -2.887803E-03
  1.271000E+00 -2.926674E-03
  1.272000E+00 -2.959587E-03
  1.273000E+00 -2.986508E-03
  1.274000E+00 -3.007388E-03
  1.275000E+00 -3.022162E-03
  1.276000E+00 -3.030756E-03
  1.277000E+00 -3.033084E-03
  1.278000E+00 -3.029060E-03
  1.279000E+00 -3.018595E-03
  1.280000E+00 -3.001610E-03
  1.281000E+00 -2.978038E-03
  1.282000E+00 -2.947828E-03
  1.283000E+00 -2.910955E-03
  1.284000E+00 -2.867426E-03
  1.285000E+00 -2.817282E-03
  1.286000E+00 -2.760603E-03
  1.287000E+00 -2.697514E-03
  1.288000E+00 -2.628185E-03
  1.289000E+00 -2.552835E-03
  1.290000E+00 -2.471727E-03
  1.291000E+00 -2.385172E-03
  1.292000E+00 -2.293522E-03
  1.293000E+00 -2.197169E-03
  1.294000E+00 -2.096537E-03
  1.295000E+00 -1.992076E-03
  1.296000E+00 -1.884253E-03
  1.297000E+00 -1.773548E-03
  1.298000E+00 -1.660440E-03
  1.299000E+00 -1.545399E-03
  1.300000E+00 -1.428881E-03
  1.301000E+00 -1.311313E-03
  1.302000E+00 -1.193088E-03
  1.303000E+00 -1.074559E-03
  1.304000E+00 -9.560288E-04
  1.305000E+00 -8.377495E-04
  1.306000E+00 -7.199156E-04
  1.307000E+00 -6.026643E-04
  1.308000E+00 -4.860748E-04
  1.309000E+00 -3.701705E-04
  1.310000E+00 -2.549222E-04
  1.311000E+00 -1.402536E-04
  1.312000E+00 -2.604821E-05
  1.313000E+00  8.784280E-05
  1.314000E+00  2.015910E-04
  1.315000E+00  3.153810E-04
  1.316000E+00  4.293991E-04
  1.317000E+00  5.438231E-04
  1.318000E+00  6.588111E-04
  1.319000E+00  7.744915E-04
  1.320000E+00  8.909531E-04
  1.321000E+00  1.008237E-03
  1.322000E+00  1.126330E-03
  1.323000E+00  1.245158E-03
  1.324000E+00  1.364583E-03
  1.325000E+00  1.484403E-03
  1.326000E+00  1.604350E-03
  1.327000E+00  1.724094E-03
  1.328000E+00  1.843249E-03
  1.329000E+00  1.961375E-03
  1.330000E+00  2.077990E-03
  1.331000E+00  2.192581E-03
  1.332000E+00  2.304611E-03
  1.333000E+00  2.413532E-03
  1.334000E+00  2.518800E-03
  1.335000E+00  2.619886E-03
  1.336000E+00  2.716288E-03
  1.337000E+00  2.807544E-03
  1.338000E+00  2.893243E-03
  1.339000E+00  2.973034E-03
  1.340000E+00  3.046637E-03
  1.341000E+00  3.113846E-03
  1.342000E+00  3.174534E-03
  1.343000E+00  3.228659E-03
  1.344000E+00  3.276259E-03
  1.345000E+00  3.317454E-03
  1.346000E+00  3.352437E-03
  1.347000E+00  3.381472E-03
  1.348000E+00  3.404884E-03
  1.349000E+00  3.423046E-03
  1.350000E+00  3.436372E-03
  1.351000E+00  3.445302E-03
  1.352000E+00  3.450288E-03
  1.353000E+00  3.451784E-03
  1.354000E+00  3.450227E-03
  1.355000E+00  3.446029E-03
  1.356000E+00  3.439565E-03
  1.357000E+00  3.431158E-03
  1.358000E+00  3.421073E-03
  1.359000E+00  3.409511E-03
  1.360000E+00  3.396599E-03
  1.361000E+00  3.382393E-03
  1.362000E+00  3.366871E-03
  1.363000E+00  3.349939E-03
  1.364000E+00  3.331432E-03
  1.365000E+00  3.311124E-03
  1.366000E+00  3.288730E-03
  1.367000E+00  3.263919E-03
  1.368000E+00  3.236325E-03
  1.369000E+00  3.205559E-03
  1.370000E+00  3.171220E-03
  1.371000E+00  3.132909E-03
  1.372000E+00  3.090245E-03
  1.373000E+00  3.042872E-03
  1.374000E+00  2.990476E-03
  1.375000E+00  2.932793E-03
  1.376000E+00  2.869618E-03
  1.377000E+00  2.800813E-03
  1.378000E+00  2.726314E-03
  1.379000E+00  2.646131E-03
  1.380000E+00  2.560353E-03
  1.381000E+00  2.469145E-03
  1.382000E+00  2.372744E-03
  1.383000E+00  2.271456E-03
  1.384000E+00  2.165648E-03
  1.385000E+00  2.055741E-03
  1.386000E+00  1.942194E-03
  1.387000E+00  1.825502E-03
  1.388000E+00  1.706176E-03
  1.389000E+00  1.584736E-03
  1.390000E+00  1.461696E-03
  1.391000E+00  1.337554E-03
  1.392000E+00  1.212777E-03
  1.393000E+00  1.087796E-03
  1.394000E+00  9.629937E-04
  1.395000E+00  8.386967E-04
  1.396000E+00  7.151710E-04
  1.397000E+00  5.926178E-04
  1.398000E+00  4.711712E-04
  1.399000E+00  3.508979E-04
  1.400000E+00  2.317998E-04
  1.401000E+00  1.138169E-04
  1.402000E+00 -3.166987E-06
  1.403000E+00 -1.193175E-04
  1.404000E+00 -2.348417E-04
  1.405000E+00 -3.499789E-04
  1.406000E+00 -4.649909E-04
  1.407000E+00 -5.801520E-04
  1.408000E+00 -6.957387E-04
  1.409000E+00 -8.120196E-04
  1.410000E+00 -9.292461E-04
  1.411000E+00 -1.047644E-03
  1.412000E+00 -1.167404E-03
  1.413000E+00 -1.288679E-03
  1.414000E+00 -1.411576E-03
  1.415000E+00 -1.536152E-03
  1.416000E+00 -1.662415E-03
  1.417000E+00 -1.790322E-03
  1.418000E+00 -1.919779E-03
  1.419000E+00 -2.050647E-03
  1.420000E+00 -2.182741E-03
  1.421000E+00 -2.315841E-03
  1.422000E+00 -2.449694E-03
  1.423000E+00 -2.584021E-03
  1.424000E+00 -2.718528E-03
  1.425000E+00 -2.852910E-03
  1.426000E+00 -2.986862E-03
  1.427000E+00 -3.120084E-03
  1.428000E+00 -3.252291E-03
  1.429000E+00 -3.383215E-03
  1.430000E+00 -3.512618E-03
  1.431000E+00 -3.640291E-03
  1.432000E+00 -3.766060E-03
  1.433000E+00 -3.889788E-03
  1.434000E+00 -4.011377E-03
  1.435000E+00 -4.130770E-03
  1.436000E+00 -4.247947E-03
  1.437000E+00 -4.362924E-03
  1.438000E+00 -4.475751E-03
  1.439000E+00 -4.586509E-03
  1.440000E+00 -4.695302E-03
  1.441000E+00 -4.802255E-03
  1.442000E+00 -4.907509E-03
  1.443000E+00 -5.011212E-03
  1.444000E+00 -5.113517E-03
  1.445000E+00 -5.214575E-03
  1.446000E+00 -5.314530E-03
  1.447000E+00 -5.413514E-03
  1.448000E+00 -5.511643E-03
  1.449000E+00 -5.609017E-03
  1.450000E+00 -5.705711E-03
  1.451000E+00 -5.801780E-03
  1.452000E+00 -5.897253E-03
  1.453000E+00 -5.992137E-03
  1.454000E+00 -6.086415E-03
  1.455000E+00 -6.180048E-03
  1.456000E+00 -6.272978E-03
  1.457000E+00 -6.365130E-03
  1.458000E+00 -6.456415E-03
  1.459000E+00 -6.546733E-03
  1.460000E+00 -6.635977E-03
  1.461000E+00 -6.724037E-03
  1.462000E+00 -6.810801E-03
  1.463000E+00 -6.896160E-03
  1.464000E+00 -6.980012E-03
  1.465000E+00 -7.062260E-03
  1.466000E+00 -7.142818E-03
  1.467000E+00 -7.221612E-03
  1.468000E+00 -7.298578E-03
  1.469000E+00 -7.373664E-03
  1.470000E+00 -7.446832E-03
  1.471000E+00 -7.518052E-03
  1.472000E+00 -7.587308E-03
  1.473000E+00 -7.654588E-03
  1.474000E+00 -7.719891E-03
  1.475000E+00 -7.783219E-03
  1.476000E+00 -7.844577E-03
  1.477000E+00 -7.903971E-03
  1.478000E+00 -7.961407E-03
  1.479000E+00 -8.016887E-03
  1.480000E+00 -8.070409E-03
  1.481000E+00 -8.121968E-03
  1.482000E+00 -8.171551E-03
  1.483000E+00 -8.219138E-03
  1.484000E+00 -8.264704E-03
  1.485000E+00 -8.308217E-03
  1.486000E+00 -8.349640E-03
  1.487000E+00 -8.388931E-03
  1.488000E+00 -8.426044E-03
  1.489000E+00 -8.460933E-03
  1.490000E+00 -8.493549E-03
  1.491000E+00 -8.523848E-03
  1.492000E+00 -8.551786E-03
  1.493000E+00 -8.577323E-03
  1.494000E+00 -8.600428E-03
  1.495000E+00 -8.621074E-03
  1.496000E+00 -8.639244E-03
  1.497000E+00 -8.654926E-03
  1.498000E+00 -8.668119E-03
  1.499000E+00 -8.678830E-03
  1.500000E+00 -8.687074E-03
  1.501000E+00 -8.692872E-03
  1.502000E+00 -8.696251E-03
  1.503000E+00 -8.697241E-03
  1.504000E+00 -8.695878E-03
  1.505000E+00 -8.692196E-03
  1.506000E+00 -8.686230E-03
  1.507000E+00 -8.678010E-03
  1.508000E+00 -8.667565E-03
  1.509000E+00 -8.654916E-03
  1.510000E+00 -8.640078E-03
  1.511000E+00 -8.623058E-03
  1.512000E+00 -8.603855E-03
  1.513000E+00 -8.582460E-03
  1.514000E+00 -8.558853E-03
  1.515000E+00 -8.533011E-03
  1.516000E+00 -8.504901E-03
  1.517000E+00 -8.474487E-03
  1.518000E+00 -8.441728E-03
  1.519000E+00 -8.406585E-03
  1.520000E+00 -8.369018E-03
  1.521000E+00 -8.328990E-03
  1.522000E+00 -8.286474E-03
  1.523000E+00 -8.241447E-03
  1.524000E+00 -8.193901E-03
  1.525000E+00 -8.143838E-03
  1.526000E+00 -8.091275E-03
  1.527000E+00 -8.036247E-03
  1.528000E+00 -7.978803E-03
  1.529000E+00 -7.919011E-03
  1.530000E+00 -7.856954E-03
  1.531000E+00 -7.792732E-03
  1.532000E+00 -7.726460E-03
  1.533000E+00 -7.658265E-03
  1.534000E+00 -7.588284E-03
  1.535000E+00 -7.516663E-03
  1.536000E+00 -7.443551E-03
  1.537000E+00 -7.369100E-03
  1.538000E+00 -7.293458E-03
  1.539000E+00 -7.216767E-03
  1.540000E+00 -7.139162E-03
  1.541000E+00 -7.060763E-03
  1.542000E+00 -6.981674E-03
  1.543000E+00 -6.901983E-03
  1.544000E+00 -6.821755E-03
  1.545000E+00 -6.741034E-03
  1.546000E+00 -6.659841E-03
  1.547000E+00 -6.578172E-03
  1.548000E+00 -6.496001E-03
  1.549000E+00 -6.413280E-03
  1.550000E+00 -6.329938E-03
  1.551000E+00 -6.245889E-03
  1.552000E+00 -6.161028E-03
  1.553000E+00 -6.075239E-03
  1.554000E+00 -5.988397E-03
  1.555000E+00 -5.900373E-03
  1.556000E+00 -5.811037E-03
  1.557000E+00 -5.720260E-03
  1.558000E+00 -5.627923E-03
  1.559000E+00 -5.533918E-03
  1.560000E+00 -5.438151E-03
  1.561000E+00 -5.340545E-03
  1.562000E+00 -5.241045E-03
  1.563000E+00 -5.139617E-03
  1.564000E+00 -5.036251E-03
  1.565000E+00 -4.930962E-03
  1.566000E+00 -4.823787E-03
  1.567000E+00 -4.714787E-03
  1.568000E+00 -4.604046E-03
  1.569000E+00 -4.491665E-03
  1.570000E+00 -4.377764E-03
  1.571000E+00 -4.262475E-03
  1.572000E+00 -4.145940E-03
  1.573000E+00 -4.028306E-03
  1.574000E+00 -3.909723E-03
  1.575000E+00 -3.790338E-03
  1.576000E+00 -3.670293E-03
  1.577000E+00 -3.549717E-03
  1.578000E+00 -3.428729E-03
  1.579000E+00 -3.307430E-03
  1.580000E+00 -3.185900E-03
  1.581000E+00 -3.064203E-03
  1.582000E+00 -2.942377E-03
  1.583000E+00 -2.820441E-03
  1.584000E+00 -2.698389E-03
  1.585000E+00 -2.576197E-03
  1.586000E+00 -2.453821E-03
  1.587000E+00 -2.331201E-03
  1.588000E+00 -2.208263E-03
  1.589000E+00 -2.084922E-03
  1.590000E+00 -1.961089E-03
  1.591000E+00 -1.836670E-03
  1.592000E+00 -1.711575E-03
  1.593000E+00 -1.585721E-03
  1.594000E+00 -1.459033E-03
  1.595000E+00 -1.331452E-03
  1.596000E+00 -1.202938E-03
  1.597000E+00 -1.073468E-03
  1.598000E+00 -9.430476E-04
  1.599000E+00 -8.117042E-04
  1.600000E+00 -6.794933E-04
  1.601000E+00 -5.464974E-04
  1.602000E+00 -4.128259E-04
  1.603000E+00 -2.786141E-04
  1.604000E+00 -1.440219E-04
  1.605000E+00 -9.230977E-06
  1.606000E+00  1.255577E-04
  1.607000E+00  2.601273E-04
  1.608000E+00  3.942489E-04
  1.609000E+00  5.276858E-04
  1.610000E+00  6.601971E-04
  1.611000E+00  7.915426E-04
  1.612000E+00  9.214866E-04
  1.613000E+00  1.049802E-03
  1.614000E+00  1.176273E-03
  1.615000E+00  1.300702E-03
  1.616000E+00  1.422906E-03
  1.617000E+00  1.542725E-03
  1.618000E+00  1.660021E-03
  1.619000E+00  1.774677E-03
  1.620000E+00  1.886604E-03
  1.621000E+00  1.995730E-03
  1.622000E+00  2.102011E-03
  1.623000E+00  2.205420E-03
  1.624000E+00  2.305951E-03
  1.625000E+00  2.403612E-03
  1.626000E+00  2.498426E-03
  1.627000E+00  2.590426E-03
  1.628000E+00  2.679653E-03
  1.629000E+00  2.766148E-03
  1.630000E+00  2.849958E-03
  1.631000E+00  2.931123E-03
  1.632000E+00  3.009678E-03
  1.633000E+00  3.085653E-03
  1.634000E+00  3.159064E-03
  1.635000E+00  3.229916E-03
  1.636000E+00  3.298202E-03
  1.637000E+00  3.363900E-03
  1.638000E+00  3.426975E-03
  1.639000E+00  3.487377E-03
  1.640000E+00  3.545044E-03
  1.641000E+00  3.599903E-03
  1.642000E+00  3.651871E-03
  1.643000E+00  3.700859E-03
  1.644000E+00  3.746770E-03
  1.645000E+00  3.789510E-03
  1.646000E+00  3.828981E-03
  1.647000E+00  3.865091E-03
  1.648000E+00  3.897754E-03
  1.649000E+00  3.926893E-03
  1.650000E+00  3.952444E-03
  1.651000E+00  3.974354E-03
  1.652000E+00  3.992589E-03
  1.653000E+00  4.007130E-03
  1.654000E+00  4.017979E-03
  1.655000E+00  4.025153E-03
  1.656000E+00  4.028693E-03
  1.657000E+00  4.028655E-03
  1.658000E+00  4.025118E-03
  1.659000E+00  4.018175E-03
  1.660000E+00  4.007936E-03
  1.661000E+00  3.994526E-03
  1.662000E+00  3.978083E-03
  1.663000E+00  3.958756E-03
  1.664000E+00  3.936700E-03
  1.665000E+00  3.912079E-03
  1.666000E+00  3.885060E-03
  1.667000E+00  3.855812E-03
  1.668000E+00  3.824503E-03
  1.669000E+00  3.791301E-03
  1.670000E+00  3.756370E-03
  1.671000E+00  3.719868E-03
  1.672000E+00  3.681950E-03
  1.673000E+00  3.642763E-03
  1.674000E+00  3.602448E-03
  1.675000E+00  3.561141E-03
  1.676000E+00  3.518970E-03
  1.677000E+00  3.476057E-03
  1.678000E+00  3.432520E-03
  1.679000E+00  3.388472E-03
  1.680000E+00  3.344025E-03
  1.681000E+00  3.299288E-03
  1.682000E+00  3.254367E-03
  1.683000E+00  3.209371E-03
  1.684000E+00  3.164409E-03
  1.685000E+00  3.119594E-03
  1.686000E+00  3.075040E-03
  1.687000E+00  3.030866E-03
  1.688000E+00  2.987193E-03
  1.689000E+00  2.944148E-03
  1.690000E+00  2.901860E-03
  1.691000E+00  2.860462E-03
  1.692000E+00  2.820090E-03
  1.693000E+00  2.780881E-03
  1.694000E+00  2.742972E-03
  1.695000E+00  2.706500E-03
  1.696000E+00  2.671601E-03
  1.697000E+00  2.638404E-03
  1.698000E+00  2.607037E-03
  1.699000E+00  2.577619E-03
  1.700000E+00  2.550261E-03
  1.701000E+00  2.525067E-03
  1.702000E+00  2.502129E-03
  1.703000E+00  2.481529E-03
  1.704000E+00  2.463337E-03
  1.705000E+00  2.447613E-03
  1.706000E+00  2.434403E-03
  1.707000E+00  2.423742E-03
  1.708000E+00  2.415657E-03
  1.709000E+00  2.410162E-03
  1.710000E+00  2.407264E-03
  1.711000E+00  2.406962E-03
  1.712000E+00  2.409251E-03
  1.713000E+00  2.414119E-03
  1.714000E+00  2.421554E-03
  1.715000E+00  2.431545E-03
  1.716000E+00  2.444080E-03
  1.717000E+00  2.459152E-03
  1.718000E+00  2.476759E-03
  1.719000E+00  2.496904E-03
  1.720000E+00  2.519599E-03
  1.721000E+00  2.544864E-03
  1.722000E+00  2.572729E-03
  1.723000E+00  2.603232E-03
  1.724000E+00  2.636420E-03
  1.725000E+00  2.672351E-03
  1.726000E+00  2.711088E-03
  1.727000E+00  2.752702E-03
  1.728000E+00  2.797269E-03
  1.729000E+00  2.844866E-03
  1.730000E+00  2.895576E-03
  1.731000E+00  2.949474E-03
  1.732000E+00  3.006637E-03
  1.733000E+00  3.067133E-03
  1.734000E+00  3.131022E-03
  1.735000E+00  3.198351E-03
  1.736000E+00  3.269156E-03
  1.737000E+00  3.343455E-03
  1.738000E+00  3.421250E-03
  1.739000E+00  3.502523E-03
  1.740000E+00  3.587235E-03
  1.741000E+00  3.675325E-03
  1.742000E+00  3.766713E-03
  1.743000E+00  3.861295E-03
  1.744000E+00  3.958946E-03
  1.745000E+00  4.059519E-03
  1.746000E+00  4.162852E-03
  1.747000E+00  4.268761E-03
  1.748000E+00  4.377050E-03
  1.749000E+00  4.487509E-03
  1.750000E+00  4.599918E-03
  1.751000E+00  4.714049E-03
  1.752000E+00  4.829671E-03
  1.753000E+00  4.946550E-03
  1.754000E+00  5.064455E-03
  1.755000E+00  5.183160E-03
  1.756000E+00  5.302443E-03
  1.757000E+00  5.422095E-03
  1.758000E+00  5.541917E-03
  1.759000E+00  5.661722E-03
  1.760000E+00  5.781339E-03
  1.761000E+00  5.900613E-03
  1.762000E+00  6.019403E-03
  1.763000E+00  6.137584E-03
  1.764000E+00  6.255048E-03
  1.765000E+00  6.371697E-03
  1.766000E+00  6.487449E-03
  1.767000E+00  6.602231E-03
  1.768000E+00  6.715979E-03
  1.769000E+00  6.828636E-03
  1.770000E+00  6.940148E-03
  1.771000E+00  7.050462E-03
  1.772000E+00  7.159522E-03
  1.773000E+00  7.267269E-03
  1.774000E+00  7.373638E-03
  1.775000E+00  7.478554E-03
  1.776000E+00  7.581931E-03
  1.777000E+00  7.683670E-03
  1.778000E+00  7.783658E-03
  1.779000E+00  7.881770E-03
  1.780000E+00  7.977864E-03
  1.781000E+00  8.071784E-03
  1.782000E+00  8.163360E-03
  1.783000E+00  8.252413E-03
  1.784000E+00  8.338748E-03
  1.785000E+00  8.422167E-03
  1.786000E+00  8.502463E-03
  1.787000E+00  8.579426E-03
  1.788000E+00  8.652849E-03
  1.789000E+00  8.722525E-03
  1.790000E+00  8.788257E-03
  1.791000E+00  8.849855E-03
  1.792000E+00  8.907143E-03
  1.793000E+00  8.959962E-03
  1.794000E+00  9.008171E-03
  1.795000E+00  9.051649E-03
  1.796000E+00  9.090298E-03
  1.797000E+00  9.124045E-03
  1.798000E+00  9.152840E-03
  1.799000E+00  9.176660E-03
  1.800000E+00  9.195505E-03
  1.801000E+00  9.209400E-03
  1.802000E+00  9.218392E-03
  1.803000E+00  9.222550E-03
  1.804000E+00  9.221960E-03
  1.805000E+00  9.216726E-03
  1.806000E+00  9.206962E-03
  1.807000E+00  9.192796E-03
  1.808000E+00  9.174360E-03
  1.809000E+00  9.151789E-03
  1.810000E+00  9.125220E-03
  1.811000E+00  9.094785E-03
  1.812000E+00  9.060612E-03
  1.813000E+00  9.022819E-03
  1.814000E+00  8.981512E-03
  1.815000E+00  8.936786E-03
  1.816000E+00  8.888719E-03
  1.817000E+00  8.837375E-03
  1.818000E+00  8.782802E-03
  1.819000E+00  8.725029E-03
  1.820000E+00  8.664073E-03
  1.821000E+00  8.599931E-03
  1.822000E+00  8.532591E-03
  1.823000E+00  8.462027E-03
  1.824000E+00  8.388200E-03
  1.825000E+00  8.311067E-03
  1.826000E+00  8.230578E-03
  1.827000E+00  8.146680E-03
  1.828000E+00  8.059318E-03
  1.829000E+00  7.968441E-03
  1.830000E+00  7.874003E-03
  1.831000E+00  7.775964E-03
  1.832000E+00  7.674293E-03
  1.833000E+00  7.568969E-03
  1.834000E+00  7.459984E-03
  1.835000E+00  7.347345E-03
  1.836000E+00  7.231071E-03
  1.837000E+00  7.111195E-03
  1.838000E+00  6.987767E-03
  1.839000E+00  6.860851E-03
  1.840000E+00  6.730521E-03
  1.841000E+00  6.596868E-03
  1.842000E+00  6.459991E-03
  1.843000E+00  6.320001E-03
  1.844000E+00  6.177017E-03
  1.845000E+00  6.031163E-03
  1.846000E+00  5.882569E-03
  1.847000E+00  5.731368E-03
  1.848000E+00  5.577693E-03
  1.849000E+00  5.421678E-03
  1.850000E+00  5.263454E-03
  1.851000E+00  5.103149E-03
  1.852000E+00  4.940887E-03
  1.853000E+00  4.776788E-03
  1.854000E+00  4.610963E-03
  1.855000E+00  4.443520E-03
  1.856000E+00  4.274559E-03
  1.857000E+00  4.104173E-03
  1.858000E+00  3.932451E-03
  1.859000E+00  3.759475E-03
  1.860000E+00  3.585321E-03
  1.861000E+00  3.410064E-03
  1.862000E+00  3.233772E-03
  1.863000E+00  3.056512E-03
  1.864000E+00  2.878350E-03
  1.865000E+00  2.699349E-03
  1.866000E+00  2.519575E-03
  1.867000E+00  2.339092E-03
  1.868000E+00  2.157967E-03
  1.869000E+00  1.976268E-03
  1.870000E+00  1.794066E-03
  1.871000E+00  1.611437E-03
  1.872000E+00  1.428457E-03
  1.873000E+00  1.245207E-03
  1.874000E+00  1.061773E-03
  1.875000E+00  8.782417E-04
  1.876000E+00  6.947066E-04
  1.877000E+00  5.112634E-04
  1.878000E+00  3.280117E-04
  1.879000E+00  1.450549E-04
  1.880000E+00 -3.749987E-05
  1.881000E+00 -2.195420E-04
  1.882000E+00 -4.009571E-04
  1.883000E+00 -5.816271E-04
  1.884000E+00 -7.614303E-04
  1.885000E+00 -9.402411E-04
  1.886000E+00 -1.117930E-03
  1.887000E+00 -1.294365E-03
  1.888000E+00 -1.469408E-03
  1.889000E+00 -1.642920E-03
  1.890000E+00 -1.814757E-03
  1.891000E+00 -1.984773E-03
  1.892000E+00 -2.152817E-03
  1.893000E+00 -2.318741E-03
  1.894000E+00 -2.482390E-03
  1.895000E+00 -2.643614E-03
  1.896000E+00 -2.802260E-03
  1.897000E+00 -2.958180E-03
  1.898000E+00 -3.111228E-03
  1.899000E+00 -3.261264E-03
  1.900000E+00 -3.408154E-03
  1.901000E+00 -3.551772E-03
  1.902000E+00 -3.692004E-03
  1.903000E+00 -3.828746E-03
  1.904000E+00 -3.961908E-03
  1.905000E+00 -4.091414E-03
  1.906000E+00 -4.217205E-03
  1.907000E+00 -4.339238E-03
  1.908000E+00 -4.457487E-03
  1.909000E+00 -4.571947E-03
  1.910000E+00 -4.682627E-03
  1.911000E+00 -4.789554E-03
  1.912000E+00 -4.892775E-03
  1.913000E+00 -4.992349E-03
  1.914000E+00 -5.088349E-03
  1.915000E+00 -5.180862E-03
  1.916000E+00 -5.269982E-03
  1.917000E+00 -5.355811E-03
  1.918000E+00 -5.438453E-03
  1.919000E+00 -5.518016E-03
  1.920000E+00 -5.594603E-03
  1.921000E+00 -5.668313E-03
  1.922000E+00 -5.739236E-03
  1.923000E+00 -5.807450E-03
  1.924000E+00 -5.873021E-03
  1.925000E+00 -5.935998E-03
  1.926000E+00 -5.996413E-03
  1.927000E+00 -6.054277E-03
  1.928000E+00 -6.109585E-03
  1.929000E+00 -6.162311E-03
  1.930000E+00 -6.212408E-03
  1.931000E+00 -6.259815E-03
  1.932000E+00 -6.304454E-03
  1.933000E+00 -6.346232E-03
  1.934000E+00 -6.385049E-03
  1.935000E+00 -6.420796E-03
  1.936000E+00 -6.453361E-03
  1.937000E+00 -6.482635E-03
  1.938000E+00 -6.508512E-03
  1.939000E+00 -6.530899E-03
  1.940000E+00 -6.549713E-03
  1.941000E+00 -6.564891E-03
  1.942000E+00 -6.576391E-03
  1.943000E+00 -6.584196E-03
  1.944000E+00 -6.588314E-03
  1.945000E+00 -6.588785E-03
  1.946000E+00 -6.585674E-03
  1.947000E+00 -6.579081E-03
  1.948000E+00 -6.569133E-03
  1.949000E+00 -6.555984E-03
  1.950000E+00 -6.539817E-03
  1.951000E+00 -6.520835E-03
  1.952000E+00 -6.499262E-03
  1.953000E+00 -6.475337E-03
  1.954000E+00 -6.449307E-03
  1.955000E+00 -6.421428E-03
  1.956000E+00 -6.391952E-03
  1.957000E+00 -6.361127E-03
  1.958000E+00 -6.329192E-03
  1.959000E+00 -6.296366E-03
  1.960000E+00 -6.262851E-03
  1.961000E+00 -6.228822E-03
  1.962000E+00 -6.194427E-03
  1.963000E+00 -6.159784E-03
  1.964000E+00 -6.124976E-03
  1.965000E+00 -6.090056E-03
  1.966000E+00 -6.055040E-03
  1.967000E+00 -6.019917E-03
  1.968000E+00 -5.984640E-03
  1.969000E+00 -5.949140E-03
  1.970000E+00 -5.913324E-03
  1.971000E+00 -5.877078E-03
  1.972000E+00 -5.840278E-03
  1.973000E+00 -5.802790E-03
  1.974000E+00 -5.764479E-03
  1.975000E+00 -5.725216E-03
  1.976000E+00 -5.684881E-03
  1.977000E+00 -5.643369E-03
  1.978000E+00 -5.600599E-03
  1.979000E+00 -5.556514E-03
  1.980000E+00 -5.511089E-03
  1.981000E+00 -5.464331E-03
  1.982000E+00 -5.416283E-03
  1.983000E+00 -5.367026E-03
  1.984000E+00 -5.316674E-03
  1.985000E+00 -5.265379E-03
  1.986000E+00 -5.213329E-03
  1.987000E+00 -5.160737E-03
  1.988000E+00 -5.107845E-03
  1.989000E+00 -5.054917E-03
  1.990000E+00 -5.002232E-03
  1.991000E+00 -4.950076E-03
  1.992000E+00 -4.898742E-03
  1.993000E+00 -4.848516E-03
  1.994000E+00 -4.799675E-03
  1.995000E+00 -4.752478E-03
  1.996000E+00 -4.707164E-03
  1.997000E+00 -4.663939E-03
  1.998000E+00 -4.622978E-03
  1.999000E+00 -4.584422E-03
  2.000000E+00  3.128417E-02
