; material = LLZO                                                       
O             2000  6.76465923E+01          580.000000
  0.000000E+00  1.000000E+00
  1.000000E-03  9.946410E-01
  2.000000E-03  9.786554E-01
  3.000000E-03  9.523138E-01
  4.000000E-03  9.160608E-01
  5.000000E-03  8.705052E-01
  6.000000E-03  8.164065E-01
  7.000000E-03  7.546583E-01
  8.000000E-03  6.862695E-01
  9.000000E-03  6.123422E-01
  1.000000E-02  5.340493E-01
  1.100000E-02  4.526093E-01
  1.200000E-02  3.692622E-01
  1.300000E-02  2.852443E-01
  1.400000E-02  2.017645E-01
  1.500000E-02  1.199810E-01
  1.600000E-02  4.098049E-02
  1.700000E-02 -3.424106E-02
  1.800000E-02 -1.047949E-01
  1.900000E-02 -1.699130E-01
  2.000000E-02 -2.289590E-01
  2.100000E-02 -2.814350E-01
  2.200000E-02 -3.269861E-01
  2.300000E-02 -3.654010E-01
  2.400000E-02 -3.966096E-01
  2.500000E-02 -4.206778E-01
  2.600000E-02 -4.377987E-01
  2.700000E-02 -4.482825E-01
  2.800000E-02 -4.525433E-01
  2.900000E-02 -4.510846E-01
  3.000000E-02 -4.444828E-01
  3.100000E-02 -4.333708E-01
  3.200000E-02 -4.184202E-01
  3.300000E-02 -4.003239E-01
  3.400000E-02 -3.797787E-01
  3.500000E-02 -3.574694E-01
  3.600000E-02 -3.340531E-01
  3.700000E-02 -3.101457E-01
  3.800000E-02 -2.863100E-01
  3.900000E-02 -2.630455E-01
  4.000000E-02 -2.407809E-01
  4.100000E-02 -2.198680E-01
  4.200000E-02 -2.005792E-01
  4.300000E-02 -1.831058E-01
  4.400000E-02 -1.675599E-01
  4.500000E-02 -1.539773E-01
  4.600000E-02 -1.423228E-01
  4.700000E-02 -1.324974E-01
  4.800000E-02 -1.243461E-01
  4.900000E-02 -1.176677E-01
  5.000000E-02 -1.122247E-01
  5.100000E-02 -1.077543E-01
  5.200000E-02 -1.039788E-01
  5.300000E-02 -1.006164E-01
  5.400000E-02 -9.739150E-02
  5.500000E-02 -9.404396E-02
  5.600000E-02 -9.033760E-02
  5.700000E-02 -8.606748E-02
  5.800000E-02 -8.106588E-02
  5.900000E-02 -7.520669E-02
  6.000000E-02 -6.840848E-02
  6.100000E-02 -6.063580E-02
  6.200000E-02 -5.189913E-02
  6.300000E-02 -4.225331E-02
  6.400000E-02 -3.179454E-02
  6.500000E-02 -2.065631E-02
  6.600000E-02 -9.004203E-03
  6.700000E-02  2.970153E-03
  6.800000E-02  1.505571E-02
  6.900000E-02  2.702909E-02
  7.000000E-02  3.866179E-02
  7.100000E-02  4.972739E-02
  7.200000E-02  6.000852E-02
  7.300000E-02  6.930328E-02
  7.400000E-02  7.743111E-02
  7.500000E-02  8.423787E-02
  7.600000E-02  8.959989E-02
  7.700000E-02  9.342717E-02
  7.800000E-02  9.566543E-02
  7.900000E-02  9.629706E-02
  8.000000E-02  9.534101E-02
  8.100000E-02  9.285166E-02
  8.200000E-02  8.891667E-02
  8.300000E-02  8.365397E-02
  8.400000E-02  7.720804E-02
  8.500000E-02  6.974543E-02
  8.600000E-02  6.144999E-02
  8.700000E-02  5.251762E-02
  8.800000E-02  4.315097E-02
  8.900000E-02  3.355409E-02
  9.000000E-02  2.392726E-02
  9.100000E-02  1.446209E-02
  9.200000E-02  5.337112E-03
  9.300000E-02 -3.286161E-03
  9.400000E-02 -1.126651E-02
  9.500000E-02 -1.848558E-02
  9.600000E-02 -2.484976E-02
  9.700000E-02 -3.029123E-02
  9.800000E-02 -3.476828E-02
  9.900000E-02 -3.826491E-02
  1.000000E-01 -4.078975E-02
  1.010000E-01 -4.237426E-02
  1.020000E-01 -4.307052E-02
  1.030000E-01 -4.294847E-02
  1.040000E-01 -4.209279E-02
  1.050000E-01 -4.059965E-02
  1.060000E-01 -3.857315E-02
  1.070000E-01 -3.612190E-02
  1.080000E-01 -3.335556E-02
  1.090000E-01 -3.038163E-02
  1.100000E-01 -2.730246E-02
  1.110000E-01 -2.421260E-02
  1.120000E-01 -2.119662E-02
  1.130000E-01 -1.832727E-02
  1.140000E-01 -1.566419E-02
  1.150000E-01 -1.325309E-02
  1.160000E-01 -1.112545E-02
  1.170000E-01 -9.298646E-03
  1.180000E-01 -7.776531E-03
  1.190000E-01 -6.550452E-03
  1.200000E-01 -5.600578E-03
  1.210000E-01 -4.897519E-03
  1.220000E-01 -4.404174E-03
  1.230000E-01 -4.077707E-03
  1.240000E-01 -3.871615E-03
  1.250000E-01 -3.737786E-03
  1.260000E-01 -3.628498E-03
  1.270000E-01 -3.498287E-03
  1.280000E-01 -3.305643E-03
  1.290000E-01 -3.014464E-03
  1.300000E-01 -2.595263E-03
  1.310000E-01 -2.026070E-03
  1.320000E-01 -1.293042E-03
  1.330000E-01 -3.907509E-04
  1.340000E-01  6.778235E-04
  1.350000E-01  1.901594E-03
  1.360000E-01  3.261933E-03
  1.370000E-01  4.733469E-03
  1.380000E-01  6.285090E-03
  1.390000E-01  7.881091E-03
  1.400000E-01  9.482445E-03
  1.410000E-01  1.104813E-02
  1.420000E-01  1.253649E-02
  1.430000E-01  1.390655E-02
  1.440000E-01  1.511930E-02
  1.450000E-01  1.613884E-02
  1.460000E-01  1.693342E-02
  1.470000E-01  1.747633E-02
  1.480000E-01  1.774658E-02
  1.490000E-01  1.772940E-02
  1.500000E-01  1.741657E-02
  1.510000E-01  1.680653E-02
  1.520000E-01  1.590428E-02
  1.530000E-01  1.472116E-02
  1.540000E-01  1.327441E-02
  1.550000E-01  1.158660E-02
  1.560000E-01  9.684987E-03
  1.570000E-01  7.600711E-03
  1.580000E-01  5.367972E-03
  1.590000E-01  3.023149E-03
  1.600000E-01  6.039153E-04
  1.610000E-01 -1.851641E-03
  1.620000E-01 -4.305856E-03
  1.630000E-01 -6.722280E-03
  1.640000E-01 -9.066383E-03
  1.650000E-01 -1.130619E-02
  1.660000E-01 -1.341280E-02
  1.670000E-01 -1.536083E-02
  1.680000E-01 -1.712872E-02
  1.690000E-01 -1.869895E-02
  1.700000E-01 -2.005817E-02
  1.710000E-01 -2.119722E-02
  1.720000E-01 -2.211100E-02
  1.730000E-01 -2.279841E-02
  1.740000E-01 -2.326206E-02
  1.750000E-01 -2.350802E-02
  1.760000E-01 -2.354550E-02
  1.770000E-01 -2.338648E-02
  1.780000E-01 -2.304531E-02
  1.790000E-01 -2.253835E-02
  1.800000E-01 -2.188355E-02
  1.810000E-01 -2.110001E-02
  1.820000E-01 -2.020764E-02
  1.830000E-01 -1.922674E-02
  1.840000E-01 -1.817762E-02
  1.850000E-01 -1.708028E-02
  1.860000E-01 -1.595407E-02
  1.870000E-01 -1.481737E-02
  1.880000E-01 -1.368734E-02
  1.890000E-01 -1.257965E-02
  1.900000E-01 -1.150826E-02
  1.910000E-01 -1.048521E-02
  1.920000E-01 -9.520485E-03
  1.930000E-01 -8.621857E-03
  1.940000E-01 -7.794811E-03
  1.950000E-01 -7.042479E-03
  1.960000E-01 -6.365625E-03
  1.970000E-01 -5.762679E-03
  1.980000E-01 -5.229808E-03
  1.990000E-01 -4.761041E-03
  2.000000E-01 -4.348442E-03
  2.010000E-01 -3.982331E-03
  2.020000E-01 -3.651556E-03
  2.030000E-01 -3.343808E-03
  2.040000E-01 -3.045982E-03
  2.050000E-01 -2.744571E-03
  2.060000E-01 -2.426093E-03
  2.070000E-01 -2.077535E-03
  2.080000E-01 -1.686810E-03
  2.090000E-01 -1.243213E-03
  2.100000E-01 -7.378589E-04
  2.110000E-01 -1.640951E-04
  2.120000E-01  4.821276E-04
  2.130000E-01  1.201941E-03
  2.140000E-01  1.993314E-03
  2.150000E-01  2.850887E-03
  2.160000E-01  3.765902E-03
  2.170000E-01  4.726224E-03
  2.180000E-01  5.716478E-03
  2.190000E-01  6.718286E-03
  2.200000E-01  7.710620E-03
  2.210000E-01  8.670248E-03
  2.220000E-01  9.572291E-03
  2.230000E-01  1.039085E-02
  2.240000E-01  1.109972E-02
  2.250000E-01  1.167313E-02
  2.260000E-01  1.208658E-02
  2.270000E-01  1.231758E-02
  2.280000E-01  1.234650E-02
  2.290000E-01  1.215729E-02
  2.300000E-01  1.173817E-02
  2.310000E-01  1.108224E-02
  2.320000E-01  1.018797E-02
  2.330000E-01  9.059564E-03
  2.340000E-01  7.707143E-03
  2.350000E-01  6.146828E-03
  2.360000E-01  4.400598E-03
  2.370000E-01  2.496000E-03
  2.380000E-01  4.656721E-04
  2.390000E-01 -1.653295E-03
  2.400000E-01 -3.820154E-03
  2.410000E-01 -5.991436E-03
  2.420000E-01 -8.122005E-03
  2.430000E-01 -1.016620E-02
  2.440000E-01 -1.207902E-02
  2.450000E-01 -1.381739E-02
  2.460000E-01 -1.534134E-02
  2.470000E-01 -1.661521E-02
  2.480000E-01 -1.760870E-02
  2.490000E-01 -1.829792E-02
  2.500000E-01 -1.866614E-02
  2.510000E-01 -1.870450E-02
  2.520000E-01 -1.841241E-02
  2.530000E-01 -1.779783E-02
  2.540000E-01 -1.687723E-02
  2.550000E-01 -1.567532E-02
  2.560000E-01 -1.422463E-02
  2.570000E-01 -1.256472E-02
  2.580000E-01 -1.074127E-02
  2.590000E-01 -8.804949E-03
  2.600000E-01 -6.810090E-03
  2.610000E-01 -4.813259E-03
  2.620000E-01 -2.871716E-03
  2.630000E-01 -1.041825E-03
  2.640000E-01  6.225478E-04
  2.650000E-01  2.071598E-03
  2.660000E-01  3.261064E-03
  2.670000E-01  4.153577E-03
  2.680000E-01  4.719847E-03
  2.690000E-01  4.939642E-03
  2.700000E-01  4.802520E-03
  2.710000E-01  4.308308E-03
  2.720000E-01  3.467286E-03
  2.730000E-01  2.300087E-03
  2.740000E-01  8.372949E-04
  2.750000E-01 -8.812447E-04
  2.760000E-01 -2.807389E-03
  2.770000E-01 -4.885914E-03
  2.780000E-01 -7.055946E-03
  2.790000E-01 -9.252584E-03
  2.800000E-01 -1.140865E-02
  2.810000E-01 -1.345655E-02
  2.820000E-01 -1.533013E-02
  2.830000E-01 -1.696659E-02
  2.840000E-01 -1.830825E-02
  2.850000E-01 -1.930426E-02
  2.860000E-01 -1.991211E-02
  2.870000E-01 -2.009894E-02
  2.880000E-01 -1.984256E-02
  2.890000E-01 -1.913228E-02
  2.900000E-01 -1.796930E-02
  2.910000E-01 -1.636690E-02
  2.920000E-01 -1.435020E-02
  2.930000E-01 -1.195569E-02
  2.940000E-01 -9.230315E-03
  2.950000E-01 -6.230417E-03
  2.960000E-01 -3.020285E-03
  2.970000E-01  3.294508E-04
  2.980000E-01  3.743632E-03
  2.990000E-01  7.144514E-03
  3.000000E-01  1.045379E-02
  3.010000E-01  1.359464E-02
  3.020000E-01  1.649374E-02
  3.030000E-01  1.908319E-02
  3.040000E-01  2.130232E-02
  3.050000E-01  2.309925E-02
  3.060000E-01  2.443225E-02
  3.070000E-01  2.527088E-02
  3.080000E-01  2.559670E-02
  3.090000E-01  2.540379E-02
  3.100000E-01  2.469885E-02
  3.110000E-01  2.350098E-02
  3.120000E-01  2.184117E-02
  3.130000E-01  1.976143E-02
  3.140000E-01  1.731364E-02
  3.150000E-01  1.455819E-02
  3.160000E-01  1.156233E-02
  3.170000E-01  8.398397E-03
  3.180000E-01  5.141958E-03
  3.190000E-01  1.869809E-03
  3.200000E-01 -1.341977E-03
  3.210000E-01 -4.419976E-03
  3.220000E-01 -7.295244E-03
  3.230000E-01 -9.904998E-03
  3.240000E-01 -1.219410E-02
  3.250000E-01 -1.411633E-02
  3.260000E-01 -1.563538E-02
  3.270000E-01 -1.672556E-02
  3.280000E-01 -1.737223E-02
  3.290000E-01 -1.757188E-02
  3.300000E-01 -1.733199E-02
  3.310000E-01 -1.667047E-02
  3.320000E-01 -1.561494E-02
  3.330000E-01 -1.420175E-02
  3.340000E-01 -1.247468E-02
  3.350000E-01 -1.048360E-02
  3.360000E-01 -8.282948E-03
  3.370000E-01 -5.930091E-03
  3.380000E-01 -3.483694E-03
  3.390000E-01 -1.002088E-03
  3.400000E-01  1.458311E-03
  3.410000E-01  3.844464E-03
  3.420000E-01  6.108041E-03
  3.430000E-01  8.206571E-03
  3.440000E-01  1.010438E-02
  3.450000E-01  1.177329E-02
  3.460000E-01  1.319310E-02
  3.470000E-01  1.435179E-02
  3.480000E-01  1.524548E-02
  3.490000E-01  1.587816E-02
  3.500000E-01  1.626113E-02
  3.510000E-01  1.641235E-02
  3.520000E-01  1.635547E-02
  3.530000E-01  1.611885E-02
  3.540000E-01  1.573435E-02
  3.550000E-01  1.523613E-02
  3.560000E-01  1.465939E-02
  3.570000E-01  1.403909E-02
  3.580000E-01  1.340882E-02
  3.590000E-01  1.279958E-02
  3.600000E-01  1.223889E-02
  3.610000E-01  1.174984E-02
  3.620000E-01  1.135051E-02
  3.630000E-01  1.105337E-02
  3.640000E-01  1.086509E-02
  3.650000E-01  1.078639E-02
  3.660000E-01  1.081218E-02
  3.670000E-01  1.093187E-02
  3.680000E-01  1.112988E-02
  3.690000E-01  1.138628E-02
  3.700000E-01  1.167760E-02
  3.710000E-01  1.197771E-02
  3.720000E-01  1.225883E-02
  3.730000E-01  1.249258E-02
  3.740000E-01  1.265097E-02
  3.750000E-01  1.270743E-02
  3.760000E-01  1.263781E-02
  3.770000E-01  1.242124E-02
  3.780000E-01  1.204086E-02
  3.790000E-01  1.148450E-02
  3.800000E-01  1.074514E-02
  3.810000E-01  9.821193E-03
  3.820000E-01  8.716681E-03
  3.830000E-01  7.441156E-03
  3.840000E-01  6.009494E-03
  3.850000E-01  4.441510E-03
  3.860000E-01  2.761420E-03
  3.870000E-01  9.971702E-04
  3.880000E-01 -8.203433E-04
  3.890000E-01 -2.658144E-03
  3.900000E-01 -4.482098E-03
  3.910000E-01 -6.257874E-03
  3.920000E-01 -7.951896E-03
  3.930000E-01 -9.532267E-03
  3.940000E-01 -1.096965E-02
  3.950000E-01 -1.223803E-02
  3.960000E-01 -1.331544E-02
  3.970000E-01 -1.418448E-02
  3.980000E-01 -1.483276E-02
  3.990000E-01 -1.525315E-02
  4.000000E-01 -1.544393E-02
  4.010000E-01 -1.540872E-02
  4.020000E-01 -1.515632E-02
  4.030000E-01 -1.470034E-02
  4.040000E-01 -1.405878E-02
  4.050000E-01 -1.325339E-02
  4.060000E-01 -1.230908E-02
  4.070000E-01 -1.125308E-02
  4.080000E-01 -1.011420E-02
  4.090000E-01 -8.922014E-03
  4.100000E-01 -7.705990E-03
  4.110000E-01 -6.494734E-03
  4.120000E-01 -5.315215E-03
  4.130000E-01 -4.192095E-03
  4.140000E-01 -3.147120E-03
  4.150000E-01 -2.198636E-03
  4.160000E-01 -1.361201E-03
  4.170000E-01 -6.453302E-04
  4.180000E-01 -5.736216E-05
  4.190000E-01  4.005448E-04
  4.200000E-01  7.302948E-04
  4.210000E-01  9.376198E-04
  4.220000E-01  1.031739E-03
  4.230000E-01  1.024927E-03
  4.240000E-01  9.320031E-04
  4.250000E-01  7.697677E-04
  4.260000E-01  5.563920E-04
  4.270000E-01  3.107934E-04
  4.280000E-01  5.200899E-05
  4.290000E-01 -2.014117E-04
  4.300000E-01 -4.319766E-04
  4.310000E-01 -6.237674E-04
  4.320000E-01 -7.628889E-04
  4.330000E-01 -8.378383E-04
  4.340000E-01 -8.397875E-04
  4.350000E-01 -7.627716E-04
  4.360000E-01 -6.037804E-04
  4.370000E-01 -3.627558E-04
  4.380000E-01 -4.249554E-05
  4.390000E-01  3.515285E-04
  4.400000E-01  8.114286E-04
  4.410000E-01  1.327227E-03
  4.420000E-01  1.887234E-03
  4.430000E-01  2.478465E-03
  4.440000E-01  3.087088E-03
  4.450000E-01  3.698869E-03
  4.460000E-01  4.299629E-03
  4.470000E-01  4.875665E-03
  4.480000E-01  5.414150E-03
  4.490000E-01  5.903486E-03
  4.500000E-01  6.333602E-03
  4.510000E-01  6.696189E-03
  4.520000E-01  6.984877E-03
  4.530000E-01  7.195329E-03
  4.540000E-01  7.325276E-03
  4.550000E-01  7.374478E-03
  4.560000E-01  7.344619E-03
  4.570000E-01  7.239149E-03
  4.580000E-01  7.063067E-03
  4.590000E-01  6.822669E-03
  4.600000E-01  6.525263E-03
  4.610000E-01  6.178862E-03
  4.620000E-01  5.791867E-03
  4.630000E-01  5.372761E-03
  4.640000E-01  4.929806E-03
  4.650000E-01  4.470769E-03
  4.660000E-01  4.002684E-03
  4.670000E-01  3.531651E-03
  4.680000E-01  3.062681E-03
  4.690000E-01  2.599596E-03
  4.700000E-01  2.144979E-03
  4.710000E-01  1.700184E-03
  4.720000E-01  1.265390E-03
  4.730000E-01  8.397114E-04
  4.740000E-01  4.213503E-04
  4.750000E-01  7.786232E-06
  4.760000E-01 -4.040033E-04
  4.770000E-01 -8.173015E-04
  4.780000E-01 -1.235399E-03
  4.790000E-01 -1.661337E-03
  4.800000E-01 -2.097663E-03
  4.810000E-01 -2.546195E-03
  4.820000E-01 -3.007820E-03
  4.830000E-01 -3.482320E-03
  4.840000E-01 -3.968247E-03
  4.850000E-01 -4.462832E-03
  4.860000E-01 -4.961954E-03
  4.870000E-01 -5.460156E-03
  4.880000E-01 -5.950714E-03
  4.890000E-01 -6.425761E-03
  4.900000E-01 -6.876451E-03
  4.910000E-01 -7.293175E-03
  4.920000E-01 -7.665811E-03
  4.930000E-01 -7.984001E-03
  4.940000E-01 -8.237460E-03
  4.950000E-01 -8.416285E-03
  4.960000E-01 -8.511278E-03
  4.970000E-01 -8.514261E-03
  4.980000E-01 -8.418368E-03
  4.990000E-01 -8.218321E-03
  5.000000E-01 -7.910670E-03
  5.010000E-01 -7.493988E-03
  5.020000E-01 -6.969019E-03
  5.030000E-01 -6.338777E-03
  5.040000E-01 -5.608584E-03
  5.050000E-01 -4.786048E-03
  5.060000E-01 -3.880986E-03
  5.070000E-01 -2.905278E-03
  5.080000E-01 -1.872678E-03
  5.090000E-01 -7.985640E-04
  5.100000E-01  3.003581E-04
  5.110000E-01  1.406386E-03
  5.120000E-01  2.501185E-03
  5.130000E-01  3.566178E-03
  5.140000E-01  4.582945E-03
  5.150000E-01  5.533623E-03
  5.160000E-01  6.401310E-03
  5.170000E-01  7.170435E-03
  5.180000E-01  7.827120E-03
  5.190000E-01  8.359492E-03
  5.200000E-01  8.757962E-03
  5.210000E-01  9.015448E-03
  5.220000E-01  9.127546E-03
  5.230000E-01  9.092638E-03
  5.240000E-01  8.911942E-03
  5.250000E-01  8.589491E-03
  5.260000E-01  8.132059E-03
  5.270000E-01  7.549010E-03
  5.280000E-01  6.852105E-03
  5.290000E-01  6.055247E-03
  5.300000E-01  5.174175E-03
  5.310000E-01  4.226125E-03
  5.320000E-01  3.229456E-03
  5.330000E-01  2.203251E-03
  5.340000E-01  1.166904E-03
  5.350000E-01  1.397049E-04
  5.360000E-01 -8.595705E-04
  5.370000E-01 -1.813060E-03
  5.380000E-01 -2.704186E-03
  5.390000E-01 -3.517996E-03
  5.400000E-01 -4.241460E-03
  5.410000E-01 -4.863729E-03
  5.420000E-01 -5.376331E-03
  5.430000E-01 -5.773315E-03
  5.440000E-01 -6.051341E-03
  5.450000E-01 -6.209697E-03
  5.460000E-01 -6.250266E-03
  5.470000E-01 -6.177426E-03
  5.480000E-01 -5.997902E-03
  5.490000E-01 -5.720554E-03
  5.500000E-01 -5.356128E-03
  5.510000E-01 -4.916960E-03
  5.520000E-01 -4.416654E-03
  5.530000E-01 -3.869726E-03
  5.540000E-01 -3.291243E-03
  5.550000E-01 -2.696441E-03
  5.560000E-01 -2.100360E-03
  5.570000E-01 -1.517480E-03
  5.580000E-01 -9.613816E-04
  5.590000E-01 -4.444331E-04
  5.600000E-01  2.248580E-05
  5.610000E-01  4.302182E-04
  5.620000E-01  7.715167E-04
  5.630000E-01  1.041178E-03
  5.640000E-01  1.236121E-03
  5.650000E-01  1.355412E-03
  5.660000E-01  1.400232E-03
  5.670000E-01  1.373783E-03
  5.680000E-01  1.281155E-03
  5.690000E-01  1.129128E-03
  5.700000E-01  9.259473E-04
  5.710000E-01  6.810522E-04
  5.720000E-01  4.047781E-04
  5.730000E-01  1.080395E-04
  5.740000E-01 -1.980000E-04
  5.750000E-01 -5.022611E-04
  5.760000E-01 -7.940752E-04
  5.770000E-01 -1.063496E-03
  5.780000E-01 -1.301587E-03
  5.790000E-01 -1.500681E-03
  5.800000E-01 -1.654591E-03
  5.810000E-01 -1.758790E-03
  5.820000E-01 -1.810531E-03
  5.830000E-01 -1.808918E-03
  5.840000E-01 -1.754922E-03
  5.850000E-01 -1.651339E-03
  5.860000E-01 -1.502696E-03
  5.870000E-01 -1.315107E-03
  5.880000E-01 -1.096073E-03
  5.890000E-01 -8.542510E-04
  5.900000E-01 -5.991764E-04
  5.910000E-01 -3.409650E-04
  5.920000E-01 -8.999097E-05
  5.930000E-01  1.434435E-04
  5.940000E-01  3.494398E-04
  5.950000E-01  5.188258E-04
  5.960000E-01  6.434600E-04
  5.970000E-01  7.165082E-04
  5.980000E-01  7.326844E-04
  5.990000E-01  6.884478E-04
  6.000000E-01  5.821506E-04
  6.010000E-01  4.141308E-04
  6.020000E-01  1.867466E-04
  6.030000E-01 -9.564863E-05
  6.040000E-01 -4.267915E-04
  6.050000E-01 -7.986524E-04
  6.060000E-01 -1.201634E-03
  6.070000E-01 -1.624821E-03
  6.080000E-01 -2.056269E-03
  6.090000E-01 -2.483338E-03
  6.100000E-01 -2.893042E-03
  6.110000E-01 -3.272422E-03
  6.120000E-01 -3.608925E-03
  6.130000E-01 -3.890777E-03
  6.140000E-01 -4.107341E-03
  6.150000E-01 -4.249448E-03
  6.160000E-01 -4.309695E-03
  6.170000E-01 -4.282695E-03
  6.180000E-01 -4.165280E-03
  6.190000E-01 -3.956635E-03
  6.200000E-01 -3.658373E-03
  6.210000E-01 -3.274550E-03
  6.220000E-01 -2.811595E-03
  6.230000E-01 -2.278189E-03
  6.240000E-01 -1.685065E-03
  6.250000E-01 -1.044755E-03
  6.260000E-01 -3.712835E-04
  6.270000E-01  3.201936E-04
  6.280000E-01  1.013778E-03
  6.290000E-01  1.693252E-03
  6.300000E-01  2.342510E-03
  6.310000E-01  2.945999E-03
  6.320000E-01  3.489149E-03
  6.330000E-01  3.958775E-03
  6.340000E-01  4.343461E-03
  6.350000E-01  4.633881E-03
  6.360000E-01  4.823086E-03
  6.370000E-01  4.906713E-03
  6.380000E-01  4.883135E-03
  6.390000E-01  4.753533E-03
  6.400000E-01  4.521893E-03
  6.410000E-01  4.194927E-03
  6.420000E-01  3.781915E-03
  6.430000E-01  3.294477E-03
  6.440000E-01  2.746280E-03
  6.450000E-01  2.152682E-03
  6.460000E-01  1.530326E-03
  6.470000E-01  8.967005E-04
  6.480000E-01  2.696688E-04
  6.490000E-01 -3.330184E-04
  6.500000E-01 -8.942072E-04
  6.510000E-01 -1.397815E-03
  6.520000E-01 -1.829277E-03
  6.530000E-01 -2.175962E-03
  6.540000E-01 -2.427526E-03
  6.550000E-01 -2.576221E-03
  6.560000E-01 -2.617120E-03
  6.570000E-01 -2.548282E-03
  6.580000E-01 -2.370825E-03
  6.590000E-01 -2.088922E-03
  6.600000E-01 -1.709712E-03
  6.610000E-01 -1.243131E-03
  6.620000E-01 -7.016655E-04
  6.630000E-01 -1.000347E-04
  6.640000E-01  5.451874E-04
  6.650000E-01  1.216005E-03
  6.660000E-01  1.893474E-03
  6.670000E-01  2.558201E-03
  6.680000E-01  3.190862E-03
  6.690000E-01  3.772717E-03
  6.700000E-01  4.286117E-03
  6.710000E-01  4.714982E-03
  6.720000E-01  5.045239E-03
  6.730000E-01  5.265209E-03
  6.740000E-01  5.365938E-03
  6.750000E-01  5.341452E-03
  6.760000E-01  5.188935E-03
  6.770000E-01  4.908828E-03
  6.780000E-01  4.504844E-03
  6.790000E-01  3.983896E-03
  6.800000E-01  3.355941E-03
  6.810000E-01  2.633748E-03
  6.820000E-01  1.832594E-03
  6.830000E-01  9.698912E-04
  6.840000E-01  6.476170E-05
  6.850000E-01 -8.624288E-04
  6.860000E-01 -1.790573E-03
  6.870000E-01 -2.698341E-03
  6.880000E-01 -3.564704E-03
  6.890000E-01 -4.369446E-03
  6.900000E-01 -5.093665E-03
  6.910000E-01 -5.720223E-03
  6.920000E-01 -6.234171E-03
  6.930000E-01 -6.623097E-03
  6.940000E-01 -6.877429E-03
  6.950000E-01 -6.990653E-03
  6.960000E-01 -6.959459E-03
  6.970000E-01 -6.783815E-03
  6.980000E-01 -6.466947E-03
  6.990000E-01 -6.015252E-03
  7.000000E-01 -5.438131E-03
  7.010000E-01 -4.747751E-03
  7.020000E-01 -3.958741E-03
  7.030000E-01 -3.087839E-03
  7.040000E-01 -2.153487E-03
  7.050000E-01 -1.175392E-03
  7.060000E-01 -1.740664E-04
  7.070000E-01  8.296497E-04
  7.080000E-01  1.815061E-03
  7.090000E-01  2.762085E-03
  7.100000E-01  3.651687E-03
  7.110000E-01  4.466300E-03
  7.120000E-01  5.190182E-03
  7.130000E-01  5.809743E-03
  7.140000E-01  6.313802E-03
  7.150000E-01  6.693794E-03
  7.160000E-01  6.943900E-03
  7.170000E-01  7.061121E-03
  7.180000E-01  7.045283E-03
  7.190000E-01  6.898977E-03
  7.200000E-01  6.627436E-03
  7.210000E-01  6.238357E-03
  7.220000E-01  5.741672E-03
  7.230000E-01  5.149277E-03
  7.240000E-01  4.474720E-03
  7.250000E-01  3.732865E-03
  7.260000E-01  2.939535E-03
  7.270000E-01  2.111148E-03
  7.280000E-01  1.264345E-03
  7.290000E-01  4.156349E-04
  7.300000E-01 -4.189569E-04
  7.310000E-01 -1.224206E-03
  7.320000E-01 -1.985987E-03
  7.330000E-01 -2.691528E-03
  7.340000E-01 -3.329635E-03
  7.350000E-01 -3.890866E-03
  7.360000E-01 -4.367666E-03
  7.370000E-01 -4.754450E-03
  7.380000E-01 -5.047649E-03
  7.390000E-01 -5.245701E-03
  7.400000E-01 -5.349008E-03
  7.410000E-01 -5.359848E-03
  7.420000E-01 -5.282252E-03
  7.430000E-01 -5.121849E-03
  7.440000E-01 -4.885689E-03
  7.450000E-01 -4.582034E-03
  7.460000E-01 -4.220143E-03
  7.470000E-01 -3.810039E-03
  7.480000E-01 -3.362275E-03
  7.490000E-01 -2.887696E-03
  7.500000E-01 -2.397207E-03
  7.510000E-01 -1.901550E-03
  7.520000E-01 -1.411095E-03
  7.530000E-01 -9.356464E-04
  7.540000E-01 -4.842684E-04
  7.550000E-01 -6.513413E-05
  7.560000E-01  3.146020E-04
  7.570000E-01  6.489071E-04
  7.580000E-01  9.329465E-04
  7.590000E-01  1.163134E-03
  7.600000E-01  1.337158E-03
  7.610000E-01  1.453978E-03
  7.620000E-01  1.513807E-03
  7.630000E-01  1.518057E-03
  7.640000E-01  1.469280E-03
  7.650000E-01  1.371076E-03
  7.660000E-01  1.227996E-03
  7.670000E-01  1.045423E-03
  7.680000E-01  8.294433E-04
  7.690000E-01  5.867117E-04
  7.700000E-01  3.243061E-04
  7.710000E-01  4.957879E-05
  7.720000E-01 -2.299933E-04
  7.730000E-01 -5.069590E-04
  7.740000E-01 -7.740392E-04
  7.750000E-01 -1.024269E-03
  7.760000E-01 -1.251133E-03
  7.770000E-01 -1.448688E-03
  7.780000E-01 -1.611677E-03
  7.790000E-01 -1.735632E-03
  7.800000E-01 -1.816957E-03
  7.810000E-01 -1.852997E-03
  7.820000E-01 -1.842091E-03
  7.830000E-01 -1.783603E-03
  7.840000E-01 -1.677937E-03
  7.850000E-01 -1.526530E-03
  7.860000E-01 -1.331828E-03
  7.870000E-01 -1.097234E-03
  7.880000E-01 -8.270513E-04
  7.890000E-01 -5.263917E-04
  7.900000E-01 -2.010790E-04
  7.910000E-01  1.424687E-04
  7.920000E-01  4.973695E-04
  7.930000E-01  8.564190E-04
  7.940000E-01  1.212241E-03
  7.950000E-01  1.557443E-03
  7.960000E-01  1.884777E-03
  7.970000E-01  2.187295E-03
  7.980000E-01  2.458507E-03
  7.990000E-01  2.692525E-03
  8.000000E-01  2.884202E-03
  8.010000E-01  3.029254E-03
  8.020000E-01  3.124365E-03
  8.030000E-01  3.167271E-03
  8.040000E-01  3.156829E-03
  8.050000E-01  3.093051E-03
  8.060000E-01  2.977119E-03
  8.070000E-01  2.811378E-03
  8.080000E-01  2.599289E-03
  8.090000E-01  2.345368E-03
  8.100000E-01  2.055098E-03
  8.110000E-01  1.734810E-03
  8.120000E-01  1.391549E-03
  8.130000E-01  1.032923E-03
  8.140000E-01  6.669286E-04
  8.150000E-01  3.017748E-04
  8.160000E-01 -5.430689E-05
  8.170000E-01 -3.932529E-04
  8.180000E-01 -7.073569E-04
  8.190000E-01 -9.894522E-04
  8.200000E-01 -1.233084E-03
  8.210000E-01 -1.432667E-03
  8.220000E-01 -1.583622E-03
  8.230000E-01 -1.682492E-03
  8.240000E-01 -1.727031E-03
  8.250000E-01 -1.716264E-03
  8.260000E-01 -1.650523E-03
  8.270000E-01 -1.531439E-03
  8.280000E-01 -1.361919E-03
  8.290000E-01 -1.146077E-03
  8.300000E-01 -8.891476E-04
  8.310000E-01 -5.973631E-04
  8.320000E-01 -2.778118E-04
  8.330000E-01  6.172786E-05
  8.340000E-01  4.129695E-04
  8.350000E-01  7.673143E-04
  8.360000E-01  1.116054E-03
  8.370000E-01  1.450577E-03
  8.380000E-01  1.762574E-03
  8.390000E-01  2.044233E-03
  8.400000E-01  2.288426E-03
  8.410000E-01  2.488876E-03
  8.420000E-01  2.640306E-03
  8.430000E-01  2.738562E-03
  8.440000E-01  2.780706E-03
  8.450000E-01  2.765089E-03
  8.460000E-01  2.691376E-03
  8.470000E-01  2.560558E-03
  8.480000E-01  2.374917E-03
  8.490000E-01  2.137972E-03
  8.500000E-01  1.854384E-03
  8.510000E-01  1.529844E-03
  8.520000E-01  1.170934E-03
  8.530000E-01  7.849680E-04
  8.540000E-01  3.798153E-04
  8.550000E-01 -3.628376E-05
  8.560000E-01 -4.549111E-04
  8.570000E-01 -8.676649E-04
  8.580000E-01 -1.266351E-03
  8.590000E-01 -1.643167E-03
  8.600000E-01 -1.990871E-03
  8.610000E-01 -2.302939E-03
  8.620000E-01 -2.573701E-03
  8.630000E-01 -2.798451E-03
  8.640000E-01 -2.973535E-03
  8.650000E-01 -3.096413E-03
  8.660000E-01 -3.165693E-03
  8.670000E-01 -3.181136E-03
  8.680000E-01 -3.143634E-03
  8.690000E-01 -3.055162E-03
  8.700000E-01 -2.918709E-03
  8.710000E-01 -2.738180E-03
  8.720000E-01 -2.518289E-03
  8.730000E-01 -2.264426E-03
  8.740000E-01 -1.982518E-03
  8.750000E-01 -1.678884E-03
  8.760000E-01 -1.360079E-03
  8.770000E-01 -1.032741E-03
  8.780000E-01 -7.034425E-04
  8.790000E-01 -3.785470E-04
  8.800000E-01 -6.407594E-05
  8.810000E-01  2.344115E-04
  8.820000E-01  5.119227E-04
  8.830000E-01  7.641193E-04
  8.840000E-01  9.873856E-04
  8.850000E-01  1.178878E-03
  8.860000E-01  1.336551E-03
  8.870000E-01  1.459173E-03
  8.880000E-01  1.546308E-03
  8.890000E-01  1.598292E-03
  8.900000E-01  1.616186E-03
  8.910000E-01  1.601720E-03
  8.920000E-01  1.557215E-03
  8.930000E-01  1.485504E-03
  8.940000E-01  1.389842E-03
  8.950000E-01  1.273810E-03
  8.960000E-01  1.141214E-03
  8.970000E-01  9.959920E-04
  8.980000E-01  8.421146E-04
  8.990000E-01  6.834943E-04
  9.000000E-01  5.239007E-04
  9.010000E-01  3.668829E-04
  9.020000E-01  2.157020E-04
  9.030000E-01  7.327363E-05
  9.040000E-01 -5.787807E-05
  9.050000E-01 -1.756554E-04
  9.060000E-01 -2.784098E-04
  9.070000E-01 -3.649536E-04
  9.080000E-01 -4.345607E-04
  9.090000E-01 -4.869564E-04
  9.100000E-01 -5.222987E-04
  9.110000E-01 -5.411503E-04
  9.120000E-01 -5.444440E-04
  9.130000E-01 -5.334420E-04
  9.140000E-01 -5.096902E-04
  9.150000E-01 -4.749692E-04
  9.160000E-01 -4.312433E-04
  9.170000E-01 -3.806082E-04
  9.180000E-01 -3.252392E-04
  9.190000E-01 -2.673397E-04
  9.200000E-01 -2.090931E-04
  9.210000E-01 -1.526162E-04
  9.220000E-01 -9.991666E-05
  9.230000E-01 -5.285466E-05
  9.240000E-01 -1.310830E-05
  9.250000E-01  1.785572E-05
  9.260000E-01  3.880687E-05
  9.270000E-01  4.877048E-05
  9.280000E-01  4.704242E-05
  9.290000E-01  3.319885E-05
  9.300000E-01  7.101158E-06
  9.310000E-01 -3.110400E-05
  9.320000E-01 -8.098908E-05
  9.330000E-01 -1.418546E-04
  9.340000E-01 -2.127422E-04
  9.350000E-01 -2.924518E-04
  9.360000E-01 -3.795629E-04
  9.370000E-01 -4.724584E-04
  9.380000E-01 -5.693536E-04
  9.390000E-01 -6.683258E-04
  9.400000E-01 -7.673489E-04
  9.410000E-01 -8.643286E-04
  9.420000E-01 -9.571400E-04
  9.430000E-01 -1.043667E-03
  9.440000E-01 -1.121841E-03
  9.450000E-01 -1.189684E-03
  9.460000E-01 -1.245342E-03
  9.470000E-01 -1.287130E-03
  9.480000E-01 -1.313565E-03
  9.490000E-01 -1.323401E-03
  9.500000E-01 -1.315658E-03
  9.510000E-01 -1.289651E-03
  9.520000E-01 -1.245010E-03
  9.530000E-01 -1.181698E-03
  9.540000E-01 -1.100018E-03
  9.550000E-01 -1.000618E-03
  9.560000E-01 -8.844900E-04
  9.570000E-01 -7.529559E-04
  9.580000E-01 -6.076512E-04
  9.590000E-01 -4.505000E-04
  9.600000E-01 -2.836828E-04
  9.610000E-01 -1.095982E-04
  9.620000E-01  6.918122E-05
  9.630000E-01  2.499582E-04
  9.640000E-01  4.299636E-04
  9.650000E-01  6.064131E-04
  9.660000E-01  7.765644E-04
  9.670000E-01  9.377757E-04
  9.680000E-01  1.087562E-03
  9.690000E-01  1.223652E-03
  9.700000E-01  1.344036E-03
  9.710000E-01  1.447011E-03
  9.720000E-01  1.531226E-03
  9.730000E-01  1.595704E-03
  9.740000E-01  1.639872E-03
  9.750000E-01  1.663575E-03
  9.760000E-01  1.667072E-03
  9.770000E-01  1.651039E-03
  9.780000E-01  1.616547E-03
  9.790000E-01  1.565034E-03
  9.800000E-01  1.498275E-03
  9.810000E-01  1.418331E-03
  9.820000E-01  1.327498E-03
  9.830000E-01  1.228253E-03
  9.840000E-01  1.123182E-03
  9.850000E-01  1.014920E-03
  9.860000E-01  9.060782E-04
  9.870000E-01  7.991784E-04
  9.880000E-01  6.965844E-04
  9.890000E-01  6.004411E-04
  9.900000E-01  5.126172E-04
  9.910000E-01  4.346558E-04
  9.920000E-01  3.677337E-04
  9.930000E-01  3.126298E-04
  9.940000E-01  2.697056E-04
  9.950000E-01  2.388958E-04
  9.960000E-01  2.197115E-04
  9.970000E-01  2.112554E-04
  9.980000E-01  2.122477E-04
  9.990000E-01  2.210643E-04
  1.000000E+00  2.357838E-04
  1.001000E+00  2.542445E-04
  1.002000E+00  2.741078E-04
  1.003000E+00  2.929288E-04
  1.004000E+00  3.082290E-04
  1.005000E+00  3.175728E-04
  1.006000E+00  3.186427E-04
  1.007000E+00  3.093131E-04
  1.008000E+00  2.877189E-04
  1.009000E+00  2.523193E-04
  1.010000E+00  2.019525E-04
  1.011000E+00  1.358816E-04
  1.012000E+00  5.382904E-05
  1.013000E+00 -4.400090E-05
  1.014000E+00 -1.569120E-04
  1.015000E+00 -2.837198E-04
  1.016000E+00 -4.227682E-04
  1.017000E+00 -5.719597E-04
  1.018000E+00 -7.287974E-04
  1.019000E+00 -8.904395E-04
  1.020000E+00 -1.053763E-03
  1.021000E+00 -1.215437E-03
  1.022000E+00 -1.372002E-03
  1.023000E+00 -1.519956E-03
  1.024000E+00 -1.655840E-03
  1.025000E+00 -1.776330E-03
  1.026000E+00 -1.878318E-03
  1.027000E+00 -1.958999E-03
  1.028000E+00 -2.015944E-03
  1.029000E+00 -2.047172E-03
  1.030000E+00 -2.051204E-03
  1.031000E+00 -2.027114E-03
  1.032000E+00 -1.974559E-03
  1.033000E+00 -1.893801E-03
  1.034000E+00 -1.785715E-03
  1.035000E+00 -1.651774E-03
  1.036000E+00 -1.494034E-03
  1.037000E+00 -1.315088E-03
  1.038000E+00 -1.118023E-03
  1.039000E+00 -9.063500E-04
  1.040000E+00 -6.839366E-04
  1.041000E+00 -4.549204E-04
  1.042000E+00 -2.236207E-04
  1.043000E+00  5.556008E-06
  1.044000E+00  2.282137E-04
  1.045000E+00  4.400648E-04
  1.046000E+00  6.370263E-04
  1.047000E+00  8.153119E-04
  1.048000E+00  9.715179E-04
  1.049000E+00  1.102701E-03
  1.050000E+00  1.206446E-03
  1.051000E+00  1.280923E-03
  1.052000E+00  1.324928E-03
  1.053000E+00  1.337915E-03
  1.054000E+00  1.320008E-03
  1.055000E+00  1.272005E-03
  1.056000E+00  1.195356E-03
  1.057000E+00  1.092138E-03
  1.058000E+00  9.650095E-04
  1.059000E+00  8.171502E-04
  1.060000E+00  6.521956E-04
  1.061000E+00  4.741549E-04
  1.062000E+00  2.873238E-04
  1.063000E+00  9.618911E-05
  1.064000E+00 -9.466981E-05
  1.065000E+00 -2.806830E-04
  1.066000E+00 -4.573909E-04
  1.067000E+00 -6.205438E-04
  1.068000E+00 -7.661962E-04
  1.069000E+00 -8.907946E-04
  1.070000E+00 -9.912574E-04
  1.071000E+00 -1.065043E-03
  1.072000E+00 -1.110209E-03
  1.073000E+00 -1.125451E-03
  1.074000E+00 -1.110140E-03
  1.075000E+00 -1.064331E-03
  1.076000E+00 -9.887649E-04
  1.077000E+00 -8.848530E-04
  1.078000E+00 -7.546470E-04
  1.079000E+00 -6.007938E-04
  1.080000E+00 -4.264783E-04
  1.081000E+00 -2.353534E-04
  1.082000E+00 -3.146018E-05
  1.083000E+00  1.808610E-04
  1.084000E+00  3.970657E-04
  1.085000E+00  6.125056E-04
  1.086000E+00  8.225305E-04
  1.087000E+00  1.022591E-03
  1.088000E+00  1.208339E-03
  1.089000E+00  1.375722E-03
  1.090000E+00  1.521074E-03
  1.091000E+00  1.641197E-03
  1.092000E+00  1.733428E-03
  1.093000E+00  1.795702E-03
  1.094000E+00  1.826591E-03
  1.095000E+00  1.825343E-03
  1.096000E+00  1.791889E-03
  1.097000E+00  1.726853E-03
  1.098000E+00  1.631530E-03
  1.099000E+00  1.507858E-03
  1.100000E+00  1.358377E-03
  1.101000E+00  1.186169E-03
  1.102000E+00  9.947880E-04
  1.103000E+00  7.881828E-04
  1.104000E+00  5.706057E-04
  1.105000E+00  3.465190E-04
  1.106000E+00  1.204943E-04
  1.107000E+00 -1.028887E-04
  1.108000E+00 -3.191444E-04
  1.109000E+00 -5.239808E-04
  1.110000E+00 -7.133936E-04
  1.111000E+00 -8.837546E-04
  1.112000E+00 -1.031890E-03
  1.113000E+00 -1.155148E-03
  1.114000E+00 -1.251457E-03
  1.115000E+00 -1.319364E-03
  1.116000E+00 -1.358064E-03
  1.117000E+00 -1.367415E-03
  1.118000E+00 -1.347932E-03
  1.119000E+00 -1.300767E-03
  1.120000E+00 -1.227681E-03
  1.121000E+00 -1.130995E-03
  1.122000E+00 -1.013526E-03
  1.123000E+00 -8.785207E-04
  1.124000E+00 -7.295732E-04
  1.125000E+00 -5.705346E-04
  1.126000E+00 -4.054199E-04
  1.127000E+00 -2.383108E-04
  1.128000E+00 -7.325737E-05
  1.129000E+00  8.581872E-05
  1.130000E+00  2.352163E-04
  1.131000E+00  3.715413E-04
  1.132000E+00  4.917843E-04
  1.133000E+00  5.933886E-04
  1.134000E+00  6.743059E-04
  1.135000E+00  7.330388E-04
  1.136000E+00  7.686697E-04
  1.137000E+00  7.808745E-04
  1.138000E+00  7.699214E-04
  1.139000E+00  7.366551E-04
  1.140000E+00  6.824665E-04
  1.141000E+00  6.092495E-04
  1.142000E+00  5.193448E-04
  1.143000E+00  4.154744E-04
  1.144000E+00  3.006659E-04
  1.145000E+00  1.781717E-04
  1.146000E+00  5.138219E-05
  1.147000E+00 -7.626215E-05
  1.148000E+00 -2.013592E-04
  1.149000E+00 -3.206311E-04
  1.150000E+00 -4.310051E-04
  1.151000E+00 -5.296884E-04
  1.152000E+00 -6.142340E-04
  1.153000E+00 -6.825964E-04
  1.154000E+00 -7.331757E-04
  1.155000E+00 -7.648495E-04
  1.156000E+00 -7.769917E-04
  1.157000E+00 -7.694769E-04
  1.158000E+00 -7.426728E-04
  1.159000E+00 -6.974187E-04
  1.160000E+00 -6.349920E-04
  1.161000E+00 -5.570641E-04
  1.162000E+00 -4.656462E-04
  1.163000E+00 -3.630271E-04
  1.164000E+00 -2.517053E-04
  1.165000E+00 -1.343166E-04
  1.166000E+00 -1.355945E-05
  1.167000E+00  1.078794E-04
  1.168000E+00  2.273969E-04
  1.169000E+00  3.425424E-04
  1.170000E+00  4.510795E-04
  1.171000E+00  5.510412E-04
  1.172000E+00  6.407756E-04
  1.173000E+00  7.189817E-04
  1.174000E+00  7.847345E-04
  1.175000E+00  8.374984E-04
  1.176000E+00  8.771297E-04
  1.177000E+00  9.038674E-04
  1.178000E+00  9.183131E-04
  1.179000E+00  9.214012E-04
  1.180000E+00  9.143601E-04
  1.181000E+00  8.986658E-04
  1.182000E+00  8.759891E-04
  1.183000E+00  8.481384E-04
  1.184000E+00  8.170002E-04
  1.185000E+00  7.844783E-04
  1.186000E+00  7.524334E-04
  1.187000E+00  7.226265E-04
  1.188000E+00  6.966652E-04
  1.189000E+00  6.759564E-04
  1.190000E+00  6.616660E-04
  1.191000E+00  6.546861E-04
  1.192000E+00  6.556115E-04
  1.193000E+00  6.647255E-04
  1.194000E+00  6.819947E-04
  1.195000E+00  7.070740E-04
  1.196000E+00  7.393207E-04
  1.197000E+00  7.778168E-04
  1.198000E+00  8.213998E-04
  1.199000E+00  8.686995E-04
  1.200000E+00  9.181808E-04
  1.201000E+00  9.681910E-04
  1.202000E+00  1.017009E-03
  1.203000E+00  1.062898E-03
  1.204000E+00  1.104152E-03
  1.205000E+00  1.139151E-03
  1.206000E+00  1.166403E-03
  1.207000E+00  1.184588E-03
  1.208000E+00  1.192592E-03
  1.209000E+00  1.189541E-03
  1.210000E+00  1.174822E-03
  1.211000E+00  1.148100E-03
  1.212000E+00  1.109323E-03
  1.213000E+00  1.058731E-03
  1.214000E+00  9.968388E-04
  1.215000E+00  9.244295E-04
  1.216000E+00  8.425306E-04
  1.217000E+00  7.523889E-04
  1.218000E+00  6.554390E-04
  1.219000E+00  5.532689E-04
  1.220000E+00  4.475817E-04
  1.221000E+00  3.401570E-04
  1.222000E+00  2.328105E-04
  1.223000E+00  1.273550E-04
  1.224000E+00  2.556235E-05
  1.225000E+00 -7.087178E-05
  1.226000E+00 -1.603602E-04
  1.227000E+00 -2.414525E-04
  1.228000E+00 -3.128590E-04
  1.229000E+00 -3.734704E-04
  1.230000E+00 -4.223716E-04
  1.231000E+00 -4.588522E-04
  1.232000E+00 -4.824107E-04
  1.233000E+00 -4.927552E-04
  1.234000E+00 -4.898000E-04
  1.235000E+00 -4.736581E-04
  1.236000E+00 -4.446308E-04
  1.237000E+00 -4.031953E-04
  1.238000E+00 -3.499897E-04
  1.239000E+00 -2.857970E-04
  1.240000E+00 -2.115285E-04
  1.241000E+00 -1.282064E-04
  1.242000E+00 -3.694747E-05
  1.243000E+00  6.105396E-05
  1.244000E+00  1.645411E-04
  1.245000E+00  2.722097E-04
  1.246000E+00  3.827216E-04
  1.247000E+00  4.947179E-04
  1.248000E+00  6.068306E-04
  1.249000E+00  7.176941E-04
  1.250000E+00  8.259568E-04
  1.251000E+00  9.302912E-04
  1.252000E+00  1.029406E-03
  1.253000E+00  1.122056E-03
  1.254000E+00  1.207057E-03
  1.255000E+00  1.283296E-03
  1.256000E+00  1.349746E-03
  1.257000E+00  1.405483E-03
  1.258000E+00  1.449695E-03
  1.259000E+00  1.481707E-03
  1.260000E+00  1.500987E-03
  1.261000E+00  1.507171E-03
  1.262000E+00  1.500071E-03
  1.263000E+00  1.479692E-03
  1.264000E+00  1.446242E-03
  1.265000E+00  1.400144E-03
  1.266000E+00  1.342037E-03
  1.267000E+00  1.272780E-03
  1.268000E+00  1.193450E-03
  1.269000E+00  1.105335E-03
  1.270000E+00  1.009916E-03
  1.271000E+00  9.088572E-04
  1.272000E+00  8.039739E-04
  1.273000E+00  6.972082E-04
  1.274000E+00  5.905935E-04
  1.275000E+00  4.862155E-04
  1.276000E+00  3.861701E-04
  1.277000E+00  2.925174E-04
  1.278000E+00  2.072342E-04
  1.279000E+00  1.321659E-04
  1.280000E+00  6.897846E-05
  1.281000E+00  1.911202E-05
  1.282000E+00 -1.626173E-05
  1.283000E+00 -3.627819E-05
  1.284000E+00 -4.041248E-05
  1.285000E+00 -2.850510E-05
  1.286000E+00 -7.795137E-07
  1.287000E+00  4.214921E-05
  1.288000E+00  9.927540E-05
  1.289000E+00  1.692138E-04
  1.290000E+00  2.502208E-04
  1.291000E+00  3.402257E-04
  1.292000E+00  4.368718E-04
  1.293000E+00  5.375662E-04
  1.294000E+00  6.395375E-04
  1.295000E+00  7.399003E-04
  1.296000E+00  8.357249E-04
  1.297000E+00  9.241106E-04
  1.298000E+00  1.002260E-03
  1.299000E+00  1.067552E-03
  1.300000E+00  1.117616E-03
  1.301000E+00  1.150399E-03
  1.302000E+00  1.164222E-03
  1.303000E+00  1.157839E-03
  1.304000E+00  1.130474E-03
  1.305000E+00  1.081855E-03
  1.306000E+00  1.012231E-03
  1.307000E+00  9.223804E-04
  1.308000E+00  8.135970E-04
  1.309000E+00  6.876722E-04
  1.310000E+00  5.468566E-04
  1.311000E+00  3.938121E-04
  1.312000E+00  2.315511E-04
  1.313000E+00  6.336566E-05
  1.314000E+00 -1.072518E-04
  1.315000E+00 -2.766943E-04
  1.316000E+00 -4.413301E-04
  1.317000E+00 -5.975943E-04
  1.318000E+00 -7.420804E-04
  1.319000E+00 -8.716274E-04
  1.320000E+00 -9.834022E-04
  1.321000E+00 -1.074974E-03
  1.322000E+00 -1.144377E-03
  1.323000E+00 -1.190164E-03
  1.324000E+00 -1.211444E-03
  1.325000E+00 -1.207907E-03
  1.326000E+00 -1.179831E-03
  1.327000E+00 -1.128074E-03
  1.328000E+00 -1.054055E-03
  1.329000E+00 -9.597107E-04
  1.330000E+00 -8.474472E-04
  1.331000E+00 -7.200735E-04
  1.332000E+00 -5.807265E-04
  1.333000E+00 -4.327864E-04
  1.334000E+00 -2.797860E-04
  1.335000E+00 -1.253163E-04
  1.336000E+00  2.706962E-05
  1.337000E+00  1.739509E-04
  1.338000E+00  3.121286E-04
  1.339000E+00  4.387096E-04
  1.340000E+00  5.511808E-04
  1.341000E+00  6.474718E-04
  1.342000E+00  7.260057E-04
  1.343000E+00  7.857344E-04
  1.344000E+00  8.261594E-04
  1.345000E+00  8.473357E-04
  1.346000E+00  8.498612E-04
  1.347000E+00  8.348487E-04
  1.348000E+00  8.038851E-04
  1.349000E+00  7.589753E-04
  1.350000E+00  7.024759E-04
  1.351000E+00  6.370186E-04
  1.352000E+00  5.654255E-04
  1.353000E+00  4.906206E-04
  1.354000E+00  4.155386E-04
  1.355000E+00  3.430340E-04
  1.356000E+00  2.757935E-04
  1.357000E+00  2.162545E-04
  1.358000E+00  1.665314E-04
  1.359000E+00  1.283523E-04
  1.360000E+00  1.030079E-04
  1.361000E+00  9.131441E-05
  1.362000E+00  9.359076E-05
  1.363000E+00  1.096512E-04
  1.364000E+00  1.388137E-04
  1.365000E+00  1.799229E-04
  1.366000E+00  2.313881E-04
  1.367000E+00  2.912340E-04
  1.368000E+00  3.571631E-04
  1.369000E+00  4.266279E-04
  1.370000E+00  4.969103E-04
  1.371000E+00  5.652057E-04
  1.372000E+00  6.287104E-04
  1.373000E+00  6.847083E-04
  1.374000E+00  7.306539E-04
  1.375000E+00  7.642517E-04
  1.376000E+00  7.835265E-04
  1.377000E+00  7.868845E-04
  1.378000E+00  7.731630E-04
  1.379000E+00  7.416666E-04
  1.380000E+00  6.921897E-04
  1.381000E+00  6.250250E-04
  1.382000E+00  5.409559E-04
  1.383000E+00  4.412360E-04
  1.384000E+00  3.275535E-04
  1.385000E+00  2.019846E-04
  1.386000E+00  6.693390E-05
  1.387000E+00 -7.493226E-05
  1.388000E+00 -2.207614E-04
  1.389000E+00 -3.675943E-04
  1.390000E+00 -5.124470E-04
  1.391000E+00 -6.523931E-04
  1.392000E+00 -7.846434E-04
  1.393000E+00 -9.066203E-04
  1.394000E+00 -1.016026E-03
  1.395000E+00 -1.110902E-03
  1.396000E+00 -1.189676E-03
  1.397000E+00 -1.251200E-03
  1.398000E+00 -1.294774E-03
  1.399000E+00 -1.320158E-03
  1.400000E+00 -1.327565E-03
  1.401000E+00 -1.317651E-03
  1.402000E+00 -1.291484E-03
  1.403000E+00 -1.250504E-03
  1.404000E+00 -1.196475E-03
  1.405000E+00 -1.131427E-03
  1.406000E+00 -1.057589E-03
  1.407000E+00 -9.773261E-04
  1.408000E+00 -8.930608E-04
  1.409000E+00 -8.072072E-04
  1.410000E+00 -7.220993E-04
  1.411000E+00 -6.399257E-04
  1.412000E+00 -5.626704E-04
  1.413000E+00 -4.920605E-04
  1.414000E+00 -4.295237E-04
  1.415000E+00 -3.761552E-04
  1.416000E+00 -3.326961E-04
  1.417000E+00 -2.995229E-04
  1.418000E+00 -2.766487E-04
  1.419000E+00 -2.637356E-04
  1.420000E+00 -2.601174E-04
  1.421000E+00 -2.648331E-04
  1.422000E+00 -2.766675E-04
  1.423000E+00 -2.942004E-04
  1.424000E+00 -3.158598E-04
  1.425000E+00 -3.399805E-04
  1.426000E+00 -3.648630E-04
  1.427000E+00 -3.888335E-04
  1.428000E+00 -4.103010E-04
  1.429000E+00 -4.278120E-04
  1.430000E+00 -4.400982E-04
  1.431000E+00 -4.461193E-04
  1.432000E+00 -4.450959E-04
  1.433000E+00 -4.365352E-04
  1.434000E+00 -4.202453E-04
  1.435000E+00 -3.963415E-04
  1.436000E+00 -3.652407E-04
  1.437000E+00 -3.276473E-04
  1.438000E+00 -2.845296E-04
  1.439000E+00 -2.370879E-04
  1.440000E+00 -1.867155E-04
  1.441000E+00 -1.349537E-04
  1.442000E+00 -8.344269E-05
  1.443000E+00 -3.386937E-05
  1.444000E+00  1.208580E-05
  1.445000E+00  5.280146E-05
  1.446000E+00  8.676586E-05
  1.447000E+00  1.126237E-04
  1.448000E+00  1.292179E-04
  1.449000E+00  1.356250E-04
  1.450000E+00  1.311836E-04
  1.451000E+00  1.155143E-04
  1.452000E+00  8.853145E-05
  1.453000E+00  5.044596E-05
  1.454000E+00  1.759698E-06
  1.455000E+00 -5.674886E-05
  1.456000E+00 -1.240466E-04
  1.457000E+00 -1.988749E-04
  1.458000E+00 -2.797844E-04
  1.459000E+00 -3.651754E-04
  1.460000E+00 -4.533411E-04
  1.461000E+00 -5.425134E-04
  1.462000E+00 -6.309098E-04
  1.463000E+00 -7.167790E-04
  1.464000E+00 -7.984455E-04
  1.465000E+00 -8.743502E-04
  1.466000E+00 -9.430875E-04
  1.467000E+00 -1.003437E-03
  1.468000E+00 -1.054387E-03
  1.469000E+00 -1.095157E-03
  1.470000E+00 -1.125205E-03
  1.471000E+00 -1.144238E-03
  1.472000E+00 -1.152203E-03
  1.473000E+00 -1.149284E-03
  1.474000E+00 -1.135886E-03
  1.475000E+00 -1.112611E-03
  1.476000E+00 -1.080238E-03
  1.477000E+00 -1.039693E-03
  1.478000E+00 -9.920180E-04
  1.479000E+00 -9.383383E-04
  1.480000E+00 -8.798310E-04
  1.481000E+00 -8.176925E-04
  1.482000E+00 -7.531088E-04
  1.483000E+00 -6.872269E-04
  1.484000E+00 -6.211314E-04
  1.485000E+00 -5.558231E-04
  1.486000E+00 -4.922030E-04
  1.487000E+00 -4.310605E-04
  1.488000E+00 -3.730661E-04
  1.489000E+00 -3.187682E-04
  1.490000E+00 -2.685953E-04
  1.491000E+00 -2.228606E-04
  1.492000E+00 -1.817711E-04
  1.493000E+00 -1.454389E-04
  1.494000E+00 -1.138945E-04
  1.495000E+00 -8.710163E-05
  1.496000E+00 -6.497300E-05
  1.497000E+00 -4.738531E-05
  1.498000E+00 -3.419396E-05
  1.499000E+00 -2.524623E-05
  1.500000E+00 -2.039252E-05
  1.501000E+00 -1.949530E-05
  1.502000E+00 -2.243546E-05
  1.503000E+00 -2.911583E-05
  1.504000E+00 -3.946187E-05
  1.505000E+00 -5.341971E-05
  1.506000E+00 -7.095154E-05
  1.507000E+00 -9.202896E-05
  1.508000E+00 -1.166245E-04
  1.509000E+00 -1.447021E-04
  1.510000E+00 -1.762062E-04
  1.511000E+00 -2.110522E-04
  1.512000E+00 -2.491157E-04
  1.513000E+00 -2.902241E-04
  1.514000E+00 -3.341495E-04
  1.515000E+00 -3.806032E-04
  1.516000E+00 -4.292337E-04
  1.517000E+00 -4.796264E-04
  1.518000E+00 -5.313070E-04
  1.519000E+00 -5.837472E-04
  1.520000E+00 -6.363737E-04
  1.521000E+00 -6.885797E-04
  1.522000E+00 -7.397384E-04
  1.523000E+00 -7.892187E-04
  1.524000E+00 -8.364019E-04
  1.525000E+00 -8.806994E-04
  1.526000E+00 -9.215702E-04
  1.527000E+00 -9.585382E-04
  1.528000E+00 -9.912073E-04
  1.529000E+00 -1.019276E-03
  1.530000E+00 -1.042548E-03
  1.531000E+00 -1.060941E-03
  1.532000E+00 -1.074493E-03
  1.533000E+00 -1.083360E-03
  1.534000E+00 -1.087817E-03
  1.535000E+00 -1.088249E-03
  1.536000E+00 -1.085141E-03
  1.537000E+00 -1.079067E-03
  1.538000E+00 -1.070668E-03
  1.539000E+00 -1.060635E-03
  1.540000E+00 -1.049688E-03
  1.541000E+00 -1.038549E-03
  1.542000E+00 -1.027923E-03
  1.543000E+00 -1.018469E-03
  1.544000E+00 -1.010782E-03
  1.545000E+00 -1.005365E-03
  1.546000E+00 -1.002619E-03
  1.547000E+00 -1.002821E-03
  1.548000E+00 -1.006113E-03
  1.549000E+00 -1.012497E-03
  1.550000E+00 -1.021829E-03
  1.551000E+00 -1.033825E-03
  1.552000E+00 -1.048060E-03
  1.553000E+00 -1.063987E-03
  1.554000E+00 -1.080947E-03
  1.555000E+00 -1.098194E-03
  1.556000E+00 -1.114910E-03
  1.557000E+00 -1.130238E-03
  1.558000E+00 -1.143307E-03
  1.559000E+00 -1.153258E-03
  1.560000E+00 -1.159278E-03
  1.561000E+00 -1.160623E-03
  1.562000E+00 -1.156646E-03
  1.563000E+00 -1.146823E-03
  1.564000E+00 -1.130769E-03
  1.565000E+00 -1.108259E-03
  1.566000E+00 -1.079235E-03
  1.567000E+00 -1.043817E-03
  1.568000E+00 -1.002301E-03
  1.569000E+00 -9.551566E-04
  1.570000E+00 -9.030156E-04
  1.571000E+00 -8.466587E-04
  1.572000E+00 -7.869951E-04
  1.573000E+00 -7.250382E-04
  1.574000E+00 -6.618781E-04
  1.575000E+00 -5.986515E-04
  1.576000E+00 -5.365083E-04
  1.577000E+00 -4.765792E-04
  1.578000E+00 -4.199419E-04
  1.579000E+00 -3.675888E-04
  1.580000E+00 -3.203970E-04
  1.581000E+00 -2.791012E-04
  1.582000E+00 -2.442701E-04
  1.583000E+00 -2.162883E-04
  1.584000E+00 -1.953426E-04
  1.585000E+00 -1.814146E-04
  1.586000E+00 -1.742793E-04
  1.587000E+00 -1.735095E-04
  1.588000E+00 -1.784869E-04
  1.589000E+00 -1.884185E-04
  1.590000E+00 -2.023589E-04
  1.591000E+00 -2.192373E-04
  1.592000E+00 -2.378884E-04
  1.593000E+00 -2.570868E-04
  1.594000E+00 -2.755834E-04
  1.595000E+00 -2.921435E-04
  1.596000E+00 -3.055842E-04
  1.597000E+00 -3.148112E-04
  1.598000E+00 -3.188539E-04
  1.599000E+00 -3.168965E-04
  1.600000E+00 -3.083052E-04
  1.601000E+00 -2.926510E-04
  1.602000E+00 -2.697259E-04
  1.603000E+00 -2.395537E-04
  1.604000E+00 -2.023932E-04
  1.605000E+00 -1.587356E-04
  1.606000E+00 -1.092946E-04
  1.607000E+00 -5.498987E-05
  1.608000E+00  3.075437E-06
  1.609000E+00  6.364263E-05
  1.610000E+00  1.253304E-04
  1.611000E+00  1.866716E-04
  1.612000E+00  2.461528E-04
  1.613000E+00  3.022557E-04
  1.614000E+00  3.534990E-04
  1.615000E+00  3.984801E-04
  1.616000E+00  4.359144E-04
  1.617000E+00  4.646722E-04
  1.618000E+00  4.838119E-04
  1.619000E+00  4.926073E-04
  1.620000E+00  4.905708E-04
  1.621000E+00  4.774684E-04
  1.622000E+00  4.533297E-04
  1.623000E+00  4.184496E-04
  1.624000E+00  3.733833E-04
  1.625000E+00  3.189342E-04
  1.626000E+00  2.561354E-04
  1.627000E+00  1.862242E-04
  1.628000E+00  1.106123E-04
  1.629000E+00  3.085035E-05
  1.630000E+00 -5.141052E-05
  1.631000E+00 -1.344600E-04
  1.632000E+00 -2.165710E-04
  1.633000E+00 -2.960429E-04
  1.634000E+00 -3.712428E-04
  1.635000E+00 -4.406455E-04
  1.636000E+00 -5.028698E-04
  1.637000E+00 -5.567109E-04
  1.638000E+00 -6.011674E-04
  1.639000E+00 -6.354628E-04
  1.640000E+00 -6.590606E-04
  1.641000E+00 -6.716728E-04
  1.642000E+00 -6.732616E-04
  1.643000E+00 -6.640345E-04
  1.644000E+00 -6.444325E-04
  1.645000E+00 -6.151130E-04
  1.646000E+00 -5.769261E-04
  1.647000E+00 -5.308870E-04
  1.648000E+00 -4.781446E-04
  1.649000E+00 -4.199459E-04
  1.650000E+00 -3.576004E-04
  1.651000E+00 -2.924421E-04
  1.652000E+00 -2.257926E-04
  1.653000E+00 -1.589254E-04
  1.654000E+00 -9.303252E-05
  1.655000E+00 -2.919467E-05
  1.656000E+00  3.164471E-05
  1.657000E+00  8.870034E-05
  1.658000E+00  1.413606E-04
  1.659000E+00  1.891976E-04
  1.660000E+00  2.319704E-04
  1.661000E+00  2.696238E-04
  1.662000E+00  3.022795E-04
  1.663000E+00  3.302235E-04
  1.664000E+00  3.538871E-04
  1.665000E+00  3.738249E-04
  1.666000E+00  3.906880E-04
  1.667000E+00  4.051957E-04
  1.668000E+00  4.181046E-04
  1.669000E+00  4.301777E-04
  1.670000E+00  4.421530E-04
  1.671000E+00  4.547141E-04
  1.672000E+00  4.684623E-04
  1.673000E+00  4.838927E-04
  1.674000E+00  5.013733E-04
  1.675000E+00  5.211290E-04
  1.676000E+00  5.432304E-04
  1.677000E+00  5.675880E-04
  1.678000E+00  5.939525E-04
  1.679000E+00  6.219190E-04
  1.680000E+00  6.509389E-04
  1.681000E+00  6.803345E-04
  1.682000E+00  7.093200E-04
  1.683000E+00  7.370251E-04
  1.684000E+00  7.625229E-04
  1.685000E+00  7.848594E-04
  1.686000E+00  8.030848E-04
  1.687000E+00  8.162853E-04
  1.688000E+00  8.236145E-04
  1.689000E+00  8.243235E-04
  1.690000E+00  8.177880E-04
  1.691000E+00  8.035336E-04
  1.692000E+00  7.812556E-04
  1.693000E+00  7.508354E-04
  1.694000E+00  7.123512E-04
  1.695000E+00  6.660833E-04
  1.696000E+00  6.125139E-04
  1.697000E+00  5.523210E-04
  1.698000E+00  4.863669E-04
  1.699000E+00  4.156808E-04
  1.700000E+00  3.414378E-04
  1.701000E+00  2.649318E-04
  1.702000E+00  1.875467E-04
  1.703000E+00  1.107235E-04
  1.704000E+00  3.592609E-05
  1.705000E+00 -3.539361E-05
  1.706000E+00 -1.018311E-04
  1.707000E+00 -1.620630E-04
  1.708000E+00 -2.148793E-04
  1.709000E+00 -2.592126E-04
  1.710000E+00 -2.941632E-04
  1.711000E+00 -3.190204E-04
  1.712000E+00 -3.332789E-04
  1.713000E+00 -3.366492E-04
  1.714000E+00 -3.290633E-04
  1.715000E+00 -3.106733E-04
  1.716000E+00 -2.818462E-04
  1.717000E+00 -2.431513E-04
  1.718000E+00 -1.953439E-04
  1.719000E+00 -1.393437E-04
  1.720000E+00 -7.620932E-05
  1.721000E+00 -7.109923E-06
  1.722000E+00  6.670603E-05
  1.723000E+00  1.439432E-04
  1.724000E+00  2.232923E-04
  1.725000E+00  3.034633E-04
  1.726000E+00  3.832161E-04
  1.727000E+00  4.613905E-04
  1.728000E+00  5.369320E-04
  1.729000E+00  6.089148E-04
  1.730000E+00  6.765597E-04
  1.731000E+00  7.392475E-04
  1.732000E+00  7.965278E-04
  1.733000E+00  8.481214E-04
  1.734000E+00  8.939184E-04
  1.735000E+00  9.339705E-04
  1.736000E+00  9.684788E-04
  1.737000E+00  9.977766E-04
  1.738000E+00  1.022309E-03
  1.739000E+00  1.042609E-03
  1.740000E+00  1.059271E-03
  1.741000E+00  1.072925E-03
  1.742000E+00  1.084205E-03
  1.743000E+00  1.093724E-03
  1.744000E+00  1.102048E-03
  1.745000E+00  1.109667E-03
  1.746000E+00  1.116981E-03
  1.747000E+00  1.124276E-03
  1.748000E+00  1.131715E-03
  1.749000E+00  1.139328E-03
  1.750000E+00  1.147007E-03
  1.751000E+00  1.154510E-03
  1.752000E+00  1.161468E-03
  1.753000E+00  1.167397E-03
  1.754000E+00  1.171715E-03
  1.755000E+00  1.173760E-03
  1.756000E+00  1.172820E-03
  1.757000E+00  1.168156E-03
  1.758000E+00  1.159033E-03
  1.759000E+00  1.144751E-03
  1.760000E+00  1.124674E-03
  1.761000E+00  1.098260E-03
  1.762000E+00  1.065088E-03
  1.763000E+00  1.024884E-03
  1.764000E+00  9.775404E-04
  1.765000E+00  9.231343E-04
  1.766000E+00  8.619369E-04
  1.767000E+00  7.944204E-04
  1.768000E+00  7.212584E-04
  1.769000E+00  6.433194E-04
  1.770000E+00  5.616552E-04
  1.771000E+00  4.774828E-04
  1.772000E+00  3.921617E-04
  1.773000E+00  3.071655E-04
  1.774000E+00  2.240497E-04
  1.775000E+00  1.444165E-04
  1.776000E+00  6.987591E-05
  1.777000E+00  2.006764E-06
  1.778000E+00 -5.768377E-05
  1.779000E+00 -1.077995E-04
  1.780000E+00 -1.470932E-04
  1.781000E+00 -1.745014E-04
  1.782000E+00 -1.891758E-04
  1.783000E+00 -1.905102E-04
  1.784000E+00 -1.781617E-04
  1.785000E+00 -1.520657E-04
  1.786000E+00 -1.124450E-04
  1.787000E+00 -5.981152E-05
  1.788000E+00  5.039100E-06
  1.789000E+00  8.103950E-05
  1.790000E+00  1.668697E-04
  1.791000E+00  2.609825E-04
  1.792000E+00  3.616344E-04
  1.793000E+00  4.669224E-04
  1.794000E+00  5.748238E-04
  1.795000E+00  6.832400E-04
  1.796000E+00  7.900427E-04
  1.797000E+00  8.931201E-04
  1.798000E+00  9.904237E-04
  1.799000E+00  1.080014E-03
  1.800000E+00  1.160101E-03
  1.801000E+00  1.229089E-03
  1.802000E+00  1.285603E-03
  1.803000E+00  1.328529E-03
  1.804000E+00  1.357025E-03
  1.805000E+00  1.370550E-03
  1.806000E+00  1.368866E-03
  1.807000E+00  1.352042E-03
  1.808000E+00  1.320455E-03
  1.809000E+00  1.274771E-03
  1.810000E+00  1.215932E-03
  1.811000E+00  1.145132E-03
  1.812000E+00  1.063784E-03
  1.813000E+00  9.734902E-04
  1.814000E+00  8.760011E-04
  1.815000E+00  7.731758E-04
  1.816000E+00  6.669394E-04
  1.817000E+00  5.592401E-04
  1.818000E+00  4.520063E-04
  1.819000E+00  3.471053E-04
  1.820000E+00  2.463044E-04
  1.821000E+00  1.512353E-04
  1.822000E+00  6.336273E-05
  1.823000E+00 -1.604203E-05
  1.824000E+00 -8.592282E-05
  1.825000E+00 -1.454539E-04
  1.826000E+00 -1.940498E-04
  1.827000E+00 -2.313684E-04
  1.828000E+00 -2.573093E-04
  1.829000E+00 -2.720051E-04
  1.830000E+00 -2.758084E-04
  1.831000E+00 -2.692737E-04
  1.832000E+00 -2.531348E-04
  1.833000E+00 -2.282791E-04
  1.834000E+00 -1.957193E-04
  1.835000E+00 -1.565631E-04
  1.836000E+00 -1.119822E-04
  1.837000E+00 -6.318060E-05
  1.838000E+00 -1.136432E-05
  1.839000E+00  4.228764E-05
  1.840000E+00  9.665026E-05
  1.841000E+00  1.506765E-04
  1.842000E+00  2.034179E-04
  1.843000E+00  2.540416E-04
  1.844000E+00  3.018431E-04
  1.845000E+00  3.462550E-04
  1.846000E+00  3.868513E-04
  1.847000E+00  4.233474E-04
  1.848000E+00  4.555968E-04
  1.849000E+00  4.835829E-04
  1.850000E+00  5.074088E-04
  1.851000E+00  5.272830E-04
  1.852000E+00  5.435035E-04
  1.853000E+00  5.564398E-04
  1.854000E+00  5.665139E-04
  1.855000E+00  5.741801E-04
  1.856000E+00  5.799059E-04
  1.857000E+00  5.841520E-04
  1.858000E+00  5.873545E-04
  1.859000E+00  5.899085E-04
  1.860000E+00  5.921531E-04
  1.861000E+00  5.943597E-04
  1.862000E+00  5.967220E-04
  1.863000E+00  5.993498E-04
  1.864000E+00  6.022653E-04
  1.865000E+00  6.054024E-04
  1.866000E+00  6.086096E-04
  1.867000E+00  6.116551E-04
  1.868000E+00  6.142351E-04
  1.869000E+00  6.159845E-04
  1.870000E+00  6.164898E-04
  1.871000E+00  6.153035E-04
  1.872000E+00  6.119601E-04
  1.873000E+00  6.059930E-04
  1.874000E+00  5.969511E-04
  1.875000E+00  5.844168E-04
  1.876000E+00  5.680215E-04
  1.877000E+00  5.474614E-04
  1.878000E+00  5.225115E-04
  1.879000E+00  4.930371E-04
  1.880000E+00  4.590040E-04
  1.881000E+00  4.204850E-04
  1.882000E+00  3.776647E-04
  1.883000E+00  3.308407E-04
  1.884000E+00  2.804216E-04
  1.885000E+00  2.269228E-04
  1.886000E+00  1.709586E-04
  1.887000E+00  1.132313E-04
  1.888000E+00  5.451904E-05
  1.889000E+00 -4.340369E-06
  1.890000E+00 -6.246620E-05
  1.891000E+00 -1.189537E-04
  1.892000E+00 -1.728939E-04
  1.893000E+00 -2.233939E-04
  1.894000E+00 -2.695974E-04
  1.895000E+00 -3.107048E-04
  1.896000E+00 -3.459922E-04
  1.897000E+00 -3.748294E-04
  1.898000E+00 -3.966960E-04
  1.899000E+00 -4.111953E-04
  1.900000E+00 -4.180656E-04
  1.901000E+00 -4.171892E-04
  1.902000E+00 -4.085980E-04
  1.903000E+00 -3.924764E-04
  1.904000E+00 -3.691601E-04
  1.905000E+00 -3.391335E-04
  1.906000E+00 -3.030218E-04
  1.907000E+00 -2.615817E-04
  1.908000E+00 -2.156883E-04
  1.909000E+00 -1.663204E-04
  1.910000E+00 -1.145419E-04
  1.911000E+00 -6.148291E-05
  1.912000E+00 -8.318285E-06
  1.913000E+00  4.375500E-05
  1.914000E+00  9.354094E-05
  1.915000E+00  1.398681E-04
  1.916000E+00  1.816130E-04
  1.917000E+00  2.177229E-04
  1.918000E+00  2.472374E-04
  1.919000E+00  2.693089E-04
  1.920000E+00  2.832206E-04
  1.921000E+00  2.884021E-04
  1.922000E+00  2.844430E-04
  1.923000E+00  2.711030E-04
  1.924000E+00  2.483183E-04
  1.925000E+00  2.162055E-04
  1.926000E+00  1.750614E-04
  1.927000E+00  1.253591E-04
  1.928000E+00  6.774080E-05
  1.929000E+00  3.007114E-06
  1.930000E+00 -6.789729E-05
  1.931000E+00 -1.439007E-04
  1.932000E+00 -2.238241E-04
  1.933000E+00 -3.064040E-04
  1.934000E+00 -3.903158E-04
  1.935000E+00 -4.742001E-04
  1.936000E+00 -5.566888E-04
  1.937000E+00 -6.364323E-04
  1.938000E+00 -7.121256E-04
  1.939000E+00 -7.825347E-04
  1.940000E+00 -8.465201E-04
  1.941000E+00 -9.030600E-04
  1.942000E+00 -9.512699E-04
  1.943000E+00 -9.904194E-04
  1.944000E+00 -1.019946E-03
  1.945000E+00 -1.039467E-03
  1.946000E+00 -1.048781E-03
  1.947000E+00 -1.047877E-03
  1.948000E+00 -1.036927E-03
  1.949000E+00 -1.016285E-03
  1.950000E+00 -9.864741E-04
  1.951000E+00 -9.481764E-04
  1.952000E+00 -9.022168E-04
  1.953000E+00 -8.495438E-04
  1.954000E+00 -7.912091E-04
  1.955000E+00 -7.283446E-04
  1.956000E+00 -6.621385E-04
  1.957000E+00 -5.938105E-04
  1.958000E+00 -5.245870E-04
  1.959000E+00 -4.556766E-04
  1.960000E+00 -3.882466E-04
  1.961000E+00 -3.234012E-04
  1.962000E+00 -2.621614E-04
  1.963000E+00 -2.054475E-04
  1.964000E+00 -1.540640E-04
  1.965000E+00 -1.086883E-04
  1.966000E+00 -6.986177E-05
  1.967000E+00 -3.798460E-05
  1.968000E+00 -1.331404E-05
  1.969000E+00  4.034145E-06
  1.970000E+00  1.408099E-05
  1.971000E+00  1.697668E-05
  1.972000E+00  1.299018E-05
  1.973000E+00  2.496590E-06
  1.974000E+00 -1.403745E-05
  1.975000E+00 -3.606978E-05
  1.976000E+00 -6.299968E-05
  1.977000E+00 -9.418533E-05
  1.978000E+00 -1.289612E-04
  1.979000E+00 -1.666546E-04
  1.980000E+00 -2.066021E-04
  1.981000E+00 -2.481628E-04
  1.982000E+00 -2.907319E-04
  1.983000E+00 -3.337505E-04
  1.984000E+00 -3.767138E-04
  1.985000E+00 -4.191768E-04
  1.986000E+00 -4.607575E-04
  1.987000E+00 -5.011377E-04
  1.988000E+00 -5.400612E-04
  1.989000E+00 -5.773306E-04
  1.990000E+00 -6.128013E-04
  1.991000E+00 -6.463753E-04
  1.992000E+00 -6.779922E-04
  1.993000E+00 -7.076215E-04
  1.994000E+00 -7.352527E-04
  1.995000E+00 -7.608867E-04
  1.996000E+00 -7.845274E-04
  1.997000E+00 -8.061742E-04
  1.998000E+00 -8.258150E-04
  1.999000E+00 -8.434220E-04
  2.000000E+00  3.487646E-02
