; material = LLZO                                                       
Zr            2000  2.37765429E+01          580.000000
  0.000000E+00  1.000000E+00
  1.000000E-03  9.975934E-01
  2.000000E-03  9.904055E-01
  3.000000E-03  9.785330E-01
  4.000000E-03  9.621347E-01
  5.000000E-03  9.414277E-01
  6.000000E-03  9.166826E-01
  7.000000E-03  8.882177E-01
  8.000000E-03  8.563918E-01
  9.000000E-03  8.215965E-01
  1.000000E-02  7.842482E-01
  1.100000E-02  7.447791E-01
  1.200000E-02  7.036291E-01
  1.300000E-02  6.612370E-01
  1.400000E-02  6.180326E-01
  1.500000E-02  5.744289E-01
  1.600000E-02  5.308156E-01
  1.700000E-02  4.875528E-01
  1.800000E-02  4.449665E-01
  1.900000E-02  4.033440E-01
  2.000000E-02  3.629317E-01
  2.100000E-02  3.239331E-01
  2.200000E-02  2.865085E-01
  2.300000E-02  2.507752E-01
  2.400000E-02  2.168091E-01
  2.500000E-02  1.846474E-01
  2.600000E-02  1.542915E-01
  2.700000E-02  1.257112E-01
  2.800000E-02  9.884907E-02
  2.900000E-02  7.362549E-02
  3.000000E-02  4.994359E-02
  3.100000E-02  2.769465E-02
  3.200000E-02  6.763165E-03
  3.300000E-02 -1.296811E-02
  3.400000E-02 -3.161356E-02
  3.500000E-02 -4.928050E-02
  3.600000E-02 -6.606559E-02
  3.700000E-02 -8.205178E-02
  3.800000E-02 -9.730611E-02
  3.900000E-02 -1.118781E-01
  4.000000E-02 -1.257991E-01
  4.100000E-02 -1.390820E-01
  4.200000E-02 -1.517223E-01
  4.300000E-02 -1.636992E-01
  4.400000E-02 -1.749779E-01
  4.500000E-02 -1.855118E-01
  4.600000E-02 -1.952457E-01
  4.700000E-02 -2.041191E-01
  4.800000E-02 -2.120695E-01
  4.900000E-02 -2.190361E-01
  5.000000E-02 -2.249632E-01
  5.100000E-02 -2.298038E-01
  5.200000E-02 -2.335225E-01
  5.300000E-02 -2.360982E-01
  5.400000E-02 -2.375262E-01
  5.500000E-02 -2.378205E-01
  5.600000E-02 -2.370142E-01
  5.700000E-02 -2.351605E-01
  5.800000E-02 -2.323323E-01
  5.900000E-02 -2.286216E-01
  6.000000E-02 -2.241379E-01
  6.100000E-02 -2.190067E-01
  6.200000E-02 -2.133663E-01
  6.300000E-02 -2.073657E-01
  6.400000E-02 -2.011608E-01
  6.500000E-02 -1.949111E-01
  6.600000E-02 -1.887763E-01
  6.700000E-02 -1.829121E-01
  6.800000E-02 -1.774670E-01
  6.900000E-02 -1.725787E-01
  7.000000E-02 -1.683709E-01
  7.100000E-02 -1.649504E-01
  7.200000E-02 -1.624050E-01
  7.300000E-02 -1.608012E-01
  7.400000E-02 -1.601830E-01
  7.500000E-02 -1.605711E-01
  7.600000E-02 -1.619626E-01
  7.700000E-02 -1.643314E-01
  7.800000E-02 -1.676291E-01
  7.900000E-02 -1.717864E-01
  8.000000E-02 -1.767153E-01
  8.100000E-02 -1.823109E-01
  8.200000E-02 -1.884546E-01
  8.300000E-02 -1.950167E-01
  8.400000E-02 -2.018599E-01
  8.500000E-02 -2.088422E-01
  8.600000E-02 -2.158204E-01
  8.700000E-02 -2.226530E-01
  8.800000E-02 -2.292035E-01
  8.900000E-02 -2.353433E-01
  9.000000E-02 -2.409536E-01
  9.100000E-02 -2.459284E-01
  9.200000E-02 -2.501755E-01
  9.300000E-02 -2.536184E-01
  9.400000E-02 -2.561972E-01
  9.500000E-02 -2.578686E-01
  9.600000E-02 -2.586065E-01
  9.700000E-02 -2.584012E-01
  9.800000E-02 -2.572593E-01
  9.900000E-02 -2.552015E-01
  1.000000E-01 -2.522625E-01
  1.010000E-01 -2.484884E-01
  1.020000E-01 -2.439351E-01
  1.030000E-01 -2.386666E-01
  1.040000E-01 -2.327527E-01
  1.050000E-01 -2.262671E-01
  1.060000E-01 -2.192855E-01
  1.070000E-01 -2.118833E-01
  1.080000E-01 -2.041344E-01
  1.090000E-01 -1.961094E-01
  1.100000E-01 -1.878744E-01
  1.110000E-01 -1.794897E-01
  1.120000E-01 -1.710095E-01
  1.130000E-01 -1.624809E-01
  1.140000E-01 -1.539439E-01
  1.150000E-01 -1.454314E-01
  1.160000E-01 -1.369695E-01
  1.170000E-01 -1.285779E-01
  1.180000E-01 -1.202705E-01
  1.190000E-01 -1.120565E-01
  1.200000E-01 -1.039410E-01
  1.210000E-01 -9.592607E-02
  1.220000E-01 -8.801203E-02
  1.230000E-01 -8.019816E-02
  1.240000E-01 -7.248381E-02
  1.250000E-01 -6.486929E-02
  1.260000E-01 -5.735665E-02
  1.270000E-01 -4.995031E-02
  1.280000E-01 -4.265754E-02
  1.290000E-01 -3.548887E-02
  1.300000E-01 -2.845814E-02
  1.310000E-01 -2.158257E-02
  1.320000E-01 -1.488254E-02
  1.330000E-01 -8.381251E-03
  1.340000E-01 -2.104266E-03
  1.350000E-01  3.921086E-03
  1.360000E-01  9.666401E-03
  1.370000E-01  1.510295E-02
  1.380000E-01  2.020247E-02
  1.390000E-01  2.493796E-02
  1.400000E-01  2.928450E-02
  1.410000E-01  3.321993E-02
  1.420000E-01  3.672559E-02
  1.430000E-01  3.978686E-02
  1.440000E-01  4.239365E-02
  1.450000E-01  4.454076E-02
  1.460000E-01  4.622811E-02
  1.470000E-01  4.746081E-02
  1.480000E-01  4.824914E-02
  1.490000E-01  4.860835E-02
  1.500000E-01  4.855838E-02
  1.510000E-01  4.812346E-02
  1.520000E-01  4.733157E-02
  1.530000E-01  4.621387E-02
  1.540000E-01  4.480406E-02
  1.550000E-01  4.313771E-02
  1.560000E-01  4.125151E-02
  1.570000E-01  3.918262E-02
  1.580000E-01  3.696794E-02
  1.590000E-01  3.464352E-02
  1.600000E-01  3.224391E-02
  1.610000E-01  2.980171E-02
  1.620000E-01  2.734708E-02
  1.630000E-01  2.490740E-02
  1.640000E-01  2.250702E-02
  1.650000E-01  2.016706E-02
  1.660000E-01  1.790537E-02
  1.670000E-01  1.573649E-02
  1.680000E-01  1.367178E-02
  1.690000E-01  1.171953E-02
  1.700000E-01  9.885186E-03
  1.710000E-01  8.171637E-03
  1.720000E-01  6.579477E-03
  1.730000E-01  5.107334E-03
  1.740000E-01  3.752199E-03
  1.750000E-01  2.509749E-03
  1.760000E-01  1.374659E-03
  1.770000E-01  3.408911E-04
  1.780000E-01 -5.980429E-04
  1.790000E-01 -1.448857E-03
  1.800000E-01 -2.218304E-03
  1.810000E-01 -2.913031E-03
  1.820000E-01 -3.539475E-03
  1.830000E-01 -4.103798E-03
  1.840000E-01 -4.611854E-03
  1.850000E-01 -5.069196E-03
  1.860000E-01 -5.481098E-03
  1.870000E-01 -5.852604E-03
  1.880000E-01 -6.188586E-03
  1.890000E-01 -6.493803E-03
  1.900000E-01 -6.772970E-03
  1.910000E-01 -7.030810E-03
  1.920000E-01 -7.272098E-03
  1.930000E-01 -7.501688E-03
  1.940000E-01 -7.724525E-03
  1.950000E-01 -7.945633E-03
  1.960000E-01 -8.170086E-03
  1.970000E-01 -8.402957E-03
  1.980000E-01 -8.649253E-03
  1.990000E-01 -8.913841E-03
  2.000000E-01 -9.201358E-03
  2.010000E-01 -9.516124E-03
  2.020000E-01 -9.862054E-03
  2.030000E-01 -1.024258E-02
  2.040000E-01 -1.066058E-02
  2.050000E-01 -1.111834E-02
  2.060000E-01 -1.161751E-02
  2.070000E-01 -1.215911E-02
  2.080000E-01 -1.274355E-02
  2.090000E-01 -1.337068E-02
  2.100000E-01 -1.403986E-02
  2.110000E-01 -1.475007E-02
  2.120000E-01 -1.550002E-02
  2.130000E-01 -1.628826E-02
  2.140000E-01 -1.711339E-02
  2.150000E-01 -1.797412E-02
  2.160000E-01 -1.886951E-02
  2.170000E-01 -1.979902E-02
  2.180000E-01 -2.076268E-02
  2.190000E-01 -2.176115E-02
  2.200000E-01 -2.279583E-02
  2.210000E-01 -2.386883E-02
  2.220000E-01 -2.498299E-02
  2.230000E-01 -2.614183E-02
  2.240000E-01 -2.734942E-02
  2.250000E-01 -2.861031E-02
  2.260000E-01 -2.992925E-02
  2.270000E-01 -3.131109E-02
  2.280000E-01 -3.276044E-02
  2.290000E-01 -3.428145E-02
  2.300000E-01 -3.587754E-02
  2.310000E-01 -3.755108E-02
  2.320000E-01 -3.930314E-02
  2.330000E-01 -4.113319E-02
  2.340000E-01 -4.303892E-02
  2.350000E-01 -4.501598E-02
  2.360000E-01 -4.705786E-02
  2.370000E-01 -4.915578E-02
  2.380000E-01 -5.129863E-02
  2.390000E-01 -5.347303E-02
  2.400000E-01 -5.566338E-02
  2.410000E-01 -5.785203E-02
  2.420000E-01 -6.001953E-02
  2.430000E-01 -6.214490E-02
  2.440000E-01 -6.420597E-02
  2.450000E-01 -6.617977E-02
  2.460000E-01 -6.804300E-02
  2.470000E-01 -6.977245E-02
  2.480000E-01 -7.134551E-02
  2.490000E-01 -7.274061E-02
  2.500000E-01 -7.393772E-02
  2.510000E-01 -7.491880E-02
  2.520000E-01 -7.566814E-02
  2.530000E-01 -7.617277E-02
  2.540000E-01 -7.642272E-02
  2.550000E-01 -7.641122E-02
  2.560000E-01 -7.613485E-02
  2.570000E-01 -7.559360E-02
  2.580000E-01 -7.479078E-02
  2.590000E-01 -7.373295E-02
  2.600000E-01 -7.242967E-02
  2.610000E-01 -7.089323E-02
  2.620000E-01 -6.913829E-02
  2.630000E-01 -6.718147E-02
  2.640000E-01 -6.504084E-02
  2.650000E-01 -6.273549E-02
  2.660000E-01 -6.028496E-02
  2.670000E-01 -5.770874E-02
  2.680000E-01 -5.502578E-02
  2.690000E-01 -5.225399E-02
  2.700000E-01 -4.940982E-02
  2.710000E-01 -4.650792E-02
  2.720000E-01 -4.356079E-02
  2.730000E-01 -4.057860E-02
  2.740000E-01 -3.756903E-02
  2.750000E-01 -3.453726E-02
  2.760000E-01 -3.148601E-02
  2.770000E-01 -2.841567E-02
  2.780000E-01 -2.532454E-02
  2.790000E-01 -2.220916E-02
  2.800000E-01 -1.906468E-02
  2.810000E-01 -1.588529E-02
  2.820000E-01 -1.266471E-02
  2.830000E-01 -9.396686E-03
  2.840000E-01 -6.075542E-03
  2.850000E-01 -2.696650E-03
  2.860000E-01  7.430605E-04
  2.870000E-01  4.244668E-03
  2.880000E-01  7.806869E-03
  2.890000E-01  1.142567E-02
  2.900000E-01  1.509416E-02
  2.910000E-01  1.880235E-02
  2.920000E-01  2.253719E-02
  2.930000E-01  2.628259E-02
  2.940000E-01  3.001959E-02
  2.950000E-01  3.372669E-02
  2.960000E-01  3.738015E-02
  2.970000E-01  4.095449E-02
  2.980000E-01  4.442301E-02
  2.990000E-01  4.775836E-02
  3.000000E-01  5.093320E-02
  3.010000E-01  5.392084E-02
  3.020000E-01  5.669591E-02
  3.030000E-01  5.923501E-02
  3.040000E-01  6.151733E-02
  3.050000E-01  6.352520E-02
  3.060000E-01  6.524463E-02
  3.070000E-01  6.666567E-02
  3.080000E-01  6.778277E-02
  3.090000E-01  6.859498E-02
  3.100000E-01  6.910606E-02
  3.110000E-01  6.932442E-02
  3.120000E-01  6.926301E-02
  3.130000E-01  6.893908E-02
  3.140000E-01  6.837379E-02
  3.150000E-01  6.759173E-02
  3.160000E-01  6.662041E-02
  3.170000E-01  6.548960E-02
  3.180000E-01  6.423066E-02
  3.190000E-01  6.287585E-02
  3.200000E-01  6.145752E-02
  3.210000E-01  6.000748E-02
  3.220000E-01  5.855619E-02
  3.230000E-01  5.713216E-02
  3.240000E-01  5.576133E-02
  3.250000E-01  5.446653E-02
  3.260000E-01  5.326701E-02
  3.270000E-01  5.217818E-02
  3.280000E-01  5.121129E-02
  3.290000E-01  5.037338E-02
  3.300000E-01  4.966724E-02
  3.310000E-01  4.909154E-02
  3.320000E-01  4.864106E-02
  3.330000E-01  4.830698E-02
  3.340000E-01  4.807733E-02
  3.350000E-01  4.793744E-02
  3.360000E-01  4.787051E-02
  3.370000E-01  4.785821E-02
  3.380000E-01  4.788124E-02
  3.390000E-01  4.792001E-02
  3.400000E-01  4.795521E-02
  3.410000E-01  4.796840E-02
  3.420000E-01  4.794253E-02
  3.430000E-01  4.786240E-02
  3.440000E-01  4.771509E-02
  3.450000E-01  4.749019E-02
  3.460000E-01  4.718010E-02
  3.470000E-01  4.678006E-02
  3.480000E-01  4.628825E-02
  3.490000E-01  4.570561E-02
  3.500000E-01  4.503575E-02
  3.510000E-01  4.428466E-02
  3.520000E-01  4.346035E-02
  3.530000E-01  4.257247E-02
  3.540000E-01  4.163187E-02
  3.550000E-01  4.065011E-02
  3.560000E-01  3.963897E-02
  3.570000E-01  3.860992E-02
  3.580000E-01  3.757369E-02
  3.590000E-01  3.653977E-02
  3.600000E-01  3.551604E-02
  3.610000E-01  3.450843E-02
  3.620000E-01  3.352062E-02
  3.630000E-01  3.255388E-02
  3.640000E-01  3.160694E-02
  3.650000E-01  3.067600E-02
  3.660000E-01  2.975479E-02
  3.670000E-01  2.883475E-02
  3.680000E-01  2.790524E-02
  3.690000E-01  2.695390E-02
  3.700000E-01  2.596702E-02
  3.710000E-01  2.492997E-02
  3.720000E-01  2.382770E-02
  3.730000E-01  2.264523E-02
  3.740000E-01  2.136815E-02
  3.750000E-01  1.998313E-02
  3.760000E-01  1.847844E-02
  3.770000E-01  1.684435E-02
  3.780000E-01  1.507352E-02
  3.790000E-01  1.316137E-02
  3.800000E-01  1.110634E-02
  3.810000E-01  8.910015E-03
  3.820000E-01  6.577278E-03
  3.830000E-01  4.116279E-03
  3.840000E-01  1.538365E-03
  3.850000E-01 -1.142099E-03
  3.860000E-01 -3.907980E-03
  3.870000E-01 -6.739706E-03
  3.880000E-01 -9.615659E-03
  3.890000E-01 -1.251262E-02
  3.900000E-01 -1.540626E-02
  3.910000E-01 -1.827165E-02
  3.920000E-01 -2.108379E-02
  3.930000E-01 -2.381813E-02
  3.940000E-01 -2.645110E-02
  3.950000E-01 -2.896055E-02
  3.960000E-01 -3.132622E-02
  3.970000E-01 -3.353012E-02
  3.980000E-01 -3.555683E-02
  3.990000E-01 -3.739377E-02
  4.000000E-01 -3.903134E-02
  4.010000E-01 -4.046307E-02
  4.020000E-01 -4.168558E-02
  4.030000E-01 -4.269852E-02
  4.040000E-01 -4.350448E-02
  4.050000E-01 -4.410872E-02
  4.060000E-01 -4.451895E-02
  4.070000E-01 -4.474496E-02
  4.080000E-01 -4.479833E-02
  4.090000E-01 -4.469196E-02
  4.100000E-01 -4.443973E-02
  4.110000E-01 -4.405606E-02
  4.120000E-01 -4.355549E-02
  4.130000E-01 -4.295236E-02
  4.140000E-01 -4.226035E-02
  4.150000E-01 -4.149229E-02
  4.160000E-01 -4.065978E-02
  4.170000E-01 -3.977305E-02
  4.180000E-01 -3.884077E-02
  4.190000E-01 -3.786999E-02
  4.200000E-01 -3.686605E-02
  4.210000E-01 -3.583266E-02
  4.220000E-01 -3.477198E-02
  4.230000E-01 -3.368472E-02
  4.240000E-01 -3.257037E-02
  4.250000E-01 -3.142740E-02
  4.260000E-01 -3.025352E-02
  4.270000E-01 -2.904594E-02
  4.280000E-01 -2.780167E-02
  4.290000E-01 -2.651781E-02
  4.300000E-01 -2.519181E-02
  4.310000E-01 -2.382174E-02
  4.320000E-01 -2.240651E-02
  4.330000E-01 -2.094608E-02
  4.340000E-01 -1.944162E-02
  4.350000E-01 -1.789559E-02
  4.360000E-01 -1.631184E-02
  4.370000E-01 -1.469562E-02
  4.380000E-01 -1.305352E-02
  4.390000E-01 -1.139339E-02
  4.400000E-01 -9.724216E-03
  4.410000E-01 -8.055951E-03
  4.420000E-01 -6.399289E-03
  4.430000E-01 -4.765442E-03
  4.440000E-01 -3.165874E-03
  4.450000E-01 -1.612031E-03
  4.460000E-01 -1.150636E-04
  4.470000E-01  1.314442E-03
  4.480000E-01  2.666728E-03
  4.490000E-01  3.933101E-03
  4.500000E-01  5.106151E-03
  4.510000E-01  6.179920E-03
  4.520000E-01  7.150054E-03
  4.530000E-01  8.013892E-03
  4.540000E-01  8.770523E-03
  4.550000E-01  9.420792E-03
  4.560000E-01  9.967257E-03
  4.570000E-01  1.041411E-02
  4.580000E-01  1.076705E-02
  4.590000E-01  1.103311E-02
  4.600000E-01  1.122048E-02
  4.610000E-01  1.133826E-02
  4.620000E-01  1.139624E-02
  4.630000E-01  1.140463E-02
  4.640000E-01  1.137381E-02
  4.650000E-01  1.131405E-02
  4.660000E-01  1.123530E-02
  4.670000E-01  1.114691E-02
  4.680000E-01  1.105746E-02
  4.690000E-01  1.097454E-02
  4.700000E-01  1.090463E-02
  4.710000E-01  1.085296E-02
  4.720000E-01  1.082347E-02
  4.730000E-01  1.081870E-02
  4.740000E-01  1.083988E-02
  4.750000E-01  1.088689E-02
  4.760000E-01  1.095838E-02
  4.770000E-01  1.105188E-02
  4.780000E-01  1.116391E-02
  4.790000E-01  1.129013E-02
  4.800000E-01  1.142557E-02
  4.810000E-01  1.156476E-02
  4.820000E-01  1.170199E-02
  4.830000E-01  1.183143E-02
  4.840000E-01  1.194739E-02
  4.850000E-01  1.204447E-02
  4.860000E-01  1.211773E-02
  4.870000E-01  1.216284E-02
  4.880000E-01  1.217618E-02
  4.890000E-01  1.215497E-02
  4.900000E-01  1.209730E-02
  4.910000E-01  1.200219E-02
  4.920000E-01  1.186956E-02
  4.930000E-01  1.170027E-02
  4.940000E-01  1.149598E-02
  4.950000E-01  1.125913E-02
  4.960000E-01  1.099284E-02
  4.970000E-01  1.070075E-02
  4.980000E-01  1.038692E-02
  4.990000E-01  1.005566E-02
  5.000000E-01  9.711403E-03
  5.010000E-01  9.358542E-03
  5.020000E-01  9.001275E-03
  5.030000E-01  8.643480E-03
  5.040000E-01  8.288579E-03
  5.050000E-01  7.939433E-03
  5.060000E-01  7.598248E-03
  5.070000E-01  7.266509E-03
  5.080000E-01  6.944931E-03
  5.090000E-01  6.633441E-03
  5.100000E-01  6.331181E-03
  5.110000E-01  6.036536E-03
  5.120000E-01  5.747188E-03
  5.130000E-01  5.460188E-03
  5.140000E-01  5.172052E-03
  5.150000E-01  4.878868E-03
  5.160000E-01  4.576420E-03
  5.170000E-01  4.260323E-03
  5.180000E-01  3.926159E-03
  5.190000E-01  3.569616E-03
  5.200000E-01  3.186629E-03
  5.210000E-01  2.773512E-03
  5.220000E-01  2.327079E-03
  5.230000E-01  1.844752E-03
  5.240000E-01  1.324661E-03
  5.250000E-01  7.657134E-04
  5.260000E-01  1.676514E-04
  5.270000E-01 -4.689119E-04
  5.280000E-01 -1.142482E-03
  5.290000E-01 -1.850694E-03
  5.300000E-01 -2.590343E-03
  5.310000E-01 -3.357438E-03
  5.320000E-01 -4.147274E-03
  5.330000E-01 -4.954520E-03
  5.340000E-01 -5.773329E-03
  5.350000E-01 -6.597444E-03
  5.360000E-01 -7.420333E-03
  5.370000E-01 -8.235315E-03
  5.380000E-01 -9.035693E-03
  5.390000E-01 -9.814887E-03
  5.400000E-01 -1.056656E-02
  5.410000E-01 -1.128476E-02
  5.420000E-01 -1.196397E-02
  5.430000E-01 -1.259930E-02
  5.440000E-01 -1.318649E-02
  5.450000E-01 -1.372201E-02
  5.460000E-01 -1.420311E-02
  5.470000E-01 -1.462785E-02
  5.480000E-01 -1.499511E-02
  5.490000E-01 -1.530459E-02
  5.500000E-01 -1.555678E-02
  5.510000E-01 -1.575290E-02
  5.520000E-01 -1.589488E-02
  5.530000E-01 -1.598527E-02
  5.540000E-01 -1.602714E-02
  5.550000E-01 -1.602401E-02
  5.560000E-01 -1.597973E-02
  5.570000E-01 -1.589839E-02
  5.580000E-01 -1.578420E-02
  5.590000E-01 -1.564138E-02
  5.600000E-01 -1.547408E-02
  5.610000E-01 -1.528623E-02
  5.620000E-01 -1.508152E-02
  5.630000E-01 -1.486324E-02
  5.640000E-01 -1.463428E-02
  5.650000E-01 -1.439705E-02
  5.660000E-01 -1.415340E-02
  5.670000E-01 -1.390468E-02
  5.680000E-01 -1.365165E-02
  5.690000E-01 -1.339453E-02
  5.700000E-01 -1.313301E-02
  5.710000E-01 -1.286631E-02
  5.720000E-01 -1.259318E-02
  5.730000E-01 -1.231203E-02
  5.740000E-01 -1.202095E-02
  5.750000E-01 -1.171783E-02
  5.760000E-01 -1.140040E-02
  5.770000E-01 -1.106640E-02
  5.780000E-01 -1.071360E-02
  5.790000E-01 -1.033993E-02
  5.800000E-01 -9.943565E-03
  5.810000E-01 -9.523003E-03
  5.820000E-01 -9.077140E-03
  5.830000E-01 -8.605336E-03
  5.840000E-01 -8.107464E-03
  5.850000E-01 -7.583951E-03
  5.860000E-01 -7.035797E-03
  5.870000E-01 -6.464586E-03
  5.880000E-01 -5.872472E-03
  5.890000E-01 -5.262158E-03
  5.900000E-01 -4.636851E-03
  5.910000E-01 -4.000209E-03
  5.920000E-01 -3.356273E-03
  5.930000E-01 -2.709382E-03
  5.940000E-01 -2.064085E-03
  5.950000E-01 -1.425043E-03
  5.960000E-01 -7.969255E-04
  5.970000E-01 -1.843026E-04
  5.980000E-01  4.084567E-04
  5.990000E-01  9.772889E-04
  6.000000E-01  1.518532E-03
  6.010000E-01  2.029013E-03
  6.020000E-01  2.506127E-03
  6.030000E-01  2.947898E-03
  6.040000E-01  3.353033E-03
  6.050000E-01  3.720952E-03
  6.060000E-01  4.051804E-03
  6.070000E-01  4.346469E-03
  6.080000E-01  4.606533E-03
  6.090000E-01  4.834253E-03
  6.100000E-01  5.032505E-03
  6.110000E-01  5.204708E-03
  6.120000E-01  5.354741E-03
  6.130000E-01  5.486851E-03
  6.140000E-01  5.605539E-03
  6.150000E-01  5.715452E-03
  6.160000E-01  5.821260E-03
  6.170000E-01  5.927543E-03
  6.180000E-01  6.038668E-03
  6.190000E-01  6.158678E-03
  6.200000E-01  6.291188E-03
  6.210000E-01  6.439289E-03
  6.220000E-01  6.605467E-03
  6.230000E-01  6.791539E-03
  6.240000E-01  6.998599E-03
  6.250000E-01  7.226991E-03
  6.260000E-01  7.476299E-03
  6.270000E-01  7.745348E-03
  6.280000E-01  8.032240E-03
  6.290000E-01  8.334395E-03
  6.300000E-01  8.648619E-03
  6.310000E-01  8.971180E-03
  6.320000E-01  9.297907E-03
  6.330000E-01  9.624292E-03
  6.340000E-01  9.945606E-03
  6.350000E-01  1.025702E-02
  6.360000E-01  1.055372E-02
  6.370000E-01  1.083105E-02
  6.380000E-01  1.108459E-02
  6.390000E-01  1.131032E-02
  6.400000E-01  1.150465E-02
  6.410000E-01  1.166458E-02
  6.420000E-01  1.178773E-02
  6.430000E-01  1.187238E-02
  6.440000E-01  1.191754E-02
  6.450000E-01  1.192297E-02
  6.460000E-01  1.188913E-02
  6.470000E-01  1.181720E-02
  6.480000E-01  1.170900E-02
  6.490000E-01  1.156698E-02
  6.500000E-01  1.139408E-02
  6.510000E-01  1.119370E-02
  6.520000E-01  1.096955E-02
  6.530000E-01  1.072558E-02
  6.540000E-01  1.046583E-02
  6.550000E-01  1.019432E-02
  6.560000E-01  9.914959E-03
  6.570000E-01  9.631408E-03
  6.580000E-01  9.346984E-03
  6.590000E-01  9.064569E-03
  6.600000E-01  8.786531E-03
  6.610000E-01  8.514660E-03
  6.620000E-01  8.250118E-03
  6.630000E-01  7.993419E-03
  6.640000E-01  7.744416E-03
  6.650000E-01  7.502316E-03
  6.660000E-01  7.265709E-03
  6.670000E-01  7.032619E-03
  6.680000E-01  6.800574E-03
  6.690000E-01  6.566683E-03
  6.700000E-01  6.327736E-03
  6.710000E-01  6.080306E-03
  6.720000E-01  5.820863E-03
  6.730000E-01  5.545892E-03
  6.740000E-01  5.252004E-03
  6.750000E-01  4.936059E-03
  6.760000E-01  4.595265E-03
  6.770000E-01  4.227286E-03
  6.780000E-01  3.830324E-03
  6.790000E-01  3.403194E-03
  6.800000E-01  2.945379E-03
  6.810000E-01  2.457074E-03
  6.820000E-01  1.939200E-03
  6.830000E-01  1.393405E-03
  6.840000E-01  8.220503E-04
  6.850000E-01  2.281631E-04
  6.860000E-01 -3.846134E-04
  6.870000E-01 -1.012096E-03
  6.880000E-01 -1.649648E-03
  6.890000E-01 -2.292279E-03
  6.900000E-01 -2.934754E-03
  6.910000E-01 -3.571704E-03
  6.920000E-01 -4.197752E-03
  6.930000E-01 -4.807621E-03
  6.940000E-01 -5.396255E-03
  6.950000E-01 -5.958926E-03
  6.960000E-01 -6.491330E-03
  6.970000E-01 -6.989677E-03
  6.980000E-01 -7.450763E-03
  6.990000E-01 -7.872028E-03
  7.000000E-01 -8.251597E-03
  7.010000E-01 -8.588303E-03
  7.020000E-01 -8.881690E-03
  7.030000E-01 -9.132004E-03
  7.040000E-01 -9.340157E-03
  7.050000E-01 -9.507684E-03
  7.060000E-01 -9.636684E-03
  7.070000E-01 -9.729739E-03
  7.080000E-01 -9.789838E-03
  7.090000E-01 -9.820280E-03
  7.100000E-01 -9.824578E-03
  7.110000E-01 -9.806362E-03
  7.120000E-01 -9.769276E-03
  7.130000E-01 -9.716884E-03
  7.140000E-01 -9.652580E-03
  7.150000E-01 -9.579506E-03
  7.160000E-01 -9.500477E-03
  7.170000E-01 -9.417925E-03
  7.180000E-01 -9.333846E-03
  7.190000E-01 -9.249775E-03
  7.200000E-01 -9.166758E-03
  7.210000E-01 -9.085358E-03
  7.220000E-01 -9.005659E-03
  7.230000E-01 -8.927297E-03
  7.240000E-01 -8.849493E-03
  7.250000E-01 -8.771105E-03
  7.260000E-01 -8.690685E-03
  7.270000E-01 -8.606547E-03
  7.280000E-01 -8.516838E-03
  7.290000E-01 -8.419613E-03
  7.300000E-01 -8.312910E-03
  7.310000E-01 -8.194827E-03
  7.320000E-01 -8.063589E-03
  7.330000E-01 -7.917618E-03
  7.340000E-01 -7.755587E-03
  7.350000E-01 -7.576472E-03
  7.360000E-01 -7.379590E-03
  7.370000E-01 -7.164627E-03
  7.380000E-01 -6.931651E-03
  7.390000E-01 -6.681124E-03
  7.400000E-01 -6.413885E-03
  7.410000E-01 -6.131138E-03
  7.420000E-01 -5.834422E-03
  7.430000E-01 -5.525568E-03
  7.440000E-01 -5.206660E-03
  7.450000E-01 -4.879973E-03
  7.460000E-01 -4.547922E-03
  7.470000E-01 -4.212998E-03
  7.480000E-01 -3.877704E-03
  7.490000E-01 -3.544499E-03
  7.500000E-01 -3.215733E-03
  7.510000E-01 -2.893595E-03
  7.520000E-01 -2.580063E-03
  7.530000E-01 -2.276858E-03
  7.540000E-01 -1.985417E-03
  7.550000E-01 -1.706856E-03
  7.560000E-01 -1.441962E-03
  7.570000E-01 -1.191183E-03
  7.580000E-01 -9.546266E-04
  7.590000E-01 -7.320762E-04
  7.600000E-01 -5.230078E-04
  7.610000E-01 -3.266187E-04
  7.620000E-01 -1.418622E-04
  7.630000E-01  3.251209E-05
  7.640000E-01  1.979138E-04
  7.650000E-01  3.558635E-04
  7.660000E-01  5.079437E-04
  7.670000E-01  6.557490E-04
  7.680000E-01  8.008378E-04
  7.690000E-01  9.446865E-04
  7.700000E-01  1.088647E-03
  7.710000E-01  1.233912E-03
  7.720000E-01  1.381478E-03
  7.730000E-01  1.532126E-03
  7.740000E-01  1.686403E-03
  7.750000E-01  1.844606E-03
  7.760000E-01  2.006785E-03
  7.770000E-01  2.172744E-03
  7.780000E-01  2.342052E-03
  7.790000E-01  2.514060E-03
  7.800000E-01  2.687925E-03
  7.810000E-01  2.862639E-03
  7.820000E-01  3.037057E-03
  7.830000E-01  3.209934E-03
  7.840000E-01  3.379964E-03
  7.850000E-01  3.545811E-03
  7.860000E-01  3.706151E-03
  7.870000E-01  3.859707E-03
  7.880000E-01  4.005279E-03
  7.890000E-01  4.141775E-03
  7.900000E-01  4.268238E-03
  7.910000E-01  4.383866E-03
  7.920000E-01  4.488027E-03
  7.930000E-01  4.580272E-03
  7.940000E-01  4.660342E-03
  7.950000E-01  4.728164E-03
  7.960000E-01  4.783846E-03
  7.970000E-01  4.827675E-03
  7.980000E-01  4.860092E-03
  7.990000E-01  4.881683E-03
  8.000000E-01  4.893154E-03
  8.010000E-01  4.895309E-03
  8.020000E-01  4.889022E-03
  8.030000E-01  4.875218E-03
  8.040000E-01  4.854840E-03
  8.050000E-01  4.828828E-03
  8.060000E-01  4.798095E-03
  8.070000E-01  4.763503E-03
  8.080000E-01  4.725847E-03
  8.090000E-01  4.685834E-03
  8.100000E-01  4.644076E-03
  8.110000E-01  4.601075E-03
  8.120000E-01  4.557220E-03
  8.130000E-01  4.512785E-03
  8.140000E-01  4.467929E-03
  8.150000E-01  4.422700E-03
  8.160000E-01  4.377045E-03
  8.170000E-01  4.330818E-03
  8.180000E-01  4.283793E-03
  8.190000E-01  4.235678E-03
  8.200000E-01  4.186133E-03
  8.210000E-01  4.134780E-03
  8.220000E-01  4.081227E-03
  8.230000E-01  4.025077E-03
  8.240000E-01  3.965951E-03
  8.250000E-01  3.903496E-03
  8.260000E-01  3.837402E-03
  8.270000E-01  3.767413E-03
  8.280000E-01  3.693333E-03
  8.290000E-01  3.615040E-03
  8.300000E-01  3.532485E-03
  8.310000E-01  3.445697E-03
  8.320000E-01  3.354785E-03
  8.330000E-01  3.259933E-03
  8.340000E-01  3.161399E-03
  8.350000E-01  3.059504E-03
  8.360000E-01  2.954632E-03
  8.370000E-01  2.847213E-03
  8.380000E-01  2.737715E-03
  8.390000E-01  2.626634E-03
  8.400000E-01  2.514480E-03
  8.410000E-01  2.401765E-03
  8.420000E-01  2.288987E-03
  8.430000E-01  2.176625E-03
  8.440000E-01  2.065120E-03
  8.450000E-01  1.954869E-03
  8.460000E-01  1.846213E-03
  8.470000E-01  1.739431E-03
  8.480000E-01  1.634734E-03
  8.490000E-01  1.532258E-03
  8.500000E-01  1.432064E-03
  8.510000E-01  1.334138E-03
  8.520000E-01  1.238390E-03
  8.530000E-01  1.144661E-03
  8.540000E-01  1.052727E-03
  8.550000E-01  9.623050E-04
  8.560000E-01  8.730667E-04
  8.570000E-01  7.846454E-04
  8.580000E-01  6.966500E-04
  8.590000E-01  6.086772E-04
  8.600000E-01  5.203257E-04
  8.610000E-01  4.312101E-04
  8.620000E-01  3.409750E-04
  8.630000E-01  2.493088E-04
  8.640000E-01  1.559565E-04
  8.650000E-01  6.073152E-05
  8.660000E-01 -3.647352E-05
  8.670000E-01 -1.356783E-04
  8.680000E-01 -2.368080E-04
  8.690000E-01 -3.396888E-04
  8.700000E-01 -4.440456E-04
  8.710000E-01 -5.495028E-04
  8.720000E-01 -6.555873E-04
  8.730000E-01 -7.617339E-04
  8.740000E-01 -8.672942E-04
  8.750000E-01 -9.715471E-04
  8.760000E-01 -1.073712E-03
  8.770000E-01 -1.172964E-03
  8.780000E-01 -1.268451E-03
  8.790000E-01 -1.359313E-03
  8.800000E-01 -1.444698E-03
  8.810000E-01 -1.523786E-03
  8.820000E-01 -1.595809E-03
  8.830000E-01 -1.660067E-03
  8.840000E-01 -1.715952E-03
  8.850000E-01 -1.762958E-03
  8.860000E-01 -1.800706E-03
  8.870000E-01 -1.828949E-03
  8.880000E-01 -1.847587E-03
  8.890000E-01 -1.856672E-03
  8.900000E-01 -1.856412E-03
  8.910000E-01 -1.847171E-03
  8.920000E-01 -1.829467E-03
  8.930000E-01 -1.803961E-03
  8.940000E-01 -1.771448E-03
  8.950000E-01 -1.732840E-03
  8.960000E-01 -1.689150E-03
  8.970000E-01 -1.641467E-03
  8.980000E-01 -1.590934E-03
  8.990000E-01 -1.538719E-03
  9.000000E-01 -1.485993E-03
  9.010000E-01 -1.433893E-03
  9.020000E-01 -1.383503E-03
  9.030000E-01 -1.335819E-03
  9.040000E-01 -1.291724E-03
  9.050000E-01 -1.251969E-03
  9.060000E-01 -1.217146E-03
  9.070000E-01 -1.187676E-03
  9.080000E-01 -1.163792E-03
  9.090000E-01 -1.145534E-03
  9.100000E-01 -1.132743E-03
  9.110000E-01 -1.125070E-03
  9.120000E-01 -1.121973E-03
  9.130000E-01 -1.122741E-03
  9.140000E-01 -1.126506E-03
  9.150000E-01 -1.132267E-03
  9.160000E-01 -1.138919E-03
  9.170000E-01 -1.145281E-03
  9.180000E-01 -1.150132E-03
  9.190000E-01 -1.152246E-03
  9.200000E-01 -1.150426E-03
  9.210000E-01 -1.143540E-03
  9.220000E-01 -1.130561E-03
  9.230000E-01 -1.110591E-03
  9.240000E-01 -1.082898E-03
  9.250000E-01 -1.046935E-03
  9.260000E-01 -1.002367E-03
  9.270000E-01 -9.490800E-04
  9.280000E-01 -8.871914E-04
  9.290000E-01 -8.170540E-04
  9.300000E-01 -7.392497E-04
  9.310000E-01 -6.545794E-04
  9.320000E-01 -5.640449E-04
  9.330000E-01 -4.688263E-04
  9.340000E-01 -3.702523E-04
  9.350000E-01 -2.697674E-04
  9.360000E-01 -1.688938E-04
  9.370000E-01 -6.919186E-05
  9.380000E-01  2.778186E-05
  9.390000E-01  1.205170E-04
  9.400000E-01  2.075909E-04
  9.410000E-01  2.877080E-04
  9.420000E-01  3.597369E-04
  9.430000E-01  4.227422E-04
  9.440000E-01  4.760121E-04
  9.450000E-01  5.190794E-04
  9.460000E-01  5.517361E-04
  9.470000E-01  5.740406E-04
  9.480000E-01  5.863176E-04
  9.490000E-01  5.891499E-04
  9.500000E-01  5.833636E-04
  9.510000E-01  5.700052E-04
  9.520000E-01  5.503125E-04
  9.530000E-01  5.256800E-04
  9.540000E-01  4.976189E-04
  9.550000E-01  4.677133E-04
  9.560000E-01  4.375741E-04
  9.570000E-01  4.087913E-04
  9.580000E-01  3.828867E-04
  9.590000E-01  3.612675E-04
  9.600000E-01  3.451830E-04
  9.610000E-01  3.356853E-04
  9.620000E-01  3.335957E-04
  9.630000E-01  3.394762E-04
  9.640000E-01  3.536100E-04
  9.650000E-01  3.759881E-04
  9.660000E-01  4.063054E-04
  9.670000E-01  4.439647E-04
  9.680000E-01  4.880900E-04
  9.690000E-01  5.375469E-04
  9.700000E-01  5.909717E-04
  9.710000E-01  6.468069E-04
  9.720000E-01  7.033431E-04
  9.730000E-01  7.587653E-04
  9.740000E-01  8.112035E-04
  9.750000E-01  8.587849E-04
  9.760000E-01  8.996868E-04
  9.770000E-01  9.321893E-04
  9.780000E-01  9.547253E-04
  9.790000E-01  9.659267E-04
  9.800000E-01  9.646654E-04
  9.810000E-01  9.500890E-04
  9.820000E-01  9.216476E-04
  9.830000E-01  8.791142E-04
  9.840000E-01  8.225945E-04
  9.850000E-01  7.525294E-04
  9.860000E-01  6.696869E-04
  9.870000E-01  5.751459E-04
  9.880000E-01  4.702703E-04
  9.890000E-01  3.566763E-04
  9.900000E-01  2.361920E-04
  9.910000E-01  1.108106E-04
  9.920000E-01 -1.736025E-05
  9.930000E-01 -1.461530E-04
  9.940000E-01 -2.733962E-04
  9.950000E-01 -3.969714E-04
  9.960000E-01 -5.148673E-04
  9.970000E-01 -6.252324E-04
  9.980000E-01 -7.264222E-04
  9.990000E-01 -8.170409E-04
  1.000000E+00 -8.959763E-04
  1.001000E+00 -9.624264E-04
  1.002000E+00 -1.015917E-03
  1.003000E+00 -1.056311E-03
  1.004000E+00 -1.083807E-03
  1.005000E+00 -1.098929E-03
  1.006000E+00 -1.102508E-03
  1.007000E+00 -1.095652E-03
  1.008000E+00 -1.079712E-03
  1.009000E+00 -1.056241E-03
  1.010000E+00 -1.026943E-03
  1.011000E+00 -9.936216E-04
  1.012000E+00 -9.581303E-04
  1.013000E+00 -9.223117E-04
  1.014000E+00 -8.879461E-04
  1.015000E+00 -8.566984E-04
  1.016000E+00 -8.300695E-04
  1.017000E+00 -8.093533E-04
  1.018000E+00 -7.955992E-04
  1.019000E+00 -7.895831E-04
  1.020000E+00 -7.917859E-04
  1.021000E+00 -8.023812E-04
  1.022000E+00 -8.212320E-04
  1.023000E+00 -8.478971E-04
  1.024000E+00 -8.816461E-04
  1.025000E+00 -9.214830E-04
  1.026000E+00 -9.661781E-04
  1.027000E+00 -1.014306E-03
  1.028000E+00 -1.064291E-03
  1.029000E+00 -1.114453E-03
  1.030000E+00 -1.163062E-03
  1.031000E+00 -1.208389E-03
  1.032000E+00 -1.248759E-03
  1.033000E+00 -1.282603E-03
  1.034000E+00 -1.308505E-03
  1.035000E+00 -1.325242E-03
  1.036000E+00 -1.331829E-03
  1.037000E+00 -1.327541E-03
  1.038000E+00 -1.311940E-03
  1.039000E+00 -1.284888E-03
  1.040000E+00 -1.246552E-03
  1.041000E+00 -1.197402E-03
  1.042000E+00 -1.138195E-03
  1.043000E+00 -1.069958E-03
  1.044000E+00 -9.939583E-04
  1.045000E+00 -9.116670E-04
  1.046000E+00 -8.247197E-04
  1.047000E+00 -7.348702E-04
  1.048000E+00 -6.439417E-04
  1.049000E+00 -5.537768E-04
  1.050000E+00 -4.661864E-04
  1.051000E+00 -3.829002E-04
  1.052000E+00 -3.055196E-04
  1.053000E+00 -2.354749E-04
  1.054000E+00 -1.739873E-04
  1.055000E+00 -1.220372E-04
  1.056000E+00 -8.033926E-05
  1.057000E+00 -4.932549E-05
  1.058000E+00 -2.913636E-05
  1.059000E+00 -1.961994E-05
  1.060000E+00 -2.033938E-05
  1.061000E+00 -3.058826E-05
  1.062000E+00 -4.941333E-05
  1.063000E+00 -7.564386E-05
  1.064000E+00 -1.079267E-04
  1.065000E+00 -1.447662E-04
  1.066000E+00 -1.845671E-04
  1.067000E+00 -2.256805E-04
  1.068000E+00 -2.664500E-04
  1.069000E+00 -3.052576E-04
  1.070000E+00 -3.405682E-04
  1.071000E+00 -3.709710E-04
  1.072000E+00 -3.952168E-04
  1.073000E+00 -4.122505E-04
  1.074000E+00 -4.212375E-04
  1.075000E+00 -4.215839E-04
  1.076000E+00 -4.129495E-04
  1.077000E+00 -3.952537E-04
  1.078000E+00 -3.686744E-04
  1.079000E+00 -3.336391E-04
  1.080000E+00 -2.908107E-04
  1.081000E+00 -2.410654E-04
  1.082000E+00 -1.854669E-04
  1.083000E+00 -1.252349E-04
  1.084000E+00 -6.171031E-05
  1.085000E+00  3.681542E-06
  1.086000E+00  6.946993E-05
  1.087000E+00  1.341776E-04
  1.088000E+00  1.963591E-04
  1.089000E+00  2.546371E-04
  1.090000E+00  3.077364E-04
  1.091000E+00  3.545140E-04
  1.092000E+00  3.939846E-04
  1.093000E+00  4.253422E-04
  1.094000E+00  4.479749E-04
  1.095000E+00  4.614754E-04
  1.096000E+00  4.656449E-04
  1.097000E+00  4.604915E-04
  1.098000E+00  4.462235E-04
  1.099000E+00  4.232373E-04
  1.100000E+00  3.921005E-04
  1.101000E+00  3.535312E-04
  1.102000E+00  3.083744E-04
  1.103000E+00  2.575747E-04
  1.104000E+00  2.021487E-04
  1.105000E+00  1.431556E-04
  1.106000E+00  8.166803E-05
  1.107000E+00  1.874346E-05
  1.108000E+00 -4.460221E-05
  1.109000E+00 -1.074195E-04
  1.110000E+00 -1.688467E-04
  1.111000E+00 -2.281285E-04
  1.112000E+00 -2.846301E-04
  1.113000E+00 -3.378481E-04
  1.114000E+00 -3.874159E-04
  1.115000E+00 -4.331067E-04
  1.116000E+00 -4.748307E-04
  1.117000E+00 -5.126290E-04
  1.118000E+00 -5.466647E-04
  1.119000E+00 -5.772094E-04
  1.120000E+00 -6.046283E-04
  1.121000E+00 -6.293625E-04
  1.122000E+00 -6.519100E-04
  1.123000E+00 -6.728060E-04
  1.124000E+00 -6.926024E-04
  1.125000E+00 -7.118481E-04
  1.126000E+00 -7.310701E-04
  1.127000E+00 -7.507561E-04
  1.128000E+00 -7.713384E-04
  1.129000E+00 -7.931811E-04
  1.130000E+00 -8.165687E-04
  1.131000E+00 -8.416989E-04
  1.132000E+00 -8.686767E-04
  1.133000E+00 -8.975128E-04
  1.134000E+00 -9.281243E-04
  1.135000E+00 -9.603382E-04
  1.136000E+00 -9.938974E-04
  1.137000E+00 -1.028469E-03
  1.138000E+00 -1.063656E-03
  1.139000E+00 -1.099005E-03
  1.140000E+00 -1.134024E-03
  1.141000E+00 -1.168194E-03
  1.142000E+00 -1.200983E-03
  1.143000E+00 -1.231859E-03
  1.144000E+00 -1.260305E-03
  1.145000E+00 -1.285832E-03
  1.146000E+00 -1.307987E-03
  1.147000E+00 -1.326369E-03
  1.148000E+00 -1.340630E-03
  1.149000E+00 -1.350489E-03
  1.150000E+00 -1.355732E-03
  1.151000E+00 -1.356214E-03
  1.152000E+00 -1.351863E-03
  1.153000E+00 -1.342678E-03
  1.154000E+00 -1.328722E-03
  1.155000E+00 -1.310123E-03
  1.156000E+00 -1.287064E-03
  1.157000E+00 -1.259776E-03
  1.158000E+00 -1.228531E-03
  1.159000E+00 -1.193634E-03
  1.160000E+00 -1.155407E-03
  1.161000E+00 -1.114190E-03
  1.162000E+00 -1.070321E-03
  1.163000E+00 -1.024135E-03
  1.164000E+00 -9.759516E-04
  1.165000E+00 -9.260683E-04
  1.166000E+00 -8.747545E-04
  1.167000E+00 -8.222462E-04
  1.168000E+00 -7.687419E-04
  1.169000E+00 -7.144001E-04
  1.170000E+00 -6.593379E-04
  1.171000E+00 -6.036311E-04
  1.172000E+00 -5.473155E-04
  1.173000E+00 -4.903895E-04
  1.174000E+00 -4.328172E-04
  1.175000E+00 -3.745331E-04
  1.176000E+00 -3.154470E-04
  1.177000E+00 -2.554500E-04
  1.178000E+00 -1.944198E-04
  1.179000E+00 -1.322276E-04
  1.180000E+00 -6.874421E-05
  1.181000E+00 -3.845691E-06
  1.182000E+00  6.258039E-05
  1.183000E+00  1.306298E-04
  1.184000E+00  2.003771E-04
  1.185000E+00  2.718710E-04
  1.186000E+00  3.451316E-04
  1.187000E+00  4.201477E-04
  1.188000E+00  4.968752E-04
  1.189000E+00  5.752363E-04
  1.190000E+00  6.551199E-04
  1.191000E+00  7.363825E-04
  1.192000E+00  8.188502E-04
  1.193000E+00  9.023214E-04
  1.194000E+00  9.865704E-04
  1.195000E+00  1.071351E-03
  1.196000E+00  1.156401E-03
  1.197000E+00  1.241448E-03
  1.198000E+00  1.326214E-03
  1.199000E+00  1.410419E-03
  1.200000E+00  1.493791E-03
  1.201000E+00  1.576064E-03
  1.202000E+00  1.656991E-03
  1.203000E+00  1.736341E-03
  1.204000E+00  1.813908E-03
  1.205000E+00  1.889512E-03
  1.206000E+00  1.963002E-03
  1.207000E+00  2.034261E-03
  1.208000E+00  2.103204E-03
  1.209000E+00  2.169778E-03
  1.210000E+00  2.233967E-03
  1.211000E+00  2.295787E-03
  1.212000E+00  2.355287E-03
  1.213000E+00  2.412546E-03
  1.214000E+00  2.467671E-03
  1.215000E+00  2.520795E-03
  1.216000E+00  2.572070E-03
  1.217000E+00  2.621668E-03
  1.218000E+00  2.669775E-03
  1.219000E+00  2.716582E-03
  1.220000E+00  2.762289E-03
  1.221000E+00  2.807092E-03
  1.222000E+00  2.851184E-03
  1.223000E+00  2.894747E-03
  1.224000E+00  2.937950E-03
  1.225000E+00  2.980943E-03
  1.226000E+00  3.023854E-03
  1.227000E+00  3.066786E-03
  1.228000E+00  3.109816E-03
  1.229000E+00  3.152991E-03
  1.230000E+00  3.196326E-03
  1.231000E+00  3.239807E-03
  1.232000E+00  3.283388E-03
  1.233000E+00  3.326996E-03
  1.234000E+00  3.370529E-03
  1.235000E+00  3.413862E-03
  1.236000E+00  3.456851E-03
  1.237000E+00  3.499332E-03
  1.238000E+00  3.541135E-03
  1.239000E+00  3.582083E-03
  1.240000E+00  3.621996E-03
  1.241000E+00  3.660706E-03
  1.242000E+00  3.698051E-03
  1.243000E+00  3.733890E-03
  1.244000E+00  3.768102E-03
  1.245000E+00  3.800596E-03
  1.246000E+00  3.831308E-03
  1.247000E+00  3.860208E-03
  1.248000E+00  3.887303E-03
  1.249000E+00  3.912633E-03
  1.250000E+00  3.936274E-03
  1.251000E+00  3.958334E-03
  1.252000E+00  3.978953E-03
  1.253000E+00  3.998295E-03
  1.254000E+00  4.016547E-03
  1.255000E+00  4.033908E-03
  1.256000E+00  4.050587E-03
  1.257000E+00  4.066794E-03
  1.258000E+00  4.082731E-03
  1.259000E+00  4.098587E-03
  1.260000E+00  4.114527E-03
  1.261000E+00  4.130688E-03
  1.262000E+00  4.147171E-03
  1.263000E+00  4.164039E-03
  1.264000E+00  4.181305E-03
  1.265000E+00  4.198937E-03
  1.266000E+00  4.216852E-03
  1.267000E+00  4.234918E-03
  1.268000E+00  4.252954E-03
  1.269000E+00  4.270735E-03
  1.270000E+00  4.287993E-03
  1.271000E+00  4.304429E-03
  1.272000E+00  4.319716E-03
  1.273000E+00  4.333506E-03
  1.274000E+00  4.345446E-03
  1.275000E+00  4.355181E-03
  1.276000E+00  4.362365E-03
  1.277000E+00  4.366674E-03
  1.278000E+00  4.367812E-03
  1.279000E+00  4.365521E-03
  1.280000E+00  4.359591E-03
  1.281000E+00  4.349862E-03
  1.282000E+00  4.336234E-03
  1.283000E+00  4.318667E-03
  1.284000E+00  4.297186E-03
  1.285000E+00  4.271882E-03
  1.286000E+00  4.242908E-03
  1.287000E+00  4.210480E-03
  1.288000E+00  4.174869E-03
  1.289000E+00  4.136397E-03
  1.290000E+00  4.095432E-03
  1.291000E+00  4.052375E-03
  1.292000E+00  4.007656E-03
  1.293000E+00  3.961720E-03
  1.294000E+00  3.915018E-03
  1.295000E+00  3.867999E-03
  1.296000E+00  3.821095E-03
  1.297000E+00  3.774717E-03
  1.298000E+00  3.729241E-03
  1.299000E+00  3.685002E-03
  1.300000E+00  3.642284E-03
  1.301000E+00  3.601319E-03
  1.302000E+00  3.562280E-03
  1.303000E+00  3.525275E-03
  1.304000E+00  3.490352E-03
  1.305000E+00  3.457495E-03
  1.306000E+00  3.426629E-03
  1.307000E+00  3.397622E-03
  1.308000E+00  3.370291E-03
  1.309000E+00  3.344411E-03
  1.310000E+00  3.319720E-03
  1.311000E+00  3.295931E-03
  1.312000E+00  3.272740E-03
  1.313000E+00  3.249839E-03
  1.314000E+00  3.226923E-03
  1.315000E+00  3.203701E-03
  1.316000E+00  3.179911E-03
  1.317000E+00  3.155318E-03
  1.318000E+00  3.129735E-03
  1.319000E+00  3.103016E-03
  1.320000E+00  3.075072E-03
  1.321000E+00  3.045867E-03
  1.322000E+00  3.015420E-03
  1.323000E+00  2.983805E-03
  1.324000E+00  2.951151E-03
  1.325000E+00  2.917631E-03
  1.326000E+00  2.883460E-03
  1.327000E+00  2.848888E-03
  1.328000E+00  2.814187E-03
  1.329000E+00  2.779646E-03
  1.330000E+00  2.745554E-03
  1.331000E+00  2.712197E-03
  1.332000E+00  2.679842E-03
  1.333000E+00  2.648727E-03
  1.334000E+00  2.619053E-03
  1.335000E+00  2.590975E-03
  1.336000E+00  2.564597E-03
  1.337000E+00  2.539963E-03
  1.338000E+00  2.517057E-03
  1.339000E+00  2.495798E-03
  1.340000E+00  2.476045E-03
  1.341000E+00  2.457597E-03
  1.342000E+00  2.440198E-03
  1.343000E+00  2.423545E-03
  1.344000E+00  2.407294E-03
  1.345000E+00  2.391070E-03
  1.346000E+00  2.374481E-03
  1.347000E+00  2.357125E-03
  1.348000E+00  2.338603E-03
  1.349000E+00  2.318534E-03
  1.350000E+00  2.296562E-03
  1.351000E+00  2.272369E-03
  1.352000E+00  2.245684E-03
  1.353000E+00  2.216291E-03
  1.354000E+00  2.184037E-03
  1.355000E+00  2.148834E-03
  1.356000E+00  2.110662E-03
  1.357000E+00  2.069572E-03
  1.358000E+00  2.025681E-03
  1.359000E+00  1.979171E-03
  1.360000E+00  1.930280E-03
  1.361000E+00  1.879300E-03
  1.362000E+00  1.826561E-03
  1.363000E+00  1.772429E-03
  1.364000E+00  1.717286E-03
  1.365000E+00  1.661527E-03
  1.366000E+00  1.605543E-03
  1.367000E+00  1.549711E-03
  1.368000E+00  1.494383E-03
  1.369000E+00  1.439877E-03
  1.370000E+00  1.386465E-03
  1.371000E+00  1.334369E-03
  1.372000E+00  1.283752E-03
  1.373000E+00  1.234716E-03
  1.374000E+00  1.187301E-03
  1.375000E+00  1.141479E-03
  1.376000E+00  1.097165E-03
  1.377000E+00  1.054211E-03
  1.378000E+00  1.012417E-03
  1.379000E+00  9.715363E-04
  1.380000E+00  9.312834E-04
  1.381000E+00  8.913431E-04
  1.382000E+00  8.513803E-04
  1.383000E+00  8.110504E-04
  1.384000E+00  7.700092E-04
  1.385000E+00  7.279234E-04
  1.386000E+00  6.844802E-04
  1.387000E+00  6.393961E-04
  1.388000E+00  5.924247E-04
  1.389000E+00  5.433639E-04
  1.390000E+00  4.920607E-04
  1.391000E+00  4.384152E-04
  1.392000E+00  3.823830E-04
  1.393000E+00  3.239757E-04
  1.394000E+00  2.632598E-04
  1.395000E+00  2.003540E-04
  1.396000E+00  1.354251E-04
  1.397000E+00  6.868272E-05
  1.398000E+00  3.720710E-07
  1.399000E+00 -6.923341E-05
  1.400000E+00 -1.398407E-04
  1.401000E+00 -2.111460E-04
  1.402000E+00 -2.828443E-04
  1.403000E+00 -3.546378E-04
  1.404000E+00 -4.262455E-04
  1.405000E+00 -4.974104E-04
  1.406000E+00 -5.679075E-04
  1.407000E+00 -6.375495E-04
  1.408000E+00 -7.061917E-04
  1.409000E+00 -7.737356E-04
  1.410000E+00 -8.401307E-04
  1.411000E+00 -9.053753E-04
  1.412000E+00 -9.695151E-04
  1.413000E+00 -1.032641E-03
  1.414000E+00 -1.094884E-03
  1.415000E+00 -1.156413E-03
  1.416000E+00 -1.217425E-03
  1.417000E+00 -1.278141E-03
  1.418000E+00 -1.338795E-03
  1.419000E+00 -1.399631E-03
  1.420000E+00 -1.460889E-03
  1.421000E+00 -1.522802E-03
  1.422000E+00 -1.585583E-03
  1.423000E+00 -1.649423E-03
  1.424000E+00 -1.714483E-03
  1.425000E+00 -1.780884E-03
  1.426000E+00 -1.848710E-03
  1.427000E+00 -1.917998E-03
  1.428000E+00 -1.988741E-03
  1.429000E+00 -2.060885E-03
  1.430000E+00 -2.134326E-03
  1.431000E+00 -2.208921E-03
  1.432000E+00 -2.284479E-03
  1.433000E+00 -2.360774E-03
  1.434000E+00 -2.437545E-03
  1.435000E+00 -2.514505E-03
  1.436000E+00 -2.591341E-03
  1.437000E+00 -2.667727E-03
  1.438000E+00 -2.743329E-03
  1.439000E+00 -2.817806E-03
  1.440000E+00 -2.890828E-03
  1.441000E+00 -2.962072E-03
  1.442000E+00 -3.031233E-03
  1.443000E+00 -3.098031E-03
  1.444000E+00 -3.162211E-03
  1.445000E+00 -3.223554E-03
  1.446000E+00 -3.281875E-03
  1.447000E+00 -3.337027E-03
  1.448000E+00 -3.388906E-03
  1.449000E+00 -3.437449E-03
  1.450000E+00 -3.482635E-03
  1.451000E+00 -3.524484E-03
  1.452000E+00 -3.563056E-03
  1.453000E+00 -3.598450E-03
  1.454000E+00 -3.630799E-03
  1.455000E+00 -3.660270E-03
  1.456000E+00 -3.687057E-03
  1.457000E+00 -3.711380E-03
  1.458000E+00 -3.733476E-03
  1.459000E+00 -3.753601E-03
  1.460000E+00 -3.772020E-03
  1.461000E+00 -3.789005E-03
  1.462000E+00 -3.804829E-03
  1.463000E+00 -3.819763E-03
  1.464000E+00 -3.834068E-03
  1.465000E+00 -3.847997E-03
  1.466000E+00 -3.861785E-03
  1.467000E+00 -3.875648E-03
  1.468000E+00 -3.889780E-03
  1.469000E+00 -3.904351E-03
  1.470000E+00 -3.919500E-03
  1.471000E+00 -3.935341E-03
  1.472000E+00 -3.951952E-03
  1.473000E+00 -3.969380E-03
  1.474000E+00 -3.987640E-03
  1.475000E+00 -4.006711E-03
  1.476000E+00 -4.026540E-03
  1.477000E+00 -4.047043E-03
  1.478000E+00 -4.068100E-03
  1.479000E+00 -4.089566E-03
  1.480000E+00 -4.111267E-03
  1.481000E+00 -4.133003E-03
  1.482000E+00 -4.154554E-03
  1.483000E+00 -4.175683E-03
  1.484000E+00 -4.196138E-03
  1.485000E+00 -4.215658E-03
  1.486000E+00 -4.233978E-03
  1.487000E+00 -4.250831E-03
  1.488000E+00 -4.265957E-03
  1.489000E+00 -4.279104E-03
  1.490000E+00 -4.290037E-03
  1.491000E+00 -4.298537E-03
  1.492000E+00 -4.304410E-03
  1.493000E+00 -4.307491E-03
  1.494000E+00 -4.307645E-03
  1.495000E+00 -4.304770E-03
  1.496000E+00 -4.298802E-03
  1.497000E+00 -4.289715E-03
  1.498000E+00 -4.277523E-03
  1.499000E+00 -4.262277E-03
  1.500000E+00 -4.244068E-03
  1.501000E+00 -4.223022E-03
  1.502000E+00 -4.199300E-03
  1.503000E+00 -4.173095E-03
  1.504000E+00 -4.144625E-03
  1.505000E+00 -4.114129E-03
  1.506000E+00 -4.081866E-03
  1.507000E+00 -4.048103E-03
  1.508000E+00 -4.013116E-03
  1.509000E+00 -3.977178E-03
  1.510000E+00 -3.940557E-03
  1.511000E+00 -3.903510E-03
  1.512000E+00 -3.866278E-03
  1.513000E+00 -3.829083E-03
  1.514000E+00 -3.792121E-03
  1.515000E+00 -3.755564E-03
  1.516000E+00 -3.719556E-03
  1.517000E+00 -3.684212E-03
  1.518000E+00 -3.649620E-03
  1.519000E+00 -3.615843E-03
  1.520000E+00 -3.582918E-03
  1.521000E+00 -3.550864E-03
  1.522000E+00 -3.519682E-03
  1.523000E+00 -3.489361E-03
  1.524000E+00 -3.459882E-03
  1.525000E+00 -3.431227E-03
  1.526000E+00 -3.403378E-03
  1.527000E+00 -3.376324E-03
  1.528000E+00 -3.350070E-03
  1.529000E+00 -3.324633E-03
  1.530000E+00 -3.300052E-03
  1.531000E+00 -3.276384E-03
  1.532000E+00 -3.253711E-03
  1.533000E+00 -3.232137E-03
  1.534000E+00 -3.211788E-03
  1.535000E+00 -3.192808E-03
  1.536000E+00 -3.175358E-03
  1.537000E+00 -3.159612E-03
  1.538000E+00 -3.145747E-03
  1.539000E+00 -3.133946E-03
  1.540000E+00 -3.124381E-03
  1.541000E+00 -3.117215E-03
  1.542000E+00 -3.112589E-03
  1.543000E+00 -3.110617E-03
  1.544000E+00 -3.111379E-03
  1.545000E+00 -3.114916E-03
  1.546000E+00 -3.121223E-03
  1.547000E+00 -3.130245E-03
  1.548000E+00 -3.141874E-03
  1.549000E+00 -3.155951E-03
  1.550000E+00 -3.172257E-03
  1.551000E+00 -3.190525E-03
  1.552000E+00 -3.210436E-03
  1.553000E+00 -3.231626E-03
  1.554000E+00 -3.253694E-03
  1.555000E+00 -3.276206E-03
  1.556000E+00 -3.298706E-03
  1.557000E+00 -3.320728E-03
  1.558000E+00 -3.341803E-03
  1.559000E+00 -3.361471E-03
  1.560000E+00 -3.379294E-03
  1.561000E+00 -3.394864E-03
  1.562000E+00 -3.407817E-03
  1.563000E+00 -3.417840E-03
  1.564000E+00 -3.424678E-03
  1.565000E+00 -3.428146E-03
  1.566000E+00 -3.428127E-03
  1.567000E+00 -3.424580E-03
  1.568000E+00 -3.417540E-03
  1.569000E+00 -3.407117E-03
  1.570000E+00 -3.393491E-03
  1.571000E+00 -3.376910E-03
  1.572000E+00 -3.357679E-03
  1.573000E+00 -3.336156E-03
  1.574000E+00 -3.312735E-03
  1.575000E+00 -3.287841E-03
  1.576000E+00 -3.261914E-03
  1.577000E+00 -3.235393E-03
  1.578000E+00 -3.208712E-03
  1.579000E+00 -3.182276E-03
  1.580000E+00 -3.156456E-03
  1.581000E+00 -3.131577E-03
  1.582000E+00 -3.107904E-03
  1.583000E+00 -3.085638E-03
  1.584000E+00 -3.064908E-03
  1.585000E+00 -3.045767E-03
  1.586000E+00 -3.028192E-03
  1.587000E+00 -3.012079E-03
  1.588000E+00 -2.997253E-03
  1.589000E+00 -2.983469E-03
  1.590000E+00 -2.970420E-03
  1.591000E+00 -2.957748E-03
  1.592000E+00 -2.945052E-03
  1.593000E+00 -2.931905E-03
  1.594000E+00 -2.917862E-03
  1.595000E+00 -2.902478E-03
  1.596000E+00 -2.885322E-03
  1.597000E+00 -2.865987E-03
  1.598000E+00 -2.844108E-03
  1.599000E+00 -2.819371E-03
  1.600000E+00 -2.791524E-03
  1.601000E+00 -2.760385E-03
  1.602000E+00 -2.725851E-03
  1.603000E+00 -2.687897E-03
  1.604000E+00 -2.646583E-03
  1.605000E+00 -2.602048E-03
  1.606000E+00 -2.554511E-03
  1.607000E+00 -2.504263E-03
  1.608000E+00 -2.451657E-03
  1.609000E+00 -2.397102E-03
  1.610000E+00 -2.341049E-03
  1.611000E+00 -2.283979E-03
  1.612000E+00 -2.226386E-03
  1.613000E+00 -2.168768E-03
  1.614000E+00 -2.111608E-03
  1.615000E+00 -2.055363E-03
  1.616000E+00 -2.000449E-03
  1.617000E+00 -1.947231E-03
  1.618000E+00 -1.896009E-03
  1.619000E+00 -1.847016E-03
  1.620000E+00 -1.800403E-03
  1.621000E+00 -1.756241E-03
  1.622000E+00 -1.714520E-03
  1.623000E+00 -1.675142E-03
  1.624000E+00 -1.637933E-03
  1.625000E+00 -1.602642E-03
  1.626000E+00 -1.568951E-03
  1.627000E+00 -1.536482E-03
  1.628000E+00 -1.504811E-03
  1.629000E+00 -1.473479E-03
  1.630000E+00 -1.442003E-03
  1.631000E+00 -1.409892E-03
  1.632000E+00 -1.376662E-03
  1.633000E+00 -1.341847E-03
  1.634000E+00 -1.305015E-03
  1.635000E+00 -1.265781E-03
  1.636000E+00 -1.223814E-03
  1.637000E+00 -1.178853E-03
  1.638000E+00 -1.130710E-03
  1.639000E+00 -1.079277E-03
  1.640000E+00 -1.024534E-03
  1.641000E+00 -9.665432E-04
  1.642000E+00 -9.054541E-04
  1.643000E+00 -8.414978E-04
  1.644000E+00 -7.749821E-04
  1.645000E+00 -7.062843E-04
  1.646000E+00 -6.358417E-04
  1.647000E+00 -5.641405E-04
  1.648000E+00 -4.917040E-04
  1.649000E+00 -4.190786E-04
  1.650000E+00 -3.468203E-04
  1.651000E+00 -2.754805E-04
  1.652000E+00 -2.055916E-04
  1.653000E+00 -1.376533E-04
  1.654000E+00 -7.212061E-05
  1.655000E+00 -9.391736E-06
  1.656000E+00  5.020140E-05
  1.657000E+00  1.064013E-04
  1.658000E+00  1.590307E-04
  1.659000E+00  2.079965E-04
  1.660000E+00  2.532911E-04
  1.661000E+00  2.949917E-04
  1.662000E+00  3.332570E-04
  1.663000E+00  3.683224E-04
  1.664000E+00  4.004924E-04
  1.665000E+00  4.301323E-04
  1.666000E+00  4.576574E-04
  1.667000E+00  4.835219E-04
  1.668000E+00  5.082066E-04
  1.669000E+00  5.322060E-04
  1.670000E+00  5.560157E-04
  1.671000E+00  5.801197E-04
  1.672000E+00  6.049783E-04
  1.673000E+00  6.310169E-04
  1.674000E+00  6.586157E-04
  1.675000E+00  6.881016E-04
  1.676000E+00  7.197402E-04
  1.677000E+00  7.537311E-04
  1.678000E+00  7.902041E-04
  1.679000E+00  8.292173E-04
  1.680000E+00  8.707576E-04
  1.681000E+00  9.147429E-04
  1.682000E+00  9.610255E-04
  1.683000E+00  1.009398E-03
  1.684000E+00  1.059601E-03
  1.685000E+00  1.111331E-03
  1.686000E+00  1.164248E-03
  1.687000E+00  1.217990E-03
  1.688000E+00  1.272181E-03
  1.689000E+00  1.326444E-03
  1.690000E+00  1.380411E-03
  1.691000E+00  1.433736E-03
  1.692000E+00  1.486103E-03
  1.693000E+00  1.537239E-03
  1.694000E+00  1.586920E-03
  1.695000E+00  1.634978E-03
  1.696000E+00  1.681311E-03
  1.697000E+00  1.725878E-03
  1.698000E+00  1.768711E-03
  1.699000E+00  1.809907E-03
  1.700000E+00  1.849631E-03
  1.701000E+00  1.888108E-03
  1.702000E+00  1.925620E-03
  1.703000E+00  1.962496E-03
  1.704000E+00  1.999104E-03
  1.705000E+00  2.035841E-03
  1.706000E+00  2.073121E-03
  1.707000E+00  2.111362E-03
  1.708000E+00  2.150975E-03
  1.709000E+00  2.192350E-03
  1.710000E+00  2.235846E-03
  1.711000E+00  2.281779E-03
  1.712000E+00  2.330410E-03
  1.713000E+00  2.381937E-03
  1.714000E+00  2.436491E-03
  1.715000E+00  2.494124E-03
  1.716000E+00  2.554812E-03
  1.717000E+00  2.618446E-03
  1.718000E+00  2.684841E-03
  1.719000E+00  2.753730E-03
  1.720000E+00  2.824775E-03
  1.721000E+00  2.897569E-03
  1.722000E+00  2.971644E-03
  1.723000E+00  3.046481E-03
  1.724000E+00  3.121522E-03
  1.725000E+00  3.196175E-03
  1.726000E+00  3.269834E-03
  1.727000E+00  3.341884E-03
  1.728000E+00  3.411715E-03
  1.729000E+00  3.478735E-03
  1.730000E+00  3.542377E-03
  1.731000E+00  3.602114E-03
  1.732000E+00  3.657465E-03
  1.733000E+00  3.708004E-03
  1.734000E+00  3.753364E-03
  1.735000E+00  3.793244E-03
  1.736000E+00  3.827415E-03
  1.737000E+00  3.855715E-03
  1.738000E+00  3.878056E-03
  1.739000E+00  3.894419E-03
  1.740000E+00  3.904855E-03
  1.741000E+00  3.909476E-03
  1.742000E+00  3.908455E-03
  1.743000E+00  3.902018E-03
  1.744000E+00  3.890437E-03
  1.745000E+00  3.874024E-03
  1.746000E+00  3.853124E-03
  1.747000E+00  3.828105E-03
  1.748000E+00  3.799352E-03
  1.749000E+00  3.767258E-03
  1.750000E+00  3.732221E-03
  1.751000E+00  3.694630E-03
  1.752000E+00  3.654865E-03
  1.753000E+00  3.613289E-03
  1.754000E+00  3.570243E-03
  1.755000E+00  3.526042E-03
  1.756000E+00  3.480973E-03
  1.757000E+00  3.435294E-03
  1.758000E+00  3.389229E-03
  1.759000E+00  3.342969E-03
  1.760000E+00  3.296676E-03
  1.761000E+00  3.250480E-03
  1.762000E+00  3.204483E-03
  1.763000E+00  3.158759E-03
  1.764000E+00  3.113361E-03
  1.765000E+00  3.068324E-03
  1.766000E+00  3.023664E-03
  1.767000E+00  2.979387E-03
  1.768000E+00  2.935493E-03
  1.769000E+00  2.891975E-03
  1.770000E+00  2.848829E-03
  1.771000E+00  2.806050E-03
  1.772000E+00  2.763643E-03
  1.773000E+00  2.721618E-03
  1.774000E+00  2.679997E-03
  1.775000E+00  2.638811E-03
  1.776000E+00  2.598105E-03
  1.777000E+00  2.557933E-03
  1.778000E+00  2.518360E-03
  1.779000E+00  2.479462E-03
  1.780000E+00  2.441321E-03
  1.781000E+00  2.404024E-03
  1.782000E+00  2.367662E-03
  1.783000E+00  2.332327E-03
  1.784000E+00  2.298107E-03
  1.785000E+00  2.265084E-03
  1.786000E+00  2.233333E-03
  1.787000E+00  2.202919E-03
  1.788000E+00  2.173890E-03
  1.789000E+00  2.146283E-03
  1.790000E+00  2.120115E-03
  1.791000E+00  2.095386E-03
  1.792000E+00  2.072078E-03
  1.793000E+00  2.050151E-03
  1.794000E+00  2.029548E-03
  1.795000E+00  2.010193E-03
  1.796000E+00  1.991992E-03
  1.797000E+00  1.974837E-03
  1.798000E+00  1.958604E-03
  1.799000E+00  1.943160E-03
  1.800000E+00  1.928360E-03
  1.801000E+00  1.914057E-03
  1.802000E+00  1.900096E-03
  1.803000E+00  1.886327E-03
  1.804000E+00  1.872597E-03
  1.805000E+00  1.858763E-03
  1.806000E+00  1.844690E-03
  1.807000E+00  1.830250E-03
  1.808000E+00  1.815333E-03
  1.809000E+00  1.799841E-03
  1.810000E+00  1.783696E-03
  1.811000E+00  1.766835E-03
  1.812000E+00  1.749216E-03
  1.813000E+00  1.730819E-03
  1.814000E+00  1.711641E-03
  1.815000E+00  1.691702E-03
  1.816000E+00  1.671042E-03
  1.817000E+00  1.649720E-03
  1.818000E+00  1.627812E-03
  1.819000E+00  1.605413E-03
  1.820000E+00  1.582635E-03
  1.821000E+00  1.559602E-03
  1.822000E+00  1.536450E-03
  1.823000E+00  1.513329E-03
  1.824000E+00  1.490395E-03
  1.825000E+00  1.467811E-03
  1.826000E+00  1.445746E-03
  1.827000E+00  1.424372E-03
  1.828000E+00  1.403861E-03
  1.829000E+00  1.384386E-03
  1.830000E+00  1.366118E-03
  1.831000E+00  1.349224E-03
  1.832000E+00  1.333867E-03
  1.833000E+00  1.320201E-03
  1.834000E+00  1.308376E-03
  1.835000E+00  1.298531E-03
  1.836000E+00  1.290796E-03
  1.837000E+00  1.285290E-03
  1.838000E+00  1.282119E-03
  1.839000E+00  1.281378E-03
  1.840000E+00  1.283146E-03
  1.841000E+00  1.287489E-03
  1.842000E+00  1.294455E-03
  1.843000E+00  1.304079E-03
  1.844000E+00  1.316376E-03
  1.845000E+00  1.331343E-03
  1.846000E+00  1.348960E-03
  1.847000E+00  1.369188E-03
  1.848000E+00  1.391969E-03
  1.849000E+00  1.417226E-03
  1.850000E+00  1.444863E-03
  1.851000E+00  1.474767E-03
  1.852000E+00  1.506805E-03
  1.853000E+00  1.540828E-03
  1.854000E+00  1.576671E-03
  1.855000E+00  1.614152E-03
  1.856000E+00  1.653077E-03
  1.857000E+00  1.693236E-03
  1.858000E+00  1.734409E-03
  1.859000E+00  1.776364E-03
  1.860000E+00  1.818859E-03
  1.861000E+00  1.861644E-03
  1.862000E+00  1.904462E-03
  1.863000E+00  1.947050E-03
  1.864000E+00  1.989140E-03
  1.865000E+00  2.030461E-03
  1.866000E+00  2.070742E-03
  1.867000E+00  2.109710E-03
  1.868000E+00  2.147095E-03
  1.869000E+00  2.182630E-03
  1.870000E+00  2.216052E-03
  1.871000E+00  2.247107E-03
  1.872000E+00  2.275547E-03
  1.873000E+00  2.301136E-03
  1.874000E+00  2.323649E-03
  1.875000E+00  2.342872E-03
  1.876000E+00  2.358610E-03
  1.877000E+00  2.370682E-03
  1.878000E+00  2.378923E-03
  1.879000E+00  2.383191E-03
  1.880000E+00  2.383361E-03
  1.881000E+00  2.379329E-03
  1.882000E+00  2.371016E-03
  1.883000E+00  2.358363E-03
  1.884000E+00  2.341339E-03
  1.885000E+00  2.319932E-03
  1.886000E+00  2.294160E-03
  1.887000E+00  2.264063E-03
  1.888000E+00  2.229708E-03
  1.889000E+00  2.191184E-03
  1.890000E+00  2.148609E-03
  1.891000E+00  2.102121E-03
  1.892000E+00  2.051884E-03
  1.893000E+00  1.998083E-03
  1.894000E+00  1.940924E-03
  1.895000E+00  1.880633E-03
  1.896000E+00  1.817456E-03
  1.897000E+00  1.751652E-03
  1.898000E+00  1.683497E-03
  1.899000E+00  1.613279E-03
  1.900000E+00  1.541295E-03
  1.901000E+00  1.467850E-03
  1.902000E+00  1.393252E-03
  1.903000E+00  1.317811E-03
  1.904000E+00  1.241836E-03
  1.905000E+00  1.165629E-03
  1.906000E+00  1.089483E-03
  1.907000E+00  1.013679E-03
  1.908000E+00  9.384809E-04
  1.909000E+00  8.641348E-04
  1.910000E+00  7.908622E-04
  1.911000E+00  7.188592E-04
  1.912000E+00  6.482935E-04
  1.913000E+00  5.793022E-04
  1.914000E+00  5.119902E-04
  1.915000E+00  4.464294E-04
  1.916000E+00  3.826585E-04
  1.917000E+00  3.206831E-04
  1.918000E+00  2.604772E-04
  1.919000E+00  2.019854E-04
  1.920000E+00  1.451249E-04
  1.921000E+00  8.978975E-05
  1.922000E+00  3.585419E-05
  1.923000E+00 -1.682226E-05
  1.924000E+00 -6.838989E-05
  1.925000E+00 -1.190033E-04
  1.926000E+00 -1.688157E-04
  1.927000E+00 -2.179733E-04
  1.928000E+00 -2.666094E-04
  1.929000E+00 -3.148395E-04
  1.930000E+00 -3.627561E-04
  1.931000E+00 -4.104241E-04
  1.932000E+00 -4.578781E-04
  1.933000E+00 -5.051190E-04
  1.934000E+00 -5.521124E-04
  1.935000E+00 -5.987885E-04
  1.936000E+00 -6.450421E-04
  1.937000E+00 -6.907349E-04
  1.938000E+00 -7.356977E-04
  1.939000E+00 -7.797347E-04
  1.940000E+00 -8.226288E-04
  1.941000E+00 -8.641469E-04
  1.942000E+00 -9.040467E-04
  1.943000E+00 -9.420839E-04
  1.944000E+00 -9.780200E-04
  1.945000E+00 -1.011629E-03
  1.946000E+00 -1.042707E-03
  1.947000E+00 -1.071075E-03
  1.948000E+00 -1.096593E-03
  1.949000E+00 -1.119157E-03
  1.950000E+00 -1.138711E-03
  1.951000E+00 -1.155248E-03
  1.952000E+00 -1.168813E-03
  1.953000E+00 -1.179503E-03
  1.954000E+00 -1.187471E-03
  1.955000E+00 -1.192920E-03
  1.956000E+00 -1.196102E-03
  1.957000E+00 -1.197314E-03
  1.958000E+00 -1.196894E-03
  1.959000E+00 -1.195212E-03
  1.960000E+00 -1.192663E-03
  1.961000E+00 -1.189663E-03
  1.962000E+00 -1.186634E-03
  1.963000E+00 -1.183999E-03
  1.964000E+00 -1.182170E-03
  1.965000E+00 -1.181544E-03
  1.966000E+00 -1.182489E-03
  1.967000E+00 -1.185337E-03
  1.968000E+00 -1.190380E-03
  1.969000E+00 -1.197859E-03
  1.970000E+00 -1.207963E-03
  1.971000E+00 -1.220821E-03
  1.972000E+00 -1.236506E-03
  1.973000E+00 -1.255026E-03
  1.974000E+00 -1.276333E-03
  1.975000E+00 -1.300322E-03
  1.976000E+00 -1.326831E-03
  1.977000E+00 -1.355654E-03
  1.978000E+00 -1.386542E-03
  1.979000E+00 -1.419214E-03
  1.980000E+00 -1.453363E-03
  1.981000E+00 -1.488665E-03
  1.982000E+00 -1.524793E-03
  1.983000E+00 -1.561420E-03
  1.984000E+00 -1.598231E-03
  1.985000E+00 -1.634933E-03
  1.986000E+00 -1.671261E-03
  1.987000E+00 -1.706985E-03
  1.988000E+00 -1.741915E-03
  1.989000E+00 -1.775909E-03
  1.990000E+00 -1.808868E-03
  1.991000E+00 -1.840746E-03
  1.992000E+00 -1.871541E-03
  1.993000E+00 -1.901301E-03
  1.994000E+00 -1.930116E-03
  1.995000E+00 -1.958112E-03
  1.996000E+00 -1.985450E-03
  1.997000E+00 -2.012314E-03
  1.998000E+00 -2.038908E-03
  1.999000E+00 -2.065442E-03
  2.000000E+00  3.372282E-02
