; material = LLZO                                                       
O             2000  9.02183294E+01          580.000000
  0.000000E+00  1.000000E+00
  1.000000E-03  9.946657E-01
  2.000000E-03  9.787536E-01
  3.000000E-03  9.525345E-01
  4.000000E-03  9.164525E-01
  5.000000E-03  8.711158E-01
  6.000000E-03  8.172828E-01
  7.000000E-03  7.558453E-01
  8.000000E-03  6.878096E-01
  9.000000E-03  6.142741E-01
  1.000000E-02  5.364067E-01
  1.100000E-02  4.554201E-01
  1.200000E-02  3.725469E-01
  1.300000E-02  2.890151E-01
  1.400000E-02  2.060243E-01
  1.500000E-02  1.247226E-01
  1.600000E-02  4.618633E-02
  1.700000E-02 -2.859932E-02
  1.800000E-02 -9.875596E-02
  1.900000E-02 -1.635255E-01
  2.000000E-02 -2.222805E-01
  2.100000E-02 -2.745309E-01
  2.200000E-02 -3.199281E-01
  2.300000E-02 -3.582655E-01
  2.400000E-02 -3.894756E-01
  2.500000E-02 -4.136250E-01
  2.600000E-02 -4.309059E-01
  2.700000E-02 -4.416252E-01
  2.800000E-02 -4.461921E-01
  2.900000E-02 -4.451033E-01
  3.000000E-02 -4.389276E-01
  3.100000E-02 -4.282886E-01
  3.200000E-02 -4.138480E-01
  3.300000E-02 -3.962884E-01
  3.400000E-02 -3.762962E-01
  3.500000E-02 -3.545457E-01
  3.600000E-02 -3.316845E-01
  3.700000E-02 -3.083196E-01
  3.800000E-02 -2.850060E-01
  3.900000E-02 -2.622368E-01
  4.000000E-02 -2.404357E-01
  4.100000E-02 -2.199512E-01
  4.200000E-02 -2.010539E-01
  4.300000E-02 -1.839351E-01
  4.400000E-02 -1.687082E-01
  4.500000E-02 -1.554117E-01
  4.600000E-02 -1.440148E-01
  4.700000E-02 -1.344231E-01
  4.800000E-02 -1.264877E-01
  4.900000E-02 -1.200136E-01
  5.000000E-02 -1.147699E-01
  5.100000E-02 -1.105000E-01
  5.200000E-02 -1.069321E-01
  5.300000E-02 -1.037898E-01
  5.400000E-02 -1.008018E-01
  5.500000E-02 -9.771115E-02
  5.600000E-02 -9.428366E-02
  5.700000E-02 -9.031488E-02
  5.800000E-02 -8.563607E-02
  5.900000E-02 -8.011866E-02
  6.000000E-02 -7.367723E-02
  6.100000E-02 -6.627102E-02
  6.200000E-02 -5.790395E-02
  6.300000E-02 -4.862325E-02
  6.400000E-02 -3.851672E-02
  6.500000E-02 -2.770889E-02
  6.600000E-02 -1.635609E-02
  6.700000E-02 -4.640751E-03
  6.800000E-02  7.234972E-03
  6.900000E-02  1.905595E-02
  7.000000E-02  3.060105E-02
  7.100000E-02  4.165006E-02
  7.200000E-02  5.199041E-02
  7.300000E-02  6.142345E-02
  7.400000E-02  6.977018E-02
  7.500000E-02  7.687615E-02
  7.600000E-02  8.261561E-02
  7.700000E-02  8.689461E-02
  7.800000E-02  8.965316E-02
  7.900000E-02  9.086629E-02
  8.000000E-02  9.054413E-02
  8.100000E-02  8.873096E-02
  8.200000E-02  8.550329E-02
  8.300000E-02  8.096720E-02
  8.400000E-02  7.525478E-02
  8.500000E-02  6.852015E-02
  8.600000E-02  6.093480E-02
  8.700000E-02  5.268281E-02
  8.800000E-02  4.395573E-02
  8.900000E-02  3.494760E-02
  9.000000E-02  2.584992E-02
  9.100000E-02  1.684707E-02
  9.200000E-02  8.111953E-03
  9.300000E-02 -1.977403E-04
  9.400000E-02 -7.942779E-03
  9.500000E-02 -1.500495E-02
  9.600000E-02 -2.128891E-02
  9.700000E-02 -2.672339E-02
  9.800000E-02 -3.126161E-02
  9.900000E-02 -3.488102E-02
  1.000000E-01 -3.758243E-02
  1.010000E-01 -3.938850E-02
  1.020000E-01 -4.034171E-02
  1.030000E-01 -4.050188E-02
  1.040000E-01 -3.994342E-02
  1.050000E-01 -3.875221E-02
  1.060000E-01 -3.702243E-02
  1.070000E-01 -3.485333E-02
  1.080000E-01 -3.234603E-02
  1.090000E-01 -2.960049E-02
  1.100000E-01 -2.671270E-02
  1.110000E-01 -2.377220E-02
  1.120000E-01 -2.085989E-02
  1.130000E-01 -1.804636E-02
  1.140000E-01 -1.539055E-02
  1.150000E-01 -1.293891E-02
  1.160000E-01 -1.072503E-02
  1.170000E-01 -8.769689E-03
  1.180000E-01 -7.081272E-03
  1.190000E-01 -5.656656E-03
  1.200000E-01 -4.482344E-03
  1.210000E-01 -3.535901E-03
  1.220000E-01 -2.787588E-03
  1.230000E-01 -2.202145E-03
  1.240000E-01 -1.740644E-03
  1.250000E-01 -1.362354E-03
  1.260000E-01 -1.026555E-03
  1.270000E-01 -6.942404E-04
  1.280000E-01 -3.296597E-04
  1.290000E-01  9.834541E-05
  1.300000E-01  6.152403E-04
  1.310000E-01  1.239961E-03
  1.320000E-01  1.984357E-03
  1.330000E-01  2.852913E-03
  1.340000E-01  3.842751E-03
  1.350000E-01  4.943898E-03
  1.360000E-01  6.139793E-03
  1.370000E-01  7.408012E-03
  1.380000E-01  8.721167E-03
  1.390000E-01  1.004795E-02
  1.400000E-01  1.135430E-02
  1.410000E-01  1.260455E-02
  1.420000E-01  1.376272E-02
  1.430000E-01  1.479366E-02
  1.440000E-01  1.566421E-02
  1.450000E-01  1.634423E-02
  1.460000E-01  1.680749E-02
  1.470000E-01  1.703250E-02
  1.480000E-01  1.700304E-02
  1.490000E-01  1.670863E-02
  1.500000E-01  1.614473E-02
  1.510000E-01  1.531285E-02
  1.520000E-01  1.422038E-02
  1.530000E-01  1.288036E-02
  1.540000E-01  1.131103E-02
  1.550000E-01  9.535248E-03
  1.560000E-01  7.579887E-03
  1.570000E-01  5.475056E-03
  1.580000E-01  3.253319E-03
  1.590000E-01  9.488712E-04
  1.600000E-01 -1.403289E-03
  1.610000E-01 -3.768167E-03
  1.620000E-01 -6.111535E-03
  1.630000E-01 -8.400641E-03
  1.640000E-01 -1.060484E-02
  1.650000E-01 -1.269612E-02
  1.660000E-01 -1.464959E-02
  1.670000E-01 -1.644377E-02
  1.680000E-01 -1.806086E-02
  1.690000E-01 -1.948689E-02
  1.700000E-01 -2.071175E-02
  1.710000E-01 -2.172912E-02
  1.720000E-01 -2.253638E-02
  1.730000E-01 -2.313439E-02
  1.740000E-01 -2.352722E-02
  1.750000E-01 -2.372188E-02
  1.760000E-01 -2.372793E-02
  1.770000E-01 -2.355717E-02
  1.780000E-01 -2.322321E-02
  1.790000E-01 -2.274111E-02
  1.800000E-01 -2.212704E-02
  1.810000E-01 -2.139787E-02
  1.820000E-01 -2.057085E-02
  1.830000E-01 -1.966327E-02
  1.840000E-01 -1.869222E-02
  1.850000E-01 -1.767426E-02
  1.860000E-01 -1.662522E-02
  1.870000E-01 -1.555997E-02
  1.880000E-01 -1.449225E-02
  1.890000E-01 -1.343450E-02
  1.900000E-01 -1.239775E-02
  1.910000E-01 -1.139147E-02
  1.920000E-01 -1.042354E-02
  1.930000E-01 -9.500140E-03
  1.940000E-01 -8.625735E-03
  1.950000E-01 -7.803060E-03
  1.960000E-01 -7.033129E-03
  1.970000E-01 -6.315269E-03
  1.980000E-01 -5.647187E-03
  1.990000E-01 -5.025068E-03
  2.000000E-01 -4.443696E-03
  2.010000E-01 -3.896615E-03
  2.020000E-01 -3.376320E-03
  2.030000E-01 -2.874476E-03
  2.040000E-01 -2.382173E-03
  2.050000E-01 -1.890202E-03
  2.060000E-01 -1.389366E-03
  2.070000E-01 -8.707908E-04
  2.080000E-01 -3.262680E-04
  2.090000E-01  2.514155E-04
  2.100000E-01  8.681443E-04
  2.110000E-01  1.528160E-03
  2.120000E-01  2.233774E-03
  2.130000E-01  2.985111E-03
  2.140000E-01  3.779914E-03
  2.150000E-01  4.613390E-03
  2.160000E-01  5.478136E-03
  2.170000E-01  6.364135E-03
  2.180000E-01  7.258834E-03
  2.190000E-01  8.147308E-03
  2.200000E-01  9.012508E-03
  2.210000E-01  9.835597E-03
  2.220000E-01  1.059637E-02
  2.230000E-01  1.127373E-02
  2.240000E-01  1.184626E-02
  2.250000E-01  1.229284E-02
  2.260000E-01  1.259322E-02
  2.270000E-01  1.272878E-02
  2.280000E-01  1.268310E-02
  2.290000E-01  1.244265E-02
  2.300000E-01  1.199735E-02
  2.310000E-01  1.134113E-02
  2.320000E-01  1.047236E-02
  2.330000E-01  9.394197E-03
  2.340000E-01  8.114808E-03
  2.350000E-01  6.647480E-03
  2.360000E-01  5.010566E-03
  2.370000E-01  3.227293E-03
  2.380000E-01  1.325421E-03
  2.390000E-01 -6.632458E-04
  2.400000E-01 -2.703483E-03
  2.410000E-01 -4.757403E-03
  2.420000E-01 -6.785318E-03
  2.430000E-01 -8.746690E-03
  2.440000E-01 -1.060116E-02
  2.450000E-01 -1.230958E-02
  2.460000E-01 -1.383513E-02
  2.470000E-01 -1.514430E-02
  2.480000E-01 -1.620792E-02
  2.490000E-01 -1.700206E-02
  2.500000E-01 -1.750884E-02
  2.510000E-01 -1.771703E-02
  2.520000E-01 -1.762260E-02
  2.530000E-01 -1.722900E-02
  2.540000E-01 -1.654728E-02
  2.550000E-01 -1.559594E-02
  2.560000E-01 -1.440068E-02
  2.570000E-01 -1.299388E-02
  2.580000E-01 -1.141380E-02
  2.590000E-01 -9.703770E-03
  2.600000E-01 -7.911071E-03
  2.610000E-01 -6.085735E-03
  2.620000E-01 -4.279241E-03
  2.630000E-01 -2.543126E-03
  2.640000E-01 -9.275685E-04
  2.650000E-01  5.200193E-04
  2.660000E-01  1.756359E-03
  2.670000E-01  2.743581E-03
  2.680000E-01  3.450380E-03
  2.690000E-01  3.853005E-03
  2.700000E-01  3.936059E-03
  2.710000E-01  3.693083E-03
  2.720000E-01  3.126897E-03
  2.730000E-01  2.249688E-03
  2.740000E-01  1.082837E-03
  2.750000E-01 -3.435060E-04
  2.760000E-01 -1.991116E-03
  2.770000E-01 -3.814609E-03
  2.780000E-01 -5.762579E-03
  2.790000E-01 -7.778919E-03
  2.800000E-01 -9.804300E-03
  2.810000E-01 -1.177775E-02
  2.820000E-01 -1.363832E-02
  2.830000E-01 -1.532673E-02
  2.840000E-01 -1.678709E-02
  2.850000E-01 -1.796839E-02
  2.860000E-01 -1.882606E-02
  2.870000E-01 -1.932322E-02
  2.880000E-01 -1.943182E-02
  2.890000E-01 -1.913352E-02
  2.900000E-01 -1.842032E-02
  2.910000E-01 -1.729493E-02
  2.920000E-01 -1.577079E-02
  2.930000E-01 -1.387190E-02
  2.940000E-01 -1.163228E-02
  2.950000E-01 -9.095174E-03
  2.960000E-01 -6.312023E-03
  2.970000E-01 -3.341187E-03
  2.980000E-01 -2.464765E-04
  2.990000E-01  2.904461E-03
  3.000000E-01  6.041876E-03
  3.010000E-01  9.095703E-03
  3.020000E-01  1.199737E-02
  3.030000E-01  1.468158E-02
  3.040000E-01  1.708797E-02
  3.050000E-01  1.916269E-02
  3.060000E-01  2.085977E-02
  3.070000E-01  2.214230E-02
  3.080000E-01  2.298335E-02
  3.090000E-01  2.336664E-02
  3.100000E-01  2.328690E-02
  3.110000E-01  2.274998E-02
  3.120000E-01  2.177261E-02
  3.130000E-01  2.038191E-02
  3.140000E-01  1.861465E-02
  3.150000E-01  1.651618E-02
  3.160000E-01  1.413923E-02
  3.170000E-01  1.154248E-02
  3.180000E-01  8.789029E-03
  3.190000E-01  5.944683E-03
  3.200000E-01  3.076293E-03
  3.210000E-01  2.500283E-04
  3.220000E-01 -2.470290E-03
  3.230000E-01 -5.024765E-03
  3.240000E-01 -7.358872E-03
  3.250000E-01 -9.424729E-03
  3.260000E-01 -1.118218E-02
  3.270000E-01 -1.259963E-02
  3.280000E-01 -1.365464E-02
  3.290000E-01 -1.433428E-02
  3.300000E-01 -1.463518E-02
  3.310000E-01 -1.456335E-02
  3.320000E-01 -1.413373E-02
  3.330000E-01 -1.336952E-02
  3.340000E-01 -1.230128E-02
  3.350000E-01 -1.096589E-02
  3.360000E-01 -9.405298E-03
  3.370000E-01 -7.665240E-03
  3.380000E-01 -5.793832E-03
  3.390000E-01 -3.840163E-03
  3.400000E-01 -1.852903E-03
  3.410000E-01  1.210432E-04
  3.420000E-01  2.037771E-03
  3.430000E-01  3.857496E-03
  3.440000E-01  5.545512E-03
  3.450000E-01  7.072961E-03
  3.460000E-01  8.417409E-03
  3.470000E-01  9.563204E-03
  3.480000E-01  1.050162E-02
  3.490000E-01  1.123077E-02
  3.500000E-01  1.175535E-02
  3.510000E-01  1.208611E-02
  3.520000E-01  1.223927E-02
  3.530000E-01  1.223565E-02
  3.540000E-01  1.209977E-02
  3.550000E-01  1.185887E-02
  3.560000E-01  1.154179E-02
  3.570000E-01  1.117791E-02
  3.580000E-01  1.079608E-02
  3.590000E-01  1.042360E-02
  3.600000E-01  1.008524E-02
  3.610000E-01  9.802488E-03
  3.620000E-01  9.592766E-03
  3.630000E-01  9.468939E-03
  3.640000E-01  9.438923E-03
  3.650000E-01  9.505485E-03
  3.660000E-01  9.666224E-03
  3.670000E-01  9.913732E-03
  3.680000E-01  1.023592E-02
  3.690000E-01  1.061650E-02
  3.700000E-01  1.103562E-02
  3.710000E-01  1.147057E-02
  3.720000E-01  1.189665E-02
  3.730000E-01  1.228803E-02
  3.740000E-01  1.261869E-02
  3.750000E-01  1.286332E-02
  3.760000E-01  1.299825E-02
  3.770000E-01  1.300227E-02
  3.780000E-01  1.285736E-02
  3.790000E-01  1.254943E-02
  3.800000E-01  1.206873E-02
  3.810000E-01  1.141032E-02
  3.820000E-01  1.057429E-02
  3.830000E-01  9.565785E-03
  3.840000E-01  8.394989E-03
  3.850000E-01  7.076836E-03
  3.860000E-01  5.630642E-03
  3.870000E-01  4.079588E-03
  3.880000E-01  2.450080E-03
  3.890000E-01  7.710235E-04
  3.900000E-01 -9.269818E-04
  3.910000E-01 -2.612488E-03
  3.920000E-01 -4.254068E-03
  3.930000E-01 -5.821179E-03
  3.940000E-01 -7.284994E-03
  3.950000E-01 -8.619175E-03
  3.960000E-01 -9.800565E-03
  3.970000E-01 -1.080979E-02
  3.980000E-01 -1.163173E-02
  3.990000E-01 -1.225588E-02
  4.000000E-01 -1.267656E-02
  4.010000E-01 -1.289299E-02
  4.020000E-01 -1.290921E-02
  4.030000E-01 -1.273392E-02
  4.040000E-01 -1.238007E-02
  4.050000E-01 -1.186450E-02
  4.060000E-01 -1.120731E-02
  4.070000E-01 -1.043128E-02
  4.080000E-01 -9.561159E-03
  4.090000E-01 -8.622917E-03
  4.100000E-01 -7.643013E-03
  4.110000E-01 -6.647634E-03
  4.120000E-01 -5.661979E-03
  4.130000E-01 -4.709582E-03
  4.140000E-01 -3.811714E-03
  4.150000E-01 -2.986853E-03
  4.160000E-01 -2.250266E-03
  4.170000E-01 -1.613686E-03
  4.180000E-01 -1.085114E-03
  4.190000E-01 -6.687345E-04
  4.200000E-01 -3.649429E-04
  4.210000E-01 -1.704950E-04
  4.220000E-01 -7.875622E-05
  4.230000E-01 -8.004786E-05
  4.240000E-01 -1.620749E-04
  4.250000E-01 -3.104206E-04
  4.260000E-01 -5.090900E-04
  4.270000E-01 -7.410859E-04
  4.280000E-01 -9.889956E-04
  4.290000E-01 -1.235574E-03
  4.300000E-01 -1.464299E-03
  4.310000E-01 -1.659894E-03
  4.320000E-01 -1.808781E-03
  4.330000E-01 -1.899483E-03
  4.340000E-01 -1.922931E-03
  4.350000E-01 -1.872693E-03
  4.360000E-01 -1.745112E-03
  4.370000E-01 -1.539347E-03
  4.380000E-01 -1.257326E-03
  4.390000E-01 -9.036068E-04
  4.400000E-01 -4.851622E-04
  4.410000E-01 -1.109113E-05
  4.420000E-01  5.077299E-04
  4.430000E-01  1.059043E-03
  4.440000E-01  1.629638E-03
  4.450000E-01  2.205800E-03
  4.460000E-01  2.773757E-03
  4.470000E-01  3.320125E-03
  4.480000E-01  3.832317E-03
  4.490000E-01  4.298919E-03
  4.500000E-01  4.710019E-03
  4.510000E-01  5.057469E-03
  4.520000E-01  5.335094E-03
  4.530000E-01  5.538813E-03
  4.540000E-01  5.666705E-03
  4.550000E-01  5.718984E-03
  4.560000E-01  5.697921E-03
  4.570000E-01  5.607681E-03
  4.580000E-01  5.454118E-03
  4.590000E-01  5.244508E-03
  4.600000E-01  4.987249E-03
  4.610000E-01  4.691521E-03
  4.620000E-01  4.366945E-03
  4.630000E-01  4.023221E-03
  4.640000E-01  3.669786E-03
  4.650000E-01  3.315481E-03
  4.660000E-01  2.968257E-03
  4.670000E-01  2.634916E-03
  4.680000E-01  2.320902E-03
  4.690000E-01  2.030144E-03
  4.700000E-01  1.764964E-03
  4.710000E-01  1.526037E-03
  4.720000E-01  1.312429E-03
  4.730000E-01  1.121676E-03
  4.740000E-01  9.499362E-04
  4.750000E-01  7.921847E-04
  4.760000E-01  6.424544E-04
  4.770000E-01  4.941126E-04
  4.780000E-01  3.401635E-04
  4.790000E-01  1.735650E-04
  4.800000E-01 -1.244982E-05
  4.810000E-01 -2.240582E-04
  4.820000E-01 -4.665511E-04
  4.830000E-01 -7.440640E-04
  4.840000E-01 -1.059346E-03
  4.850000E-01 -1.413571E-03
  4.860000E-01 -1.806206E-03
  4.870000E-01 -2.234929E-03
  4.880000E-01 -2.695612E-03
  4.890000E-01 -3.182365E-03
  4.900000E-01 -3.687634E-03
  4.910000E-01 -4.202361E-03
  4.920000E-01 -4.716200E-03
  4.930000E-01 -5.217776E-03
  4.940000E-01 -5.694980E-03
  4.950000E-01 -6.135305E-03
  4.960000E-01 -6.526195E-03
  4.970000E-01 -6.855408E-03
  4.980000E-01 -7.111380E-03
  4.990000E-01 -7.283578E-03
  5.000000E-01 -7.362833E-03
  5.010000E-01 -7.341640E-03
  5.020000E-01 -7.214422E-03
  5.030000E-01 -6.977750E-03
  5.040000E-01 -6.630495E-03
  5.050000E-01 -6.173944E-03
  5.060000E-01 -5.611830E-03
  5.070000E-01 -4.950318E-03
  5.080000E-01 -4.197915E-03
  5.090000E-01 -3.365324E-03
  5.100000E-01 -2.465239E-03
  5.110000E-01 -1.512086E-03
  5.120000E-01 -5.217211E-04
  5.130000E-01  4.889172E-04
  5.140000E-01  1.502177E-03
  5.150000E-01  2.500086E-03
  5.160000E-01  3.464759E-03
  5.170000E-01  4.378796E-03
  5.180000E-01  5.225677E-03
  5.190000E-01  5.990135E-03
  5.200000E-01  6.658500E-03
  5.210000E-01  7.219000E-03
  5.220000E-01  7.662024E-03
  5.230000E-01  7.980330E-03
  5.240000E-01  8.169193E-03
  5.250000E-01  8.226499E-03
  5.260000E-01  8.152775E-03
  5.270000E-01  7.951155E-03
  5.280000E-01  7.627286E-03
  5.290000E-01  7.189183E-03
  5.300000E-01  6.647017E-03
  5.310000E-01  6.012871E-03
  5.320000E-01  5.300440E-03
  5.330000E-01  4.524710E-03
  5.340000E-01  3.701602E-03
  5.350000E-01  2.847606E-03
  5.360000E-01  1.979404E-03
  5.370000E-01  1.113498E-03
  5.380000E-01  2.658478E-04
  5.390000E-01 -5.484736E-04
  5.400000E-01 -1.315593E-03
  5.410000E-01 -2.023119E-03
  5.420000E-01 -2.660380E-03
  5.430000E-01 -3.218617E-03
  5.440000E-01 -3.691130E-03
  5.450000E-01 -4.073367E-03
  5.460000E-01 -4.362961E-03
  5.470000E-01 -4.559716E-03
  5.480000E-01 -4.665540E-03
  5.490000E-01 -4.684324E-03
  5.500000E-01 -4.621785E-03
  5.510000E-01 -4.485259E-03
  5.520000E-01 -4.283468E-03
  5.530000E-01 -4.026250E-03
  5.540000E-01 -3.724277E-03
  5.550000E-01 -3.388756E-03
  5.560000E-01 -3.031122E-03
  5.570000E-01 -2.662737E-03
  5.580000E-01 -2.294600E-03
  5.590000E-01 -1.937069E-03
  5.600000E-01 -1.599612E-03
  5.610000E-01 -1.290588E-03
  5.620000E-01 -1.017055E-03
  5.630000E-01 -7.846300E-04
  5.640000E-01 -5.973807E-04
  5.650000E-01 -4.577663E-04
  5.660000E-01 -3.666227E-04
  5.670000E-01 -3.231925E-04
  5.680000E-01 -3.251978E-04
  5.690000E-01 -3.689546E-04
  5.700000E-01 -4.495236E-04
  5.710000E-01 -5.608938E-04
  5.720000E-01 -6.961936E-04
  5.730000E-01 -8.479231E-04
  5.740000E-01 -1.008200E-03
  5.750000E-01 -1.169014E-03
  5.760000E-01 -1.322485E-03
  5.770000E-01 -1.461105E-03
  5.780000E-01 -1.577980E-03
  5.790000E-01 -1.667045E-03
  5.800000E-01 -1.723250E-03
  5.810000E-01 -1.742724E-03
  5.820000E-01 -1.722896E-03
  5.830000E-01 -1.662583E-03
  5.840000E-01 -1.562033E-03
  5.850000E-01 -1.422929E-03
  5.860000E-01 -1.248346E-03
  5.870000E-01 -1.042672E-03
  5.880000E-01 -8.114869E-04
  5.890000E-01 -5.614039E-04
  5.900000E-01 -2.998829E-04
  5.910000E-01 -3.501379E-05
  5.920000E-01  2.247195E-04
  5.930000E-01  4.706896E-04
  5.940000E-01  6.943846E-04
  5.950000E-01  8.876658E-04
  5.960000E-01  1.043020E-03
  5.970000E-01  1.153798E-03
  5.980000E-01  1.214430E-03
  5.990000E-01  1.220617E-03
  6.000000E-01  1.169486E-03
  6.010000E-01  1.059713E-03
  6.020000E-01  8.915955E-04
  6.030000E-01  6.670933E-04
  6.040000E-01  3.898114E-04
  6.050000E-01  6.494364E-05
  6.060000E-01 -3.008304E-04
  6.070000E-01 -6.994923E-04
  6.080000E-01 -1.121871E-03
  6.090000E-01 -1.557865E-03
  6.100000E-01 -1.996692E-03
  6.110000E-01 -2.427165E-03
  6.120000E-01 -2.837985E-03
  6.130000E-01 -3.218036E-03
  6.140000E-01 -3.556691E-03
  6.150000E-01 -3.844097E-03
  6.160000E-01 -4.071458E-03
  6.170000E-01 -4.231286E-03
  6.180000E-01 -4.317620E-03
  6.190000E-01 -4.326217E-03
  6.200000E-01 -4.254687E-03
  6.210000E-01 -4.102594E-03
  6.220000E-01 -3.871497E-03
  6.230000E-01 -3.564940E-03
  6.240000E-01 -3.188394E-03
  6.250000E-01 -2.749142E-03
  6.260000E-01 -2.256115E-03
  6.270000E-01 -1.719682E-03
  6.280000E-01 -1.151402E-03
  6.290000E-01 -5.637365E-04
  6.300000E-01  3.026322E-05
  6.310000E-01  6.172869E-04
  6.320000E-01  1.184110E-03
  6.330000E-01  1.717937E-03
  6.340000E-01  2.206742E-03
  6.350000E-01  2.639584E-03
  6.360000E-01  3.006908E-03
  6.370000E-01  3.300803E-03
  6.380000E-01  3.515222E-03
  6.390000E-01  3.646158E-03
  6.400000E-01  3.691761E-03
  6.410000E-01  3.652406E-03
  6.420000E-01  3.530692E-03
  6.430000E-01  3.331394E-03
  6.440000E-01  3.061349E-03
  6.450000E-01  2.729283E-03
  6.460000E-01  2.345595E-03
  6.470000E-01  1.922087E-03
  6.480000E-01  1.471659E-03
  6.490000E-01  1.007963E-03
  6.500000E-01  5.450508E-04
  6.510000E-01  9.698764E-05
  6.520000E-01 -3.225208E-04
  6.530000E-01 -7.005039E-04
  6.540000E-01 -1.025082E-03
  6.550000E-01 -1.285798E-03
  6.560000E-01 -1.473907E-03
  6.570000E-01 -1.582635E-03
  6.580000E-01 -1.607373E-03
  6.590000E-01 -1.545821E-03
  6.600000E-01 -1.398077E-03
  6.610000E-01 -1.166650E-03
  6.620000E-01 -8.564242E-04
  6.630000E-01 -4.745427E-04
  6.640000E-01 -3.024615E-05
  6.650000E-01  4.653548E-04
  6.660000E-01  9.995551E-04
  6.670000E-01  1.558375E-03
  6.680000E-01  2.126918E-03
  6.690000E-01  2.689748E-03
  6.700000E-01  3.231295E-03
  6.710000E-01  3.736255E-03
  6.720000E-01  4.189996E-03
  6.730000E-01  4.578939E-03
  6.740000E-01  4.890919E-03
  6.750000E-01  5.115518E-03
  6.760000E-01  5.244340E-03
  6.770000E-01  5.271247E-03
  6.780000E-01  5.192537E-03
  6.790000E-01  5.007056E-03
  6.800000E-01  4.716246E-03
  6.810000E-01  4.324135E-03
  6.820000E-01  3.837250E-03
  6.830000E-01  3.264478E-03
  6.840000E-01  2.616857E-03
  6.850000E-01  1.907321E-03
  6.860000E-01  1.150395E-03
  6.870000E-01  3.618446E-04
  6.880000E-01 -4.416938E-04
  6.890000E-01 -1.243116E-03
  6.900000E-01 -2.025256E-03
  6.910000E-01 -2.771296E-03
  6.920000E-01 -3.465168E-03
  6.930000E-01 -4.091932E-03
  6.940000E-01 -4.638128E-03
  6.950000E-01 -5.092091E-03
  6.960000E-01 -5.444217E-03
  6.970000E-01 -5.687185E-03
  6.980000E-01 -5.816113E-03
  6.990000E-01 -5.828660E-03
  7.000000E-01 -5.725068E-03
  7.010000E-01 -5.508134E-03
  7.020000E-01 -5.183129E-03
  7.030000E-01 -4.757655E-03
  7.040000E-01 -4.241450E-03
  7.050000E-01 -3.646139E-03
  7.060000E-01 -2.984952E-03
  7.070000E-01 -2.272402E-03
  7.080000E-01 -1.523935E-03
  7.090000E-01 -7.555738E-04
  7.100000E-01  1.646017E-05
  7.110000E-01  7.761133E-04
  7.120000E-01  1.507860E-03
  7.130000E-01  2.197043E-03
  7.140000E-01  2.830189E-03
  7.150000E-01  3.395285E-03
  7.160000E-01  3.882023E-03
  7.170000E-01  4.281993E-03
  7.180000E-01  4.588829E-03
  7.190000E-01  4.798305E-03
  7.200000E-01  4.908382E-03
  7.210000E-01  4.919196E-03
  7.220000E-01  4.833002E-03
  7.230000E-01  4.654068E-03
  7.240000E-01  4.388525E-03
  7.250000E-01  4.044179E-03
  7.260000E-01  3.630289E-03
  7.270000E-01  3.157319E-03
  7.280000E-01  2.636668E-03
  7.290000E-01  2.080389E-03
  7.300000E-01  1.500898E-03
  7.310000E-01  9.106899E-04
  7.320000E-01  3.220580E-04
  7.330000E-01 -2.531733E-04
  7.340000E-01 -8.038925E-04
  7.350000E-01 -1.319922E-03
  7.360000E-01 -1.792209E-03
  7.370000E-01 -2.212984E-03
  7.380000E-01 -2.575886E-03
  7.390000E-01 -2.876043E-03
  7.400000E-01 -3.110130E-03
  7.410000E-01 -3.276370E-03
  7.420000E-01 -3.374520E-03
  7.430000E-01 -3.405808E-03
  7.440000E-01 -3.372843E-03
  7.450000E-01 -3.279502E-03
  7.460000E-01 -3.130787E-03
  7.470000E-01 -2.932669E-03
  7.480000E-01 -2.691908E-03
  7.490000E-01 -2.415873E-03
  7.500000E-01 -2.112351E-03
  7.510000E-01 -1.789355E-03
  7.520000E-01 -1.454938E-03
  7.530000E-01 -1.117012E-03
  7.540000E-01 -7.831848E-04
  7.550000E-01 -4.606005E-04
  7.560000E-01 -1.558084E-04
  7.570000E-01  1.253548E-04
  7.580000E-01  3.778594E-04
  7.590000E-01  5.975556E-04
  7.600000E-01  7.812232E-04
  7.610000E-01  9.265996E-04
  7.620000E-01  1.032385E-03
  7.630000E-01  1.098226E-03
  7.640000E-01  1.124685E-03
  7.650000E-01  1.113181E-03
  7.660000E-01  1.065930E-03
  7.670000E-01  9.858568E-04
  7.680000E-01  8.765085E-04
  7.690000E-01  7.419514E-04
  7.700000E-01  5.866659E-04
  7.710000E-01  4.154370E-04
  7.720000E-01  2.332436E-04
  7.730000E-01  4.514880E-05
  7.740000E-01 -1.438065E-04
  7.750000E-01 -3.287055E-04
  7.760000E-01 -5.048507E-04
  7.770000E-01 -6.678515E-04
  7.780000E-01 -8.137024E-04
  7.790000E-01 -9.388519E-04
  7.800000E-01 -1.040260E-03
  7.810000E-01 -1.115446E-03
  7.820000E-01 -1.162523E-03
  7.830000E-01 -1.180221E-03
  7.840000E-01 -1.167901E-03
  7.850000E-01 -1.125557E-03
  7.860000E-01 -1.053802E-03
  7.870000E-01 -9.538509E-04
  7.880000E-01 -8.274904E-04
  7.890000E-01 -6.770373E-04
  7.900000E-01 -5.052919E-04
  7.910000E-01 -3.154821E-04
  7.920000E-01 -1.112005E-04
  7.930000E-01  1.036634E-04
  7.940000E-01  3.249963E-04
  7.950000E-01  5.485378E-04
  7.960000E-01  7.699597E-04
  7.970000E-01  9.849460E-04
  7.980000E-01  1.189274E-03
  7.990000E-01  1.378893E-03
  8.000000E-01  1.550003E-03
  8.010000E-01  1.699126E-03
  8.020000E-01  1.823176E-03
  8.030000E-01  1.919519E-03
  8.040000E-01  1.986031E-03
  8.050000E-01  2.021144E-03
  8.060000E-01  2.023878E-03
  8.070000E-01  1.993874E-03
  8.080000E-01  1.931405E-03
  8.090000E-01  1.837380E-03
  8.100000E-01  1.713337E-03
  8.110000E-01  1.561416E-03
  8.120000E-01  1.384335E-03
  8.130000E-01  1.185335E-03
  8.140000E-01  9.681279E-04
  8.150000E-01  7.368271E-04
  8.160000E-01  4.958714E-04
  8.170000E-01  2.499389E-04
  8.180000E-01  3.855001E-06
  8.190000E-01 -2.375043E-04
  8.200000E-01 -4.693120E-04
  8.210000E-01 -6.868908E-04
  8.220000E-01 -8.858122E-04
  8.230000E-01 -1.061992E-03
  8.240000E-01 -1.211782E-03
  8.250000E-01 -1.332048E-03
  8.260000E-01 -1.420246E-03
  8.270000E-01 -1.474483E-03
  8.280000E-01 -1.493562E-03
  8.290000E-01 -1.477015E-03
  8.300000E-01 -1.425125E-03
  8.310000E-01 -1.338920E-03
  8.320000E-01 -1.220165E-03
  8.330000E-01 -1.071326E-03
  8.340000E-01 -8.955228E-04
  8.350000E-01 -6.964686E-04
  8.360000E-01 -4.783923E-04
  8.370000E-01 -2.459505E-04
  8.380000E-01 -4.128574E-06
  8.390000E-01  2.418656E-04
  8.400000E-01  4.867143E-04
  8.410000E-01  7.251056E-04
  8.420000E-01  9.518490E-04
  8.430000E-01  1.161990E-03
  8.440000E-01  1.350917E-03
  8.450000E-01  1.514467E-03
  8.460000E-01  1.649013E-03
  8.470000E-01  1.751548E-03
  8.480000E-01  1.819747E-03
  8.490000E-01  1.852022E-03
  8.500000E-01  1.847554E-03
  8.510000E-01  1.806312E-03
  8.520000E-01  1.729048E-03
  8.530000E-01  1.617286E-03
  8.540000E-01  1.473277E-03
  8.550000E-01  1.299956E-03
  8.560000E-01  1.100868E-03
  8.570000E-01  8.800905E-04
  8.580000E-01  6.421397E-04
  8.590000E-01  3.918696E-04
  8.600000E-01  1.343621E-04
  8.610000E-01 -1.251854E-04
  8.620000E-01 -3.815761E-04
  8.630000E-01 -6.297271E-04
  8.640000E-01 -8.647803E-04
  8.650000E-01 -1.082207E-03
  8.660000E-01 -1.277904E-03
  8.670000E-01 -1.448277E-03
  8.680000E-01 -1.590317E-03
  8.690000E-01 -1.701656E-03
  8.700000E-01 -1.780610E-03
  8.710000E-01 -1.826209E-03
  8.720000E-01 -1.838205E-03
  8.730000E-01 -1.817067E-03
  8.740000E-01 -1.763961E-03
  8.750000E-01 -1.680708E-03
  8.760000E-01 -1.569737E-03
  8.770000E-01 -1.434018E-03
  8.780000E-01 -1.276987E-03
  8.790000E-01 -1.102460E-03
  8.800000E-01 -9.145416E-04
  8.810000E-01 -7.175294E-04
  8.820000E-01 -5.158133E-04
  8.830000E-01 -3.137769E-04
  8.840000E-01 -1.157000E-04
  8.850000E-01  7.433365E-05
  8.860000E-01  2.525233E-04
  8.870000E-01  4.154291E-04
  8.880000E-01  5.600400E-04
  8.890000E-01  6.838315E-04
  8.900000E-01  7.848102E-04
  8.910000E-01  8.615458E-04
  8.920000E-01  9.131895E-04
  8.930000E-01  9.394794E-04
  8.940000E-01  9.407323E-04
  8.950000E-01  9.178228E-04
  8.960000E-01  8.721502E-04
  8.970000E-01  8.055950E-04
  8.980000E-01  7.204654E-04
  8.990000E-01  6.194354E-04
  9.000000E-01  5.054761E-04
  9.010000E-01  3.817829E-04
  9.020000E-01  2.516982E-04
  9.030000E-01  1.186335E-04
  9.040000E-01 -1.400836E-05
  9.050000E-01 -1.429093E-04
  9.060000E-01 -2.649079E-04
  9.070000E-01 -3.770669E-04
  9.080000E-01 -4.767338E-04
  9.090000E-01 -5.615938E-04
  9.100000E-01 -6.297146E-04
  9.110000E-01 -6.795817E-04
  9.120000E-01 -7.101239E-04
  9.130000E-01 -7.207284E-04
  9.140000E-01 -7.112462E-04
  9.150000E-01 -6.819871E-04
  9.160000E-01 -6.337049E-04
  9.170000E-01 -5.675737E-04
  9.180000E-01 -4.851554E-04
  9.190000E-01 -3.883601E-04
  9.200000E-01 -2.793992E-04
  9.210000E-01 -1.607339E-04
  9.220000E-01 -3.501882E-05
  9.230000E-01  9.495736E-05
  9.240000E-01  2.263326E-04
  9.250000E-01  3.562330E-04
  9.260000E-01  4.818332E-04
  9.270000E-01  6.004154E-04
  9.280000E-01  7.094240E-04
  9.290000E-01  8.065172E-04
  9.300000E-01  8.896130E-04
  9.310000E-01  9.569289E-04
  9.320000E-01  1.007015E-03
  9.330000E-01  1.038781E-03
  9.340000E-01  1.051513E-03
  9.350000E-01  1.044885E-03
  9.360000E-01  1.018961E-03
  9.370000E-01  9.741892E-04
  9.380000E-01  9.113896E-04
  9.390000E-01  8.317326E-04
  9.400000E-01  7.367112E-04
  9.410000E-01  6.281079E-04
  9.420000E-01  5.079547E-04
  9.430000E-01  3.784892E-04
  9.440000E-01  2.421069E-04
  9.450000E-01  1.013100E-04
  9.460000E-01 -4.134431E-05
  9.470000E-01 -1.832975E-04
  9.480000E-01 -3.220419E-04
  9.490000E-01 -4.551718E-04
  9.500000E-01 -5.804322E-04
  9.510000E-01 -6.957634E-04
  9.520000E-01 -7.993414E-04
  9.530000E-01 -8.896130E-04
  9.540000E-01 -9.653252E-04
  9.550000E-01 -1.025547E-03
  9.560000E-01 -1.069684E-03
  9.570000E-01 -1.097489E-03
  9.580000E-01 -1.109057E-03
  9.590000E-01 -1.104824E-03
  9.600000E-01 -1.085548E-03
  9.610000E-01 -1.052286E-03
  9.620000E-01 -1.006369E-03
  9.630000E-01 -9.493647E-04
  9.640000E-01 -8.830401E-04
  9.650000E-01 -8.093142E-04
  9.660000E-01 -7.302132E-04
  9.670000E-01 -6.478198E-04
  9.680000E-01 -5.642232E-04
  9.690000E-01 -4.814684E-04
  9.700000E-01 -4.015072E-04
  9.710000E-01 -3.261517E-04
  9.720000E-01 -2.570310E-04
  9.730000E-01 -1.955530E-04
  9.740000E-01 -1.428713E-04
  9.750000E-01 -9.985848E-05
  9.760000E-01 -6.708657E-05
  9.770000E-01 -4.481440E-05
  9.780000E-01 -3.298326E-05
  9.790000E-01 -3.122011E-05
  9.800000E-01 -3.884873E-05
  9.810000E-01 -5.490844E-05
  9.820000E-01 -7.818008E-05
  9.830000E-01 -1.072185E-04
  9.840000E-01 -1.403913E-04
  9.850000E-01 -1.759220E-04
  9.860000E-01 -2.119378E-04
  9.870000E-01 -2.465199E-04
  9.880000E-01 -2.777558E-04
  9.890000E-01 -3.037918E-04
  9.900000E-01 -3.228848E-04
  9.910000E-01 -3.334519E-04
  9.920000E-01 -3.341168E-04
  9.930000E-01 -3.237519E-04
  9.940000E-01 -3.015139E-04
  9.950000E-01 -2.668737E-04
  9.960000E-01 -2.196384E-04
  9.970000E-01 -1.599658E-04
  9.980000E-01 -8.836877E-05
  9.990000E-01 -5.713009E-06
  1.000000E+00  8.679609E-05
  1.001000E+00  1.876342E-04
  1.002000E+00  2.949877E-04
  1.003000E+00  4.067907E-04
  1.004000E+00  5.207696E-04
  1.005000E+00  6.344932E-04
  1.006000E+00  7.454282E-04
  1.007000E+00  8.509977E-04
  1.008000E+00  9.486428E-04
  1.009000E+00  1.035884E-03
  1.010000E+00  1.110385E-03
  1.011000E+00  1.170007E-03
  1.012000E+00  1.212872E-03
  1.013000E+00  1.237406E-03
  1.014000E+00  1.242390E-03
  1.015000E+00  1.226994E-03
  1.016000E+00  1.190809E-03
  1.017000E+00  1.133862E-03
  1.018000E+00  1.056631E-03
  1.019000E+00  9.600437E-04
  1.020000E+00  8.454660E-04
  1.021000E+00  7.146818E-04
  1.022000E+00  5.698629E-04
  1.023000E+00  4.135283E-04
  1.024000E+00  2.484963E-04
  1.025000E+00  7.782762E-05
  1.026000E+00 -9.523677E-05
  1.027000E+00 -2.673437E-04
  1.028000E+00 -4.350990E-04
  1.029000E+00 -5.951410E-04
  1.030000E+00 -7.442141E-04
  1.031000E+00 -8.792413E-04
  1.032000E+00 -9.973938E-04
  1.033000E+00 -1.096155E-03
  1.034000E+00 -1.173382E-03
  1.035000E+00 -1.227351E-03
  1.036000E+00 -1.256808E-03
  1.037000E+00 -1.260992E-03
  1.038000E+00 -1.239665E-03
  1.039000E+00 -1.193117E-03
  1.040000E+00 -1.122167E-03
  1.041000E+00 -1.028150E-03
  1.042000E+00 -9.128910E-04
  1.043000E+00 -7.786698E-04
  1.044000E+00 -6.281753E-04
  1.045000E+00 -4.644494E-04
  1.046000E+00 -2.908229E-04
  1.047000E+00 -1.108446E-04
  1.048000E+00  7.179467E-05
  1.049000E+00  2.533415E-04
  1.050000E+00  4.300615E-04
  1.051000E+00  5.983210E-04
  1.052000E+00  7.546660E-04
  1.053000E+00  8.958979E-04
  1.054000E+00  1.019144E-03
  1.055000E+00  1.121922E-03
  1.056000E+00  1.202190E-03
  1.057000E+00  1.258399E-03
  1.058000E+00  1.289519E-03
  1.059000E+00  1.295067E-03
  1.060000E+00  1.275115E-03
  1.061000E+00  1.230287E-03
  1.062000E+00  1.161746E-03
  1.063000E+00  1.071163E-03
  1.064000E+00  9.606851E-04
  1.065000E+00  8.328796E-04
  1.066000E+00  6.906784E-04
  1.067000E+00  5.373096E-04
  1.068000E+00  3.762239E-04
  1.069000E+00  2.110147E-04
  1.070000E+00  4.533640E-05
  1.071000E+00 -1.171799E-04
  1.072000E+00 -2.730092E-04
  1.073000E+00 -4.188132E-04
  1.074000E+00 -5.515164E-04
  1.075000E+00 -6.683757E-04
  1.076000E+00 -7.670420E-04
  1.077000E+00 -8.456127E-04
  1.078000E+00 -9.026734E-04
  1.079000E+00 -9.373274E-04
  1.080000E+00 -9.492139E-04
  1.081000E+00 -9.385123E-04
  1.082000E+00 -9.059346E-04
  1.083000E+00 -8.527042E-04
  1.084000E+00 -7.805236E-04
  1.085000E+00 -6.915301E-04
  1.086000E+00 -5.882412E-04
  1.087000E+00 -4.734916E-04
  1.088000E+00 -3.503625E-04
  1.089000E+00 -2.221053E-04
  1.090000E+00 -9.206183E-05
  1.091000E+00  3.641749E-05
  1.092000E+00  1.600552E-04
  1.093000E+00  2.757259E-04
  1.094000E+00  3.805315E-04
  1.095000E+00  4.718700E-04
  1.096000E+00  5.474972E-04
  1.097000E+00  6.055781E-04
  1.098000E+00  6.447292E-04
  1.099000E+00  6.640481E-04
  1.100000E+00  6.631315E-04
  1.101000E+00  6.420807E-04
  1.102000E+00  6.014940E-04
  1.103000E+00  5.424468E-04
  1.104000E+00  4.664607E-04
  1.105000E+00  3.754601E-04
  1.106000E+00  2.717206E-04
  1.107000E+00  1.578081E-04
  1.108000E+00  3.651150E-05
  1.109000E+00 -8.923003E-05
  1.110000E+00 -2.164021E-04
  1.111000E+00 -3.419919E-04
  1.112000E+00 -4.630640E-04
  1.113000E+00 -5.768332E-04
  1.114000E+00 -6.807332E-04
  1.115000E+00 -7.724781E-04
  1.116000E+00 -8.501165E-04
  1.117000E+00 -9.120768E-04
  1.118000E+00 -9.572008E-04
  1.119000E+00 -9.847677E-04
  1.120000E+00 -9.945051E-04
  1.121000E+00 -9.865893E-04
  1.122000E+00 -9.616328E-04
  1.123000E+00 -9.206615E-04
  1.124000E+00 -8.650807E-04
  1.125000E+00 -7.966316E-04
  1.126000E+00 -7.173401E-04
  1.127000E+00 -6.294578E-04
  1.128000E+00 -5.353988E-04
  1.129000E+00 -4.376722E-04
  1.130000E+00 -3.388140E-04
  1.131000E+00 -2.413183E-04
  1.132000E+00 -1.475713E-04
  1.133000E+00 -5.978925E-05
  1.134000E+00  2.003842E-05
  1.135000E+00  9.019861E-05
  1.136000E+00  1.492957E-04
  1.137000E+00  1.962837E-04
  1.138000E+00  2.304875E-04
  1.139000E+00  2.516147E-04
  1.140000E+00  2.597556E-04
  1.141000E+00  2.553735E-04
  1.142000E+00  2.392840E-04
  1.143000E+00  2.126255E-04
  1.144000E+00  1.768212E-04
  1.145000E+00  1.335332E-04
  1.146000E+00  8.461125E-05
  1.147000E+00  3.203708E-05
  1.148000E+00 -2.213429E-05
  1.149000E+00 -7.583416E-05
  1.150000E+00 -1.270392E-04
  1.151000E+00 -1.738280E-04
  1.152000E+00 -2.144345E-04
  1.153000E+00 -2.472953E-04
  1.154000E+00 -2.710910E-04
  1.155000E+00 -2.847799E-04
  1.156000E+00 -2.876236E-04
  1.157000E+00 -2.792027E-04
  1.158000E+00 -2.594248E-04
  1.159000E+00 -2.285214E-04
  1.160000E+00 -1.870370E-04
  1.161000E+00 -1.358092E-04
  1.162000E+00 -7.594051E-05
  1.163000E+00 -8.763422E-06
  1.164000E+00  6.420028E-05
  1.165000E+00  1.412852E-04
  1.166000E+00  2.207310E-04
  1.167000E+00  3.007333E-04
  1.168000E+00  3.794945E-04
  1.169000E+00  4.552740E-04
  1.170000E+00  5.264356E-04
  1.171000E+00  5.914911E-04
  1.172000E+00  6.491393E-04
  1.173000E+00  6.982984E-04
  1.174000E+00  7.381324E-04
  1.175000E+00  7.680693E-04
  1.176000E+00  7.878117E-04
  1.177000E+00  7.973397E-04
  1.178000E+00  7.969057E-04
  1.179000E+00  7.870212E-04
  1.180000E+00  7.684371E-04
  1.181000E+00  7.421173E-04
  1.182000E+00  7.092068E-04
  1.183000E+00  6.709953E-04
  1.184000E+00  6.288773E-04
  1.185000E+00  5.843105E-04
  1.186000E+00  5.387732E-04
  1.187000E+00  4.937213E-04
  1.188000E+00  4.505481E-04
  1.189000E+00  4.105460E-04
  1.190000E+00  3.748719E-04
  1.191000E+00  3.445180E-04
  1.192000E+00  3.202869E-04
  1.193000E+00  3.027735E-04
  1.194000E+00  2.923528E-04
  1.195000E+00  2.891741E-04
  1.196000E+00  2.931622E-04
  1.197000E+00  3.040243E-04
  1.198000E+00  3.212635E-04
  1.199000E+00  3.441972E-04
  1.200000E+00  3.719806E-04
  1.201000E+00  4.036345E-04
  1.202000E+00  4.380757E-04
  1.203000E+00  4.741507E-04
  1.204000E+00  5.106696E-04
  1.205000E+00  5.464412E-04
  1.206000E+00  5.803072E-04
  1.207000E+00  6.111752E-04
  1.208000E+00  6.380483E-04
  1.209000E+00  6.600531E-04
  1.210000E+00  6.764625E-04
  1.211000E+00  6.867148E-04
  1.212000E+00  6.904275E-04
  1.213000E+00  6.874067E-04
  1.214000E+00  6.776503E-04
  1.215000E+00  6.613466E-04
  1.216000E+00  6.388680E-04
  1.217000E+00  6.107592E-04
  1.218000E+00  5.777218E-04
  1.219000E+00  5.405949E-04
  1.220000E+00  5.003324E-04
  1.221000E+00  4.579782E-04
  1.222000E+00  4.146394E-04
  1.223000E+00  3.714586E-04
  1.224000E+00  3.295867E-04
  1.225000E+00  2.901549E-04
  1.226000E+00  2.542496E-04
  1.227000E+00  2.228878E-04
  1.228000E+00  1.969953E-04
  1.229000E+00  1.773882E-04
  1.230000E+00  1.647567E-04
  1.231000E+00  1.596523E-04
  1.232000E+00  1.624790E-04
  1.233000E+00  1.734873E-04
  1.234000E+00  1.927716E-04
  1.235000E+00  2.202712E-04
  1.236000E+00  2.557732E-04
  1.237000E+00  2.989195E-04
  1.238000E+00  3.492146E-04
  1.239000E+00  4.060368E-04
  1.240000E+00  4.686500E-04
  1.241000E+00  5.362175E-04
  1.242000E+00  6.078165E-04
  1.243000E+00  6.824530E-04
  1.244000E+00  7.590783E-04
  1.245000E+00  8.366039E-04
  1.246000E+00  9.139179E-04
  1.247000E+00  9.899004E-04
  1.248000E+00  1.063439E-03
  1.249000E+00  1.133442E-03
  1.250000E+00  1.198854E-03
  1.251000E+00  1.258670E-03
  1.252000E+00  1.311946E-03
  1.253000E+00  1.357811E-03
  1.254000E+00  1.395480E-03
  1.255000E+00  1.424261E-03
  1.256000E+00  1.443568E-03
  1.257000E+00  1.452928E-03
  1.258000E+00  1.451987E-03
  1.259000E+00  1.440519E-03
  1.260000E+00  1.418428E-03
  1.261000E+00  1.385759E-03
  1.262000E+00  1.342693E-03
  1.263000E+00  1.289555E-03
  1.264000E+00  1.226811E-03
  1.265000E+00  1.155067E-03
  1.266000E+00  1.075069E-03
  1.267000E+00  9.876918E-04
  1.268000E+00  8.939389E-04
  1.269000E+00  7.949273E-04
  1.270000E+00  6.918790E-04
  1.271000E+00  5.861064E-04
  1.272000E+00  4.789959E-04
  1.273000E+00  3.719903E-04
  1.274000E+00  2.665679E-04
  1.275000E+00  1.642207E-04
  1.276000E+00  6.643067E-05
  1.277000E+00 -2.535490E-05
  1.278000E+00 -1.097494E-04
  1.279000E+00 -1.854526E-04
  1.280000E+00 -2.512767E-04
  1.281000E+00 -3.061712E-04
  1.282000E+00 -3.492464E-04
  1.283000E+00 -3.797958E-04
  1.284000E+00 -3.973147E-04
  1.285000E+00 -4.015165E-04
  1.286000E+00 -3.923451E-04
  1.287000E+00 -3.699831E-04
  1.288000E+00 -3.348554E-04
  1.289000E+00 -2.876276E-04
  1.290000E+00 -2.292002E-04
  1.291000E+00 -1.606965E-04
  1.292000E+00 -8.344568E-05
  1.293000E+00  1.038623E-06
  1.294000E+00  9.108518E-05
  1.295000E+00  1.848959E-04
  1.296000E+00  2.805804E-04
  1.297000E+00  3.761935E-04
  1.298000E+00  4.697750E-04
  1.299000E+00  5.593911E-04
  1.300000E+00  6.431760E-04
  1.301000E+00  7.193729E-04
  1.302000E+00  7.863738E-04
  1.303000E+00  8.427569E-04
  1.304000E+00  8.873201E-04
  1.305000E+00  9.191105E-04
  1.306000E+00  9.374489E-04
  1.307000E+00  9.419480E-04
  1.308000E+00  9.325244E-04
  1.309000E+00  9.094038E-04
  1.310000E+00  8.731189E-04
  1.311000E+00  8.245000E-04
  1.312000E+00  7.646585E-04
  1.313000E+00  6.949638E-04
  1.314000E+00  6.170134E-04
  1.315000E+00  5.325975E-04
  1.316000E+00  4.436584E-04
  1.317000E+00  3.522459E-04
  1.318000E+00  2.604700E-04
  1.319000E+00  1.704510E-04
  1.320000E+00  8.426986E-05
  1.321000E+00  3.918155E-06
  1.322000E+00 -6.874955E-05
  1.323000E+00 -1.320606E-04
  1.324000E+00 -1.845650E-04
  1.325000E+00 -2.250711E-04
  1.326000E+00 -2.526748E-04
  1.327000E+00 -2.667828E-04
  1.328000E+00 -2.671273E-04
  1.329000E+00 -2.537736E-04
  1.330000E+00 -2.271194E-04
  1.331000E+00 -1.878862E-04
  1.332000E+00 -1.371019E-04
  1.333000E+00 -7.607730E-05
  1.334000E+00 -6.374314E-06
  1.335000E+00  7.023139E-05
  1.336000E+00  1.517933E-04
  1.337000E+00  2.362412E-04
  1.338000E+00  3.214317E-04
  1.339000E+00  4.052004E-04
  1.340000E+00  4.854145E-04
  1.341000E+00  5.600259E-04
  1.342000E+00  6.271206E-04
  1.343000E+00  6.849664E-04
  1.344000E+00  7.320552E-04
  1.345000E+00  7.671406E-04
  1.346000E+00  7.892680E-04
  1.347000E+00  7.977990E-04
  1.348000E+00  7.924262E-04
  1.349000E+00  7.731814E-04
  1.350000E+00  7.404344E-04
  1.351000E+00  6.948836E-04
  1.352000E+00  6.375388E-04
  1.353000E+00  5.696956E-04
  1.354000E+00  4.929033E-04
  1.355000E+00  4.089265E-04
  1.356000E+00  3.197005E-04
  1.357000E+00  2.272835E-04
  1.358000E+00  1.338056E-04
  1.359000E+00  4.141505E-05
  1.360000E+00 -4.777423E-05
  1.361000E+00 -1.317357E-04
  1.362000E+00 -2.085802E-04
  1.363000E+00 -2.766024E-04
  1.364000E+00 -3.343230E-04
  1.365000E+00 -3.805248E-04
  1.366000E+00 -4.142819E-04
  1.367000E+00 -4.349825E-04
  1.368000E+00 -4.423423E-04
  1.369000E+00 -4.364113E-04
  1.370000E+00 -4.175707E-04
  1.371000E+00 -3.865228E-04
  1.372000E+00 -3.442726E-04
  1.373000E+00 -2.921012E-04
  1.374000E+00 -2.315339E-04
  1.375000E+00 -1.643012E-04
  1.376000E+00 -9.229607E-05
  1.377000E+00 -1.752615E-05
  1.378000E+00  5.793523E-05
  1.379000E+00  1.320002E-04
  1.380000E+00  2.026171E-04
  1.381000E+00  2.678204E-04
  1.382000E+00  3.257776E-04
  1.383000E+00  3.748332E-04
  1.384000E+00  4.135479E-04
  1.385000E+00  4.407318E-04
  1.386000E+00  4.554718E-04
  1.387000E+00  4.571521E-04
  1.388000E+00  4.454674E-04
  1.389000E+00  4.204277E-04
  1.390000E+00  3.823565E-04
  1.391000E+00  3.318810E-04
  1.392000E+00  2.699149E-04
  1.393000E+00  1.976344E-04
  1.394000E+00  1.164488E-04
  1.395000E+00  2.796475E-05
  1.396000E+00 -6.605302E-05
  1.397000E+00 -1.637248E-04
  1.398000E+00 -2.631011E-04
  1.399000E+00 -3.622089E-04
  1.400000E+00 -4.590978E-04
  1.401000E+00 -5.518851E-04
  1.402000E+00 -6.387984E-04
  1.403000E+00 -7.182149E-04
  1.404000E+00 -7.886966E-04
  1.405000E+00 -8.490201E-04
  1.406000E+00 -8.982011E-04
  1.407000E+00 -9.355122E-04
  1.408000E+00 -9.604953E-04
  1.409000E+00 -9.729659E-04
  1.410000E+00 -9.730120E-04
  1.411000E+00 -9.609864E-04
  1.412000E+00 -9.374925E-04
  1.413000E+00 -9.033649E-04
  1.414000E+00 -8.596454E-04
  1.415000E+00 -8.075541E-04
  1.416000E+00 -7.484577E-04
  1.417000E+00 -6.838353E-04
  1.418000E+00 -6.152421E-04
  1.419000E+00 -5.442726E-04
  1.420000E+00 -4.725246E-04
  1.421000E+00 -4.015636E-04
  1.422000E+00 -3.328891E-04
  1.423000E+00 -2.679041E-04
  1.424000E+00 -2.078874E-04
  1.425000E+00 -1.539699E-04
  1.426000E+00 -1.071152E-04
  1.427000E+00 -6.810476E-05
  1.428000E+00 -3.752736E-05
  1.429000E+00 -1.577410E-05
  1.430000E+00 -3.037548E-06
  1.431000E+00  6.844124E-07
  1.432000E+00 -4.419574E-06
  1.433000E+00 -1.798632E-05
  1.434000E+00 -3.949353E-05
  1.435000E+00 -6.827809E-05
  1.436000E+00 -1.035567E-04
  1.437000E+00 -1.444483E-04
  1.438000E+00 -1.899973E-04
  1.439000E+00 -2.391975E-04
  1.440000E+00 -2.910158E-04
  1.441000E+00 -3.444152E-04
  1.442000E+00 -3.983765E-04
  1.443000E+00 -4.519184E-04
  1.444000E+00 -5.041156E-04
  1.445000E+00 -5.541145E-04
  1.446000E+00 -6.011461E-04
  1.447000E+00 -6.445370E-04
  1.448000E+00 -6.837170E-04
  1.449000E+00 -7.182241E-04
  1.450000E+00 -7.477075E-04
  1.451000E+00 -7.719270E-04
  1.452000E+00 -7.907518E-04
  1.453000E+00 -8.041559E-04
  1.454000E+00 -8.122124E-04
  1.455000E+00 -8.150865E-04
  1.456000E+00 -8.130272E-04
  1.457000E+00 -8.063580E-04
  1.458000E+00 -7.954678E-04
  1.459000E+00 -7.808005E-04
  1.460000E+00 -7.628456E-04
  1.461000E+00 -7.421279E-04
  1.462000E+00 -7.191987E-04
  1.463000E+00 -6.946267E-04
  1.464000E+00 -6.689897E-04
  1.465000E+00 -6.428667E-04
  1.466000E+00 -6.168309E-04
  1.467000E+00 -5.914431E-04
  1.468000E+00 -5.672461E-04
  1.469000E+00 -5.447586E-04
  1.470000E+00 -5.244704E-04
  1.471000E+00 -5.068375E-04
  1.472000E+00 -4.922777E-04
  1.473000E+00 -4.811662E-04
  1.474000E+00 -4.738308E-04
  1.475000E+00 -4.705486E-04
  1.476000E+00 -4.715413E-04
  1.477000E+00 -4.769714E-04
  1.478000E+00 -4.869388E-04
  1.479000E+00 -5.014769E-04
  1.480000E+00 -5.205500E-04
  1.481000E+00 -5.440511E-04
  1.482000E+00 -5.717995E-04
  1.483000E+00 -6.035411E-04
  1.484000E+00 -6.389477E-04
  1.485000E+00 -6.776194E-04
  1.486000E+00 -7.190872E-04
  1.487000E+00 -7.628174E-04
  1.488000E+00 -8.082180E-04
  1.489000E+00 -8.546459E-04
  1.490000E+00 -9.014166E-04
  1.491000E+00 -9.478150E-04
  1.492000E+00 -9.931073E-04
  1.493000E+00 -1.036555E-03
  1.494000E+00 -1.077428E-03
  1.495000E+00 -1.115021E-03
  1.496000E+00 -1.148670E-03
  1.497000E+00 -1.177764E-03
  1.498000E+00 -1.201762E-03
  1.499000E+00 -1.220208E-03
  1.500000E+00 -1.232739E-03
  1.501000E+00 -1.239102E-03
  1.502000E+00 -1.239157E-03
  1.503000E+00 -1.232887E-03
  1.504000E+00 -1.220398E-03
  1.505000E+00 -1.201922E-03
  1.506000E+00 -1.177813E-03
  1.507000E+00 -1.148543E-03
  1.508000E+00 -1.114689E-03
  1.509000E+00 -1.076925E-03
  1.510000E+00 -1.036008E-03
  1.511000E+00 -9.927565E-04
  1.512000E+00 -9.480357E-04
  1.513000E+00 -9.027349E-04
  1.514000E+00 -8.577461E-04
  1.515000E+00 -8.139418E-04
  1.516000E+00 -7.721527E-04
  1.517000E+00 -7.331462E-04
  1.518000E+00 -6.976061E-04
  1.519000E+00 -6.661144E-04
  1.520000E+00 -6.391349E-04
  1.521000E+00 -6.170008E-04
  1.522000E+00 -5.999047E-04
  1.523000E+00 -5.878927E-04
  1.524000E+00 -5.808627E-04
  1.525000E+00 -5.785664E-04
  1.526000E+00 -5.806161E-04
  1.527000E+00 -5.864950E-04
  1.528000E+00 -5.955718E-04
  1.529000E+00 -6.071188E-04
  1.530000E+00 -6.203334E-04
  1.531000E+00 -6.343619E-04
  1.532000E+00 -6.483256E-04
  1.533000E+00 -6.613480E-04
  1.534000E+00 -6.725829E-04
  1.535000E+00 -6.812422E-04
  1.536000E+00 -6.866217E-04
  1.537000E+00 -6.881267E-04
  1.538000E+00 -6.852931E-04
  1.539000E+00 -6.778064E-04
  1.540000E+00 -6.655155E-04
  1.541000E+00 -6.484431E-04
  1.542000E+00 -6.267895E-04
  1.543000E+00 -6.009324E-04
  1.544000E+00 -5.714201E-04
  1.545000E+00 -5.389604E-04
  1.546000E+00 -5.044026E-04
  1.547000E+00 -4.687165E-04
  1.548000E+00 -4.329654E-04
  1.549000E+00 -3.982766E-04
  1.550000E+00 -3.658079E-04
  1.551000E+00 -3.367130E-04
  1.552000E+00 -3.121049E-04
  1.553000E+00 -2.930202E-04
  1.554000E+00 -2.803834E-04
  1.555000E+00 -2.749739E-04
  1.556000E+00 -2.773957E-04
  1.557000E+00 -2.880514E-04
  1.558000E+00 -3.071202E-04
  1.559000E+00 -3.345430E-04
  1.560000E+00 -3.700122E-04
  1.561000E+00 -4.129690E-04
  1.562000E+00 -4.626076E-04
  1.563000E+00 -5.178863E-04
  1.564000E+00 -5.775454E-04
  1.565000E+00 -6.401321E-04
  1.566000E+00 -7.040314E-04
  1.567000E+00 -7.675024E-04
  1.568000E+00 -8.287190E-04
  1.569000E+00 -8.858149E-04
  1.570000E+00 -9.369301E-04
  1.571000E+00 -9.802601E-04
  1.572000E+00 -1.014103E-03
  1.573000E+00 -1.036909E-03
  1.574000E+00 -1.047322E-03
  1.575000E+00 -1.044223E-03
  1.576000E+00 -1.026764E-03
  1.577000E+00 -9.944012E-04
  1.578000E+00 -9.469140E-04
  1.579000E+00 -8.844243E-04
  1.580000E+00 -8.074023E-04
  1.581000E+00 -7.166658E-04
  1.582000E+00 -6.133711E-04
  1.583000E+00 -4.989943E-04
  1.584000E+00 -3.753062E-04
  1.585000E+00 -2.443375E-04
  1.586000E+00 -1.083385E-04
  1.587000E+00  3.026730E-05
  1.588000E+00  1.689355E-04
  1.589000E+00  3.050556E-04
  1.590000E+00  4.360090E-04
  1.591000E+00  5.592280E-04
  1.592000E+00  6.722533E-04
  1.593000E+00  7.727913E-04
  1.594000E+00  8.587668E-04
  1.595000E+00  9.283715E-04
  1.596000E+00  9.801072E-04
  1.597000E+00  1.012821E-03
  1.598000E+00  1.025734E-03
  1.599000E+00  1.018461E-03
  1.600000E+00  9.910201E-04
  1.601000E+00  9.438331E-04
  1.602000E+00  8.777197E-04
  1.603000E+00  7.938779E-04
  1.604000E+00  6.938583E-04
  1.605000E+00  5.795294E-04
  1.606000E+00  4.530356E-04
  1.607000E+00  3.167494E-04
  1.608000E+00  1.732175E-04
  1.609000E+00  2.510409E-05
  1.610000E+00 -1.248689E-04
  1.611000E+00 -2.739820E-04
  1.612000E+00 -4.195781E-04
  1.613000E+00 -5.591204E-04
  1.614000E+00 -6.902465E-04
  1.615000E+00 -8.108183E-04
  1.616000E+00 -9.189650E-04
  1.617000E+00 -1.013120E-03
  1.618000E+00 -1.092052E-03
  1.619000E+00 -1.154879E-03
  1.620000E+00 -1.201088E-03
  1.621000E+00 -1.230531E-03
  1.622000E+00 -1.243423E-03
  1.623000E+00 -1.240323E-03
  1.624000E+00 -1.222114E-03
  1.625000E+00 -1.189970E-03
  1.626000E+00 -1.145320E-03
  1.627000E+00 -1.089805E-03
  1.628000E+00 -1.025228E-03
  1.629000E+00 -9.535109E-04
  1.630000E+00 -8.766352E-04
  1.631000E+00 -7.965950E-04
  1.632000E+00 -7.153441E-04
  1.633000E+00 -6.347483E-04
  1.634000E+00 -5.565401E-04
  1.635000E+00 -4.822794E-04
  1.636000E+00 -4.133185E-04
  1.637000E+00 -3.507746E-04
  1.638000E+00 -2.955093E-04
  1.639000E+00 -2.481155E-04
  1.640000E+00 -2.089117E-04
  1.641000E+00 -1.779449E-04
  1.642000E+00 -1.550002E-04
  1.643000E+00 -1.396180E-04
  1.644000E+00 -1.311172E-04
  1.645000E+00 -1.286244E-04
  1.646000E+00 -1.311077E-04
  1.647000E+00 -1.374139E-04
  1.648000E+00 -1.463088E-04
  1.649000E+00 -1.565173E-04
  1.650000E+00 -1.667655E-04
  1.651000E+00 -1.758200E-04
  1.652000E+00 -1.825251E-04
  1.653000E+00 -1.858375E-04
  1.654000E+00 -1.848555E-04
  1.655000E+00 -1.788436E-04
  1.656000E+00 -1.672510E-04
  1.657000E+00 -1.497246E-04
  1.658000E+00 -1.261148E-04
  1.659000E+00 -9.647499E-05
  1.660000E+00 -6.105529E-05
  1.661000E+00 -2.028956E-05
  1.662000E+00  2.522241E-05
  1.663000E+00  7.473767E-05
  1.664000E+00  1.273968E-04
  1.665000E+00  1.822533E-04
  1.666000E+00  2.383057E-04
  1.667000E+00  2.945294E-04
  1.668000E+00  3.499101E-04
  1.669000E+00  4.034744E-04
  1.670000E+00  4.543199E-04
  1.671000E+00  5.016409E-04
  1.672000E+00  5.447523E-04
  1.673000E+00  5.831069E-04
  1.674000E+00  6.163096E-04
  1.675000E+00  6.441258E-04
  1.676000E+00  6.664841E-04
  1.677000E+00  6.834743E-04
  1.678000E+00  6.953394E-04
  1.679000E+00  7.024634E-04
  1.680000E+00  7.053541E-04
  1.681000E+00  7.046231E-04
  1.682000E+00  7.009610E-04
  1.683000E+00  6.951124E-04
  1.684000E+00  6.878480E-04
  1.685000E+00  6.799366E-04
  1.686000E+00  6.721181E-04
  1.687000E+00  6.650769E-04
  1.688000E+00  6.594181E-04
  1.689000E+00  6.556467E-04
  1.690000E+00  6.541495E-04
  1.691000E+00  6.551825E-04
  1.692000E+00  6.588614E-04
  1.693000E+00  6.651579E-04
  1.694000E+00  6.739008E-04
  1.695000E+00  6.847815E-04
  1.696000E+00  6.973646E-04
  1.697000E+00  7.111029E-04
  1.698000E+00  7.253558E-04
  1.699000E+00  7.394117E-04
  1.700000E+00  7.525124E-04
  1.701000E+00  7.638794E-04
  1.702000E+00  7.727418E-04
  1.703000E+00  7.783632E-04
  1.704000E+00  7.800690E-04
  1.705000E+00  7.772717E-04
  1.706000E+00  7.694934E-04
  1.707000E+00  7.563858E-04
  1.708000E+00  7.377465E-04
  1.709000E+00  7.135303E-04
  1.710000E+00  6.838566E-04
  1.711000E+00  6.490116E-04
  1.712000E+00  6.094457E-04
  1.713000E+00  5.657653E-04
  1.714000E+00  5.187205E-04
  1.715000E+00  4.691882E-04
  1.716000E+00  4.181511E-04
  1.717000E+00  3.666731E-04
  1.718000E+00  3.158727E-04
  1.719000E+00  2.668936E-04
  1.720000E+00  2.208748E-04
  1.721000E+00  1.789202E-04
  1.722000E+00  1.420689E-04
  1.723000E+00  1.112669E-04
  1.724000E+00  8.734113E-05
  1.725000E+00  7.097626E-05
  1.726000E+00  6.269555E-05
  1.727000E+00  6.284563E-05
  1.728000E+00  7.158610E-05
  1.729000E+00  8.888396E-05
  1.730000E+00  1.145133E-04
  1.731000E+00  1.480599E-04
  1.732000E+00  1.889312E-04
  1.733000E+00  2.363704E-04
  1.734000E+00  2.894753E-04
  1.735000E+00  3.472211E-04
  1.736000E+00  4.084856E-04
  1.737000E+00  4.720773E-04
  1.738000E+00  5.367653E-04
  1.739000E+00  6.013096E-04
  1.740000E+00  6.644911E-04
  1.741000E+00  7.251418E-04
  1.742000E+00  7.821721E-04
  1.743000E+00  8.345959E-04
  1.744000E+00  8.815535E-04
  1.745000E+00  9.223294E-04
  1.746000E+00  9.563673E-04
  1.747000E+00  9.832793E-04
  1.748000E+00  1.002851E-03
  1.749000E+00  1.015044E-03
  1.750000E+00  1.019988E-03
  1.751000E+00  1.017973E-03
  1.752000E+00  1.009441E-03
  1.753000E+00  9.949618E-04
  1.754000E+00  9.752182E-04
  1.755000E+00  9.509823E-04
  1.756000E+00  9.230908E-04
  1.757000E+00  8.924198E-04
  1.758000E+00  8.598592E-04
  1.759000E+00  8.262866E-04
  1.760000E+00  7.925434E-04
  1.761000E+00  7.594120E-04
  1.762000E+00  7.275957E-04
  1.763000E+00  6.977011E-04
  1.764000E+00  6.702245E-04
  1.765000E+00  6.455417E-04
  1.766000E+00  6.239016E-04
  1.767000E+00  6.054241E-04
  1.768000E+00  5.901023E-04
  1.769000E+00  5.778080E-04
  1.770000E+00  5.683014E-04
  1.771000E+00  5.612441E-04
  1.772000E+00  5.562148E-04
  1.773000E+00  5.527274E-04
  1.774000E+00  5.502509E-04
  1.775000E+00  5.482303E-04
  1.776000E+00  5.461080E-04
  1.777000E+00  5.433448E-04
  1.778000E+00  5.394397E-04
  1.779000E+00  5.339491E-04
  1.780000E+00  5.265024E-04
  1.781000E+00  5.168161E-04
  1.782000E+00  5.047044E-04
  1.783000E+00  4.900864E-04
  1.784000E+00  4.729899E-04
  1.785000E+00  4.535513E-04
  1.786000E+00  4.320123E-04
  1.787000E+00  4.087131E-04
  1.788000E+00  3.840816E-04
  1.789000E+00  3.586208E-04
  1.790000E+00  3.328933E-04
  1.791000E+00  3.075036E-04
  1.792000E+00  2.830793E-04
  1.793000E+00  2.602518E-04
  1.794000E+00  2.396358E-04
  1.795000E+00  2.218103E-04
  1.796000E+00  2.073001E-04
  1.797000E+00  1.965588E-04
  1.798000E+00  1.899539E-04
  1.799000E+00  1.877544E-04
  1.800000E+00  1.901215E-04
  1.801000E+00  1.971016E-04
  1.802000E+00  2.086240E-04
  1.803000E+00  2.245005E-04
  1.804000E+00  2.444289E-04
  1.805000E+00  2.680005E-04
  1.806000E+00  2.947089E-04
  1.807000E+00  3.239637E-04
  1.808000E+00  3.551046E-04
  1.809000E+00  3.874187E-04
  1.810000E+00  4.201586E-04
  1.811000E+00  4.525620E-04
  1.812000E+00  4.838716E-04
  1.813000E+00  5.133540E-04
  1.814000E+00  5.403198E-04
  1.815000E+00  5.641405E-04
  1.816000E+00  5.842655E-04
  1.817000E+00  6.002359E-04
  1.818000E+00  6.116964E-04
  1.819000E+00  6.184046E-04
  1.820000E+00  6.202367E-04
  1.821000E+00  6.171910E-04
  1.822000E+00  6.093873E-04
  1.823000E+00  5.970639E-04
  1.824000E+00  5.805711E-04
  1.825000E+00  5.603617E-04
  1.826000E+00  5.369794E-04
  1.827000E+00  5.110446E-04
  1.828000E+00  4.832380E-04
  1.829000E+00  4.542835E-04
  1.830000E+00  4.249292E-04
  1.831000E+00  3.959285E-04
  1.832000E+00  3.680210E-04
  1.833000E+00  3.419135E-04
  1.834000E+00  3.182630E-04
  1.835000E+00  2.976597E-04
  1.836000E+00  2.806128E-04
  1.837000E+00  2.675378E-04
  1.838000E+00  2.587468E-04
  1.839000E+00  2.544408E-04
  1.840000E+00  2.547048E-04
  1.841000E+00  2.595063E-04
  1.842000E+00  2.686958E-04
  1.843000E+00  2.820105E-04
  1.844000E+00  2.990806E-04
  1.845000E+00  3.194378E-04
  1.846000E+00  3.425259E-04
  1.847000E+00  3.677141E-04
  1.848000E+00  3.943109E-04
  1.849000E+00  4.215799E-04
  1.850000E+00  4.487566E-04
  1.851000E+00  4.750649E-04
  1.852000E+00  4.997351E-04
  1.853000E+00  5.220204E-04
  1.854000E+00  5.412139E-04
  1.855000E+00  5.566641E-04
  1.856000E+00  5.677891E-04
  1.857000E+00  5.740905E-04
  1.858000E+00  5.751637E-04
  1.859000E+00  5.707082E-04
  1.860000E+00  5.605346E-04
  1.861000E+00  5.445698E-04
  1.862000E+00  5.228599E-04
  1.863000E+00  4.955708E-04
  1.864000E+00  4.629865E-04
  1.865000E+00  4.255045E-04
  1.866000E+00  3.836301E-04
  1.867000E+00  3.379674E-04
  1.868000E+00  2.892090E-04
  1.869000E+00  2.381240E-04
  1.870000E+00  1.855441E-04
  1.871000E+00  1.323485E-04
  1.872000E+00  7.944787E-05
  1.873000E+00  2.776751E-05
  1.874000E+00 -2.177004E-05
  1.875000E+00 -6.826241E-05
  1.876000E+00 -1.108447E-04
  1.877000E+00 -1.487061E-04
  1.878000E+00 -1.811063E-04
  1.879000E+00 -2.073896E-04
  1.880000E+00 -2.269989E-04
  1.881000E+00 -2.394872E-04
  1.882000E+00 -2.445270E-04
  1.883000E+00 -2.419184E-04
  1.884000E+00 -2.315938E-04
  1.885000E+00 -2.136209E-04
  1.886000E+00 -1.882029E-04
  1.887000E+00 -1.556760E-04
  1.888000E+00 -1.165044E-04
  1.889000E+00 -7.127319E-05
  1.890000E+00 -2.067806E-05
  1.891000E+00  3.448633E-05
  1.892000E+00  9.334045E-05
  1.893000E+00  1.549354E-04
  1.894000E+00  2.182700E-04
  1.895000E+00  2.823088E-04
  1.896000E+00  3.460007E-04
  1.897000E+00  4.082979E-04
  1.898000E+00  4.681752E-04
  1.899000E+00  5.246481E-04
  1.900000E+00  5.767906E-04
  1.901000E+00  6.237521E-04
  1.902000E+00  6.647717E-04
  1.903000E+00  6.991923E-04
  1.904000E+00  7.264710E-04
  1.905000E+00  7.461882E-04
  1.906000E+00  7.580541E-04
  1.907000E+00  7.619123E-04
  1.908000E+00  7.577407E-04
  1.909000E+00  7.456499E-04
  1.910000E+00  7.258788E-04
  1.911000E+00  6.987875E-04
  1.912000E+00  6.648483E-04
  1.913000E+00  6.246332E-04
  1.914000E+00  5.788013E-04
  1.915000E+00  5.280827E-04
  1.916000E+00  4.732626E-04
  1.917000E+00  4.151635E-04
  1.918000E+00  3.546275E-04
  1.919000E+00  2.924984E-04
  1.920000E+00  2.296038E-04
  1.921000E+00  1.667383E-04
  1.922000E+00  1.046484E-04
  1.923000E+00  4.401755E-05
  1.924000E+00 -1.454536E-05
  1.925000E+00 -7.051642E-05
  1.926000E+00 -1.234642E-04
  1.927000E+00 -1.730550E-04
  1.928000E+00 -2.190552E-04
  1.929000E+00 -2.613308E-04
  1.930000E+00 -2.998450E-04
  1.931000E+00 -3.346527E-04
  1.932000E+00 -3.658924E-04
  1.933000E+00 -3.937771E-04
  1.934000E+00 -4.185821E-04
  1.935000E+00 -4.406326E-04
  1.936000E+00 -4.602898E-04
  1.937000E+00 -4.779358E-04
  1.938000E+00 -4.939597E-04
  1.939000E+00 -5.087428E-04
  1.940000E+00 -5.226451E-04
  1.941000E+00 -5.359927E-04
  1.942000E+00 -5.490665E-04
  1.943000E+00 -5.620936E-04
  1.944000E+00 -5.752388E-04
  1.945000E+00 -5.886005E-04
  1.946000E+00 -6.022073E-04
  1.947000E+00 -6.160178E-04
  1.948000E+00 -6.299222E-04
  1.949000E+00 -6.437467E-04
  1.950000E+00 -6.572597E-04
  1.951000E+00 -6.701804E-04
  1.952000E+00 -6.821883E-04
  1.953000E+00 -6.929349E-04
  1.954000E+00 -7.020562E-04
  1.955000E+00 -7.091859E-04
  1.956000E+00 -7.139691E-04
  1.957000E+00 -7.160757E-04
  1.958000E+00 -7.152136E-04
  1.959000E+00 -7.111412E-04
  1.960000E+00 -7.036781E-04
  1.961000E+00 -6.927154E-04
  1.962000E+00 -6.782228E-04
  1.963000E+00 -6.602547E-04
  1.964000E+00 -6.389537E-04
  1.965000E+00 -6.145514E-04
  1.966000E+00 -5.873669E-04
  1.967000E+00 -5.578030E-04
  1.968000E+00 -5.263393E-04
  1.969000E+00 -4.935235E-04
  1.970000E+00 -4.599601E-04
  1.971000E+00 -4.262974E-04
  1.972000E+00 -3.932128E-04
  1.973000E+00 -3.613964E-04
  1.974000E+00 -3.315345E-04
  1.975000E+00 -3.042920E-04
  1.976000E+00 -2.802944E-04
  1.977000E+00 -2.601117E-04
  1.978000E+00 -2.442414E-04
  1.979000E+00 -2.330940E-04
  1.980000E+00 -2.269802E-04
  1.981000E+00 -2.260995E-04
  1.982000E+00 -2.305321E-04
  1.983000E+00 -2.402335E-04
  1.984000E+00 -2.550315E-04
  1.985000E+00 -2.746269E-04
  1.986000E+00 -2.985971E-04
  1.987000E+00 -3.264030E-04
  1.988000E+00 -3.573989E-04
  1.989000E+00 -3.908449E-04
  1.990000E+00 -4.259228E-04
  1.991000E+00 -4.617527E-04
  1.992000E+00 -4.974131E-04
  1.993000E+00 -5.319612E-04
  1.994000E+00 -5.644542E-04
  1.995000E+00 -5.939716E-04
  1.996000E+00 -6.196360E-04
  1.997000E+00 -6.406346E-04
  1.998000E+00 -6.562378E-04
  1.999000E+00 -6.658176E-04
  2.000000E+00  3.489869E-02
