; material = LLZO                                                       
Zr            2000  1.58383721E+01          580.000000
  0.000000E+00  1.000000E+00
  1.000000E-03  9.975712E-01
  2.000000E-03  9.903184E-01
  3.000000E-03  9.783383E-01
  4.000000E-03  9.617900E-01
  5.000000E-03  9.408912E-01
  6.000000E-03  9.159133E-01
  7.000000E-03  8.871760E-01
  8.000000E-03  8.550399E-01
  9.000000E-03  8.198991E-01
  1.000000E-02  7.821730E-01
  1.100000E-02  7.422978E-01
  1.200000E-02  7.007180E-01
  1.300000E-02  6.578776E-01
  1.400000E-02  6.142120E-01
  1.500000E-02  5.701406E-01
  1.600000E-02  5.260594E-01
  1.700000E-02  4.823353E-01
  1.800000E-02  4.393005E-01
  1.900000E-02  3.972488E-01
  2.000000E-02  3.564322E-01
  2.100000E-02  3.170595E-01
  2.200000E-02  2.792953E-01
  2.300000E-02  2.432605E-01
  2.400000E-02  2.090339E-01
  2.500000E-02  1.766544E-01
  2.600000E-02  1.461245E-01
  2.700000E-02  1.174141E-01
  2.800000E-02  9.046540E-02
  2.900000E-02  6.519756E-02
  3.000000E-02  4.151225E-02
  3.100000E-02  1.929894E-02
  3.200000E-02 -1.559767E-03
  3.300000E-02 -2.118301E-02
  3.400000E-02 -3.968689E-02
  3.500000E-02 -5.718016E-02
  3.600000E-02 -7.376053E-02
  3.700000E-02 -8.951160E-02
  3.800000E-02 -1.045006E-01
  3.900000E-02 -1.187767E-01
  4.000000E-02 -1.323707E-01
  4.100000E-02 -1.452946E-01
  4.200000E-02 -1.575426E-01
  4.300000E-02 -1.690928E-01
  4.400000E-02 -1.799093E-01
  4.500000E-02 -1.899447E-01
  4.600000E-02 -1.991435E-01
  4.700000E-02 -2.074454E-01
  4.800000E-02 -2.147890E-01
  4.900000E-02 -2.211156E-01
  5.000000E-02 -2.263726E-01
  5.100000E-02 -2.305173E-01
  5.200000E-02 -2.335197E-01
  5.300000E-02 -2.353653E-01
  5.400000E-02 -2.360576E-01
  5.500000E-02 -2.356192E-01
  5.600000E-02 -2.340933E-01
  5.700000E-02 -2.315438E-01
  5.800000E-02 -2.280549E-01
  5.900000E-02 -2.237303E-01
  6.000000E-02 -2.186914E-01
  6.100000E-02 -2.130748E-01
  6.200000E-02 -2.070302E-01
  6.300000E-02 -2.007166E-01
  6.400000E-02 -1.942988E-01
  6.500000E-02 -1.879441E-01
  6.600000E-02 -1.818178E-01
  6.700000E-02 -1.760796E-01
  6.800000E-02 -1.708799E-01
  6.900000E-02 -1.663557E-01
  7.000000E-02 -1.626281E-01
  7.100000E-02 -1.597987E-01
  7.200000E-02 -1.579477E-01
  7.300000E-02 -1.571317E-01
  7.400000E-02 -1.573829E-01
  7.500000E-02 -1.587080E-01
  7.600000E-02 -1.610888E-01
  7.700000E-02 -1.644822E-01
  7.800000E-02 -1.688221E-01
  7.900000E-02 -1.740207E-01
  8.000000E-02 -1.799712E-01
  8.100000E-02 -1.865501E-01
  8.200000E-02 -1.936209E-01
  8.300000E-02 -2.010369E-01
  8.400000E-02 -2.086450E-01
  8.500000E-02 -2.162890E-01
  8.600000E-02 -2.238138E-01
  8.700000E-02 -2.310680E-01
  8.800000E-02 -2.379076E-01
  8.900000E-02 -2.441991E-01
  9.000000E-02 -2.498216E-01
  9.100000E-02 -2.546692E-01
  9.200000E-02 -2.586531E-01
  9.300000E-02 -2.617021E-01
  9.400000E-02 -2.637641E-01
  9.500000E-02 -2.648060E-01
  9.600000E-02 -2.648133E-01
  9.700000E-02 -2.637899E-01
  9.800000E-02 -2.617566E-01
  9.900000E-02 -2.587500E-01
  1.000000E-01 -2.548204E-01
  1.010000E-01 -2.500301E-01
  1.020000E-01 -2.444508E-01
  1.030000E-01 -2.381618E-01
  1.040000E-01 -2.312475E-01
  1.050000E-01 -2.237947E-01
  1.060000E-01 -2.158911E-01
  1.070000E-01 -2.076227E-01
  1.080000E-01 -1.990720E-01
  1.090000E-01 -1.903167E-01
  1.100000E-01 -1.814282E-01
  1.110000E-01 -1.724704E-01
  1.120000E-01 -1.634991E-01
  1.130000E-01 -1.545620E-01
  1.140000E-01 -1.456978E-01
  1.150000E-01 -1.369372E-01
  1.160000E-01 -1.283028E-01
  1.170000E-01 -1.198103E-01
  1.180000E-01 -1.114689E-01
  1.190000E-01 -1.032826E-01
  1.200000E-01 -9.525138E-02
  1.210000E-01 -8.737217E-02
  1.220000E-01 -7.964034E-02
  1.230000E-01 -7.205068E-02
  1.240000E-01 -6.459856E-02
  1.250000E-01 -5.728089E-02
  1.260000E-01 -5.009695E-02
  1.270000E-01 -4.304904E-02
  1.280000E-01 -3.614297E-02
  1.290000E-01 -2.938831E-02
  1.300000E-01 -2.279848E-02
  1.310000E-01 -1.639060E-02
  1.320000E-01 -1.018521E-02
  1.330000E-01 -4.205760E-03
  1.340000E-01  1.522017E-03
  1.350000E-01  6.970821E-03
  1.360000E-01  1.211264E-02
  1.370000E-01  1.691961E-02
  1.380000E-01  2.136497E-02
  1.390000E-01  2.542390E-02
  1.400000E-01  2.907439E-02
  1.410000E-01  3.229803E-02
  1.420000E-01  3.508069E-02
  1.430000E-01  3.741303E-02
  1.440000E-01  3.929099E-02
  1.450000E-01  4.071597E-02
  1.460000E-01  4.169503E-02
  1.470000E-01  4.224076E-02
  1.480000E-01  4.237111E-02
  1.490000E-01  4.210908E-02
  1.500000E-01  4.148215E-02
  1.510000E-01  4.052179E-02
  1.520000E-01  3.926269E-02
  1.530000E-01  3.774205E-02
  1.540000E-01  3.599877E-02
  1.550000E-01  3.407265E-02
  1.560000E-01  3.200352E-02
  1.570000E-01  2.983053E-02
  1.580000E-01  2.759134E-02
  1.590000E-01  2.532153E-02
  1.600000E-01  2.305397E-02
  1.610000E-01  2.081837E-02
  1.620000E-01  1.864089E-02
  1.630000E-01  1.654390E-02
  1.640000E-01  1.454587E-02
  1.650000E-01  1.266128E-02
  1.660000E-01  1.090073E-02
  1.670000E-01  9.271132E-03
  1.680000E-01  7.775931E-03
  1.690000E-01  6.415458E-03
  1.700000E-01  5.187303E-03
  1.710000E-01  4.086736E-03
  1.720000E-01  3.107143E-03
  1.730000E-01  2.240471E-03
  1.740000E-01  1.477661E-03
  1.750000E-01  8.090525E-04
  1.760000E-01  2.247535E-04
  1.770000E-01 -2.850405E-04
  1.780000E-01 -7.297793E-04
  1.790000E-01 -1.118351E-03
  1.800000E-01 -1.458936E-03
  1.810000E-01 -1.758924E-03
  1.820000E-01 -2.024882E-03
  1.830000E-01 -2.262583E-03
  1.840000E-01 -2.477070E-03
  1.850000E-01 -2.672765E-03
  1.860000E-01 -2.853594E-03
  1.870000E-01 -3.023137E-03
  1.880000E-01 -3.184778E-03
  1.890000E-01 -3.341855E-03
  1.900000E-01 -3.497787E-03
  1.910000E-01 -3.656190E-03
  1.920000E-01 -3.820963E-03
  1.930000E-01 -3.996333E-03
  1.940000E-01 -4.186875E-03
  1.950000E-01 -4.397491E-03
  1.960000E-01 -4.633352E-03
  1.970000E-01 -4.899817E-03
  1.980000E-01 -5.202315E-03
  1.990000E-01 -5.546211E-03
  2.000000E-01 -5.936661E-03
  2.010000E-01 -6.378458E-03
  2.020000E-01 -6.875883E-03
  2.030000E-01 -7.432570E-03
  2.040000E-01 -8.051383E-03
  2.050000E-01 -8.734330E-03
  2.060000E-01 -9.482500E-03
  2.070000E-01 -1.029604E-02
  2.080000E-01 -1.117418E-02
  2.090000E-01 -1.211528E-02
  2.100000E-01 -1.311692E-02
  2.110000E-01 -1.417606E-02
  2.120000E-01 -1.528917E-02
  2.130000E-01 -1.645243E-02
  2.140000E-01 -1.766194E-02
  2.150000E-01 -1.891394E-02
  2.160000E-01 -2.020496E-02
  2.170000E-01 -2.153211E-02
  2.180000E-01 -2.289318E-02
  2.190000E-01 -2.428681E-02
  2.200000E-01 -2.571260E-02
  2.210000E-01 -2.717116E-02
  2.220000E-01 -2.866411E-02
  2.230000E-01 -3.019404E-02
  2.240000E-01 -3.176438E-02
  2.250000E-01 -3.337928E-02
  2.260000E-01 -3.504333E-02
  2.270000E-01 -3.676135E-02
  2.280000E-01 -3.853808E-02
  2.290000E-01 -4.037781E-02
  2.300000E-01 -4.228406E-02
  2.310000E-01 -4.425922E-02
  2.320000E-01 -4.630419E-02
  2.330000E-01 -4.841804E-02
  2.340000E-01 -5.059774E-02
  2.350000E-01 -5.283790E-02
  2.360000E-01 -5.513055E-02
  2.370000E-01 -5.746506E-02
  2.380000E-01 -5.982806E-02
  2.390000E-01 -6.220351E-02
  2.400000E-01 -6.457279E-02
  2.410000E-01 -6.691493E-02
  2.420000E-01 -6.920687E-02
  2.430000E-01 -7.142387E-02
  2.440000E-01 -7.353994E-02
  2.450000E-01 -7.552828E-02
  2.460000E-01 -7.736191E-02
  2.470000E-01 -7.901418E-02
  2.480000E-01 -8.045937E-02
  2.490000E-01 -8.167328E-02
  2.500000E-01 -8.263379E-02
  2.510000E-01 -8.332137E-02
  2.520000E-01 -8.371958E-02
  2.530000E-01 -8.381543E-02
  2.540000E-01 -8.359971E-02
  2.550000E-01 -8.306722E-02
  2.560000E-01 -8.221688E-02
  2.570000E-01 -8.105173E-02
  2.580000E-01 -7.957887E-02
  2.590000E-01 -7.780919E-02
  2.600000E-01 -7.575716E-02
  2.610000E-01 -7.344034E-02
  2.620000E-01 -7.087895E-02
  2.630000E-01 -6.809532E-02
  2.640000E-01 -6.511331E-02
  2.650000E-01 -6.195764E-02
  2.660000E-01 -5.865331E-02
  2.670000E-01 -5.522491E-02
  2.680000E-01 -5.169607E-02
  2.690000E-01 -4.808889E-02
  2.700000E-01 -4.442343E-02
  2.710000E-01 -4.071735E-02
  2.720000E-01 -3.698555E-02
  2.730000E-01 -3.323997E-02
  2.740000E-01 -2.948951E-02
  2.750000E-01 -2.574006E-02
  2.760000E-01 -2.199458E-02
  2.770000E-01 -1.825336E-02
  2.780000E-01 -1.451440E-02
  2.790000E-01 -1.077377E-02
  2.800000E-01 -7.026180E-03
  2.810000E-01 -3.265483E-03
  2.820000E-01  5.146816E-04
  2.830000E-01  4.320289E-03
  2.840000E-01  8.156317E-03
  2.850000E-01  1.202616E-02
  2.860000E-01  1.593109E-02
  2.870000E-01  1.986977E-02
  2.880000E-01  2.383792E-02
  2.890000E-01  2.782796E-02
  2.900000E-01  3.182889E-02
  2.910000E-01  3.582624E-02
  2.920000E-01  3.980212E-02
  2.930000E-01  4.373543E-02
  2.940000E-01  4.760221E-02
  2.950000E-01  5.137608E-02
  2.960000E-01  5.502874E-02
  2.970000E-01  5.853070E-02
  2.980000E-01  6.185190E-02
  2.990000E-01  6.496255E-02
  3.000000E-01  6.783386E-02
  3.010000E-01  7.043888E-02
  3.020000E-01  7.275325E-02
  3.030000E-01  7.475594E-02
  3.040000E-01  7.642995E-02
  3.050000E-01  7.776282E-02
  3.060000E-01  7.874717E-02
  3.070000E-01  7.938098E-02
  3.080000E-01  7.966788E-02
  3.090000E-01  7.961712E-02
  3.100000E-01  7.924358E-02
  3.110000E-01  7.856747E-02
  3.120000E-01  7.761398E-02
  3.130000E-01  7.641278E-02
  3.140000E-01  7.499736E-02
  3.150000E-01  7.340431E-02
  3.160000E-01  7.167250E-02
  3.170000E-01  6.984217E-02
  3.180000E-01  6.795403E-02
  3.190000E-01  6.604832E-02
  3.200000E-01  6.416387E-02
  3.210000E-01  6.233725E-02
  3.220000E-01  6.060189E-02
  3.230000E-01  5.898742E-02
  3.240000E-01  5.751898E-02
  3.250000E-01  5.621677E-02
  3.260000E-01  5.509563E-02
  3.270000E-01  5.416485E-02
  3.280000E-01  5.342810E-02
  3.290000E-01  5.288350E-02
  3.300000E-01  5.252385E-02
  3.310000E-01  5.233697E-02
  3.320000E-01  5.230625E-02
  3.330000E-01  5.241118E-02
  3.340000E-01  5.262810E-02
  3.350000E-01  5.293090E-02
  3.360000E-01  5.329191E-02
  3.370000E-01  5.368264E-02
  3.380000E-01  5.407466E-02
  3.390000E-01  5.444038E-02
  3.400000E-01  5.475379E-02
  3.410000E-01  5.499116E-02
  3.420000E-01  5.513158E-02
  3.430000E-01  5.515747E-02
  3.440000E-01  5.505494E-02
  3.450000E-01  5.481400E-02
  3.460000E-01  5.442864E-02
  3.470000E-01  5.389686E-02
  3.480000E-01  5.322043E-02
  3.490000E-01  5.240469E-02
  3.500000E-01  5.145808E-02
  3.510000E-01  5.039171E-02
  3.520000E-01  4.921878E-02
  3.530000E-01  4.795400E-02
  3.540000E-01  4.661289E-02
  3.550000E-01  4.521115E-02
  3.560000E-01  4.376404E-02
  3.570000E-01  4.228569E-02
  3.580000E-01  4.078862E-02
  3.590000E-01  3.928321E-02
  3.600000E-01  3.777728E-02
  3.610000E-01  3.627582E-02
  3.620000E-01  3.478080E-02
  3.630000E-01  3.329106E-02
  3.640000E-01  3.180241E-02
  3.650000E-01  3.030771E-02
  3.660000E-01  2.879724E-02
  3.670000E-01  2.725900E-02
  3.680000E-01  2.567921E-02
  3.690000E-01  2.404284E-02
  3.700000E-01  2.233420E-02
  3.710000E-01  2.053759E-02
  3.720000E-01  1.863794E-02
  3.730000E-01  1.662146E-02
  3.740000E-01  1.447627E-02
  3.750000E-01  1.219293E-02
  3.760000E-01  9.765029E-03
  3.770000E-01  7.189539E-03
  3.780000E-01  4.467192E-03
  3.790000E-01  1.602692E-03
  3.800000E-01 -1.395170E-03
  3.810000E-01 -4.513523E-03
  3.820000E-01 -7.735542E-03
  3.830000E-01 -1.104069E-02
  3.840000E-01 -1.440508E-02
  3.850000E-01 -1.780191E-02
  3.860000E-01 -2.120202E-02
  3.870000E-01 -2.457451E-02
  3.880000E-01 -2.788740E-02
  3.890000E-01 -3.110830E-02
  3.900000E-01 -3.420522E-02
  3.910000E-01 -3.714716E-02
  3.920000E-01 -3.990492E-02
  3.930000E-01 -4.245165E-02
  3.940000E-01 -4.476349E-02
  3.950000E-01 -4.682005E-02
  3.960000E-01 -4.860482E-02
  3.970000E-01 -5.010548E-02
  3.980000E-01 -5.131414E-02
  3.990000E-01 -5.222737E-02
  4.000000E-01 -5.284621E-02
  4.010000E-01 -5.317603E-02
  4.020000E-01 -5.322626E-02
  4.030000E-01 -5.301010E-02
  4.040000E-01 -5.254405E-02
  4.050000E-01 -5.184742E-02
  4.060000E-01 -5.094178E-02
  4.070000E-01 -4.985038E-02
  4.080000E-01 -4.859752E-02
  4.090000E-01 -4.720794E-02
  4.100000E-01 -4.570621E-02
  4.110000E-01 -4.411615E-02
  4.120000E-01 -4.246034E-02
  4.130000E-01 -4.075961E-02
  4.140000E-01 -3.903269E-02
  4.150000E-01 -3.729589E-02
  4.160000E-01 -3.556285E-02
  4.170000E-01 -3.384448E-02
  4.180000E-01 -3.214885E-02
  4.190000E-01 -3.048131E-02
  4.200000E-01 -2.884460E-02
  4.210000E-01 -2.723907E-02
  4.220000E-01 -2.566299E-02
  4.230000E-01 -2.411289E-02
  4.240000E-01 -2.258396E-02
  4.250000E-01 -2.107045E-02
  4.260000E-01 -1.956613E-02
  4.270000E-01 -1.806472E-02
  4.280000E-01 -1.656029E-02
  4.290000E-01 -1.504770E-02
  4.300000E-01 -1.352291E-02
  4.310000E-01 -1.198328E-02
  4.320000E-01 -1.042784E-02
  4.330000E-01 -8.857414E-03
  4.340000E-01 -7.274758E-03
  4.350000E-01 -5.684548E-03
  4.360000E-01 -4.093335E-03
  4.370000E-01 -2.509423E-03
  4.380000E-01 -9.426629E-04
  4.390000E-01  5.957924E-04
  4.400000E-01  2.093800E-03
  4.410000E-01  3.538569E-03
  4.420000E-01  4.917038E-03
  4.430000E-01  6.216266E-03
  4.440000E-01  7.423822E-03
  4.450000E-01  8.528173E-03
  4.460000E-01  9.519048E-03
  4.470000E-01  1.038776E-02
  4.480000E-01  1.112750E-02
  4.490000E-01  1.173355E-02
  4.500000E-01  1.220349E-02
  4.510000E-01  1.253726E-02
  4.520000E-01  1.273724E-02
  4.530000E-01  1.280819E-02
  4.540000E-01  1.275716E-02
  4.550000E-01  1.259335E-02
  4.560000E-01  1.232784E-02
  4.570000E-01  1.197337E-02
  4.580000E-01  1.154397E-02
  4.590000E-01  1.105464E-02
  4.600000E-01  1.052097E-02
  4.610000E-01  9.958745E-03
  4.620000E-01  9.383556E-03
  4.630000E-01  8.810423E-03
  4.640000E-01  8.253441E-03
  4.650000E-01  7.725448E-03
  4.660000E-01  7.237744E-03
  4.670000E-01  6.799852E-03
  4.680000E-01  6.419331E-03
  4.690000E-01  6.101656E-03
  4.700000E-01  5.850149E-03
  4.710000E-01  5.665977E-03
  4.720000E-01  5.548209E-03
  4.730000E-01  5.493929E-03
  4.740000E-01  5.498404E-03
  4.750000E-01  5.555300E-03
  4.760000E-01  5.656928E-03
  4.770000E-01  5.794536E-03
  4.780000E-01  5.958610E-03
  4.790000E-01  6.139193E-03
  4.800000E-01  6.326208E-03
  4.810000E-01  6.509767E-03
  4.820000E-01  6.680472E-03
  4.830000E-01  6.829686E-03
  4.840000E-01  6.949774E-03
  4.850000E-01  7.034304E-03
  4.860000E-01  7.078205E-03
  4.870000E-01  7.077876E-03
  4.880000E-01  7.031248E-03
  4.890000E-01  6.937793E-03
  4.900000E-01  6.798485E-03
  4.910000E-01  6.615715E-03
  4.920000E-01  6.393159E-03
  4.930000E-01  6.135612E-03
  4.940000E-01  5.848790E-03
  4.950000E-01  5.539104E-03
  4.960000E-01  5.213414E-03
  4.970000E-01  4.878786E-03
  4.980000E-01  4.542229E-03
  4.990000E-01  4.210454E-03
  5.000000E-01  3.889636E-03
  5.010000E-01  3.585208E-03
  5.020000E-01  3.301669E-03
  5.030000E-01  3.042433E-03
  5.040000E-01  2.809717E-03
  5.050000E-01  2.604460E-03
  5.060000E-01  2.426288E-03
  5.070000E-01  2.273526E-03
  5.080000E-01  2.143241E-03
  5.090000E-01  2.031333E-03
  5.100000E-01  1.932659E-03
  5.110000E-01  1.841189E-03
  5.120000E-01  1.750188E-03
  5.130000E-01  1.652423E-03
  5.140000E-01  1.540382E-03
  5.150000E-01  1.406506E-03
  5.160000E-01  1.243413E-03
  5.170000E-01  1.044134E-03
  5.180000E-01  8.023194E-04
  5.190000E-01  5.124408E-04
  5.200000E-01  1.699672E-04
  5.210000E-01 -2.284886E-04
  5.220000E-01 -6.850521E-04
  5.230000E-01 -1.200504E-03
  5.240000E-01 -1.774235E-03
  5.250000E-01 -2.404233E-03
  5.260000E-01 -3.087111E-03
  5.270000E-01 -3.818173E-03
  5.280000E-01 -4.591505E-03
  5.290000E-01 -5.400104E-03
  5.300000E-01 -6.236036E-03
  5.310000E-01 -7.090604E-03
  5.320000E-01 -7.954553E-03
  5.330000E-01 -8.818267E-03
  5.340000E-01 -9.671989E-03
  5.350000E-01 -1.050603E-02
  5.360000E-01 -1.131099E-02
  5.370000E-01 -1.207795E-02
  5.380000E-01 -1.279866E-02
  5.390000E-01 -1.346570E-02
  5.400000E-01 -1.407265E-02
  5.410000E-01 -1.461417E-02
  5.420000E-01 -1.508611E-02
  5.430000E-01 -1.548560E-02
  5.440000E-01 -1.581101E-02
  5.450000E-01 -1.606199E-02
  5.460000E-01 -1.623945E-02
  5.470000E-01 -1.634546E-02
  5.480000E-01 -1.638317E-02
  5.490000E-01 -1.635671E-02
  5.500000E-01 -1.627105E-02
  5.510000E-01 -1.613186E-02
  5.520000E-01 -1.594530E-02
  5.530000E-01 -1.571790E-02
  5.540000E-01 -1.545638E-02
  5.550000E-01 -1.516744E-02
  5.560000E-01 -1.485762E-02
  5.570000E-01 -1.453314E-02
  5.580000E-01 -1.419973E-02
  5.590000E-01 -1.386253E-02
  5.600000E-01 -1.352596E-02
  5.610000E-01 -1.319365E-02
  5.620000E-01 -1.286836E-02
  5.630000E-01 -1.255194E-02
  5.640000E-01 -1.224535E-02
  5.650000E-01 -1.194861E-02
  5.660000E-01 -1.166091E-02
  5.670000E-01 -1.138062E-02
  5.680000E-01 -1.110539E-02
  5.690000E-01 -1.083227E-02
  5.700000E-01 -1.055777E-02
  5.710000E-01 -1.027807E-02
  5.720000E-01 -9.989095E-03
  5.730000E-01 -9.686692E-03
  5.740000E-01 -9.366767E-03
  5.750000E-01 -9.025428E-03
  5.760000E-01 -8.659129E-03
  5.770000E-01 -8.264789E-03
  5.780000E-01 -7.839914E-03
  5.790000E-01 -7.382693E-03
  5.800000E-01 -6.892077E-03
  5.810000E-01 -6.367838E-03
  5.820000E-01 -5.810606E-03
  5.830000E-01 -5.221880E-03
  5.840000E-01 -4.604019E-03
  5.850000E-01 -3.960204E-03
  5.860000E-01 -3.294382E-03
  5.870000E-01 -2.611187E-03
  5.880000E-01 -1.915840E-03
  5.890000E-01 -1.214030E-03
  5.900000E-01 -5.117856E-04
  5.910000E-01  1.846655E-04
  5.920000E-01  8.690491E-04
  5.930000E-01  1.535196E-03
  5.940000E-01  2.177193E-03
  5.950000E-01  2.789534E-03
  5.960000E-01  3.367260E-03
  5.970000E-01  3.906085E-03
  5.980000E-01  4.402508E-03
  5.990000E-01  4.853915E-03
  6.000000E-01  5.258640E-03
  6.010000E-01  5.616027E-03
  6.020000E-01  5.926445E-03
  6.030000E-01  6.191295E-03
  6.040000E-01  6.412978E-03
  6.050000E-01  6.594841E-03
  6.060000E-01  6.741104E-03
  6.070000E-01  6.856756E-03
  6.080000E-01  6.947435E-03
  6.090000E-01  7.019283E-03
  6.100000E-01  7.078800E-03
  6.110000E-01  7.132672E-03
  6.120000E-01  7.187603E-03
  6.130000E-01  7.250140E-03
  6.140000E-01  7.326500E-03
  6.150000E-01  7.422405E-03
  6.160000E-01  7.542928E-03
  6.170000E-01  7.692354E-03
  6.180000E-01  7.874059E-03
  6.190000E-01  8.090411E-03
  6.200000E-01  8.342695E-03
  6.210000E-01  8.631071E-03
  6.220000E-01  8.954551E-03
  6.230000E-01  9.311012E-03
  6.240000E-01  9.697236E-03
  6.250000E-01  1.010898E-02
  6.260000E-01  1.054107E-02
  6.270000E-01  1.098751E-02
  6.280000E-01  1.144166E-02
  6.290000E-01  1.189633E-02
  6.300000E-01  1.234403E-02
  6.310000E-01  1.277708E-02
  6.320000E-01  1.318786E-02
  6.330000E-01  1.356893E-02
  6.340000E-01  1.391329E-02
  6.350000E-01  1.421446E-02
  6.360000E-01  1.446673E-02
  6.370000E-01  1.466522E-02
  6.380000E-01  1.480603E-02
  6.390000E-01  1.488635E-02
  6.400000E-01  1.490446E-02
  6.410000E-01  1.485983E-02
  6.420000E-01  1.475307E-02
  6.430000E-01  1.458592E-02
  6.440000E-01  1.436121E-02
  6.450000E-01  1.408274E-02
  6.460000E-01  1.375515E-02
  6.470000E-01  1.338387E-02
  6.480000E-01  1.297486E-02
  6.490000E-01  1.253451E-02
  6.500000E-01  1.206944E-02
  6.510000E-01  1.158632E-02
  6.520000E-01  1.109166E-02
  6.530000E-01  1.059168E-02
  6.540000E-01  1.009212E-02
  6.550000E-01  9.598064E-03
  6.560000E-01  9.113854E-03
  6.570000E-01  8.642949E-03
  6.580000E-01  8.187855E-03
  6.590000E-01  7.750067E-03
  6.600000E-01  7.330052E-03
  6.610000E-01  6.927253E-03
  6.620000E-01  6.540130E-03
  6.630000E-01  6.166228E-03
  6.640000E-01  5.802273E-03
  6.650000E-01  5.444295E-03
  6.660000E-01  5.087771E-03
  6.670000E-01  4.727782E-03
  6.680000E-01  4.359190E-03
  6.690000E-01  3.976817E-03
  6.700000E-01  3.575628E-03
  6.710000E-01  3.150910E-03
  6.720000E-01  2.698447E-03
  6.730000E-01  2.214679E-03
  6.740000E-01  1.696838E-03
  6.750000E-01  1.143075E-03
  6.760000E-01  5.525487E-04
  6.770000E-01 -7.450535E-05
  6.780000E-01 -7.367415E-04
  6.790000E-01 -1.431698E-03
  6.800000E-01 -2.155825E-03
  6.810000E-01 -2.904541E-03
  6.820000E-01 -3.672323E-03
  6.830000E-01 -4.452819E-03
  6.840000E-01 -5.238984E-03
  6.850000E-01 -6.023244E-03
  6.860000E-01 -6.797664E-03
  6.870000E-01 -7.554136E-03
  6.880000E-01 -8.284571E-03
  6.890000E-01 -8.981086E-03
  6.900000E-01 -9.636194E-03
  6.910000E-01 -1.024298E-02
  6.920000E-01 -1.079526E-02
  6.930000E-01 -1.128773E-02
  6.940000E-01 -1.171609E-02
  6.950000E-01 -1.207711E-02
  6.960000E-01 -1.236876E-02
  6.970000E-01 -1.259016E-02
  6.980000E-01 -1.274165E-02
  6.990000E-01 -1.282477E-02
  7.000000E-01 -1.284215E-02
  7.010000E-01 -1.279748E-02
  7.020000E-01 -1.269537E-02
  7.030000E-01 -1.254124E-02
  7.040000E-01 -1.234116E-02
  7.050000E-01 -1.210172E-02
  7.060000E-01 -1.182979E-02
  7.070000E-01 -1.153243E-02
  7.080000E-01 -1.121663E-02
  7.090000E-01 -1.088921E-02
  7.100000E-01 -1.055662E-02
  7.110000E-01 -1.022480E-02
  7.120000E-01 -9.899055E-03
  7.130000E-01 -9.583942E-03
  7.140000E-01 -9.283189E-03
  7.150000E-01 -8.999636E-03
  7.160000E-01 -8.735198E-03
  7.170000E-01 -8.490862E-03
  7.180000E-01 -8.266705E-03
  7.190000E-01 -8.061944E-03
  7.200000E-01 -7.875001E-03
  7.210000E-01 -7.703592E-03
  7.220000E-01 -7.544840E-03
  7.230000E-01 -7.395389E-03
  7.240000E-01 -7.251543E-03
  7.250000E-01 -7.109398E-03
  7.260000E-01 -6.964987E-03
  7.270000E-01 -6.814413E-03
  7.280000E-01 -6.653985E-03
  7.290000E-01 -6.480334E-03
  7.300000E-01 -6.290526E-03
  7.310000E-01 -6.082152E-03
  7.320000E-01 -5.853401E-03
  7.330000E-01 -5.603112E-03
  7.340000E-01 -5.330806E-03
  7.350000E-01 -5.036697E-03
  7.360000E-01 -4.721676E-03
  7.370000E-01 -4.387283E-03
  7.380000E-01 -4.035649E-03
  7.390000E-01 -3.669433E-03
  7.400000E-01 -3.291733E-03
  7.410000E-01 -2.905989E-03
  7.420000E-01 -2.515884E-03
  7.430000E-01 -2.125228E-03
  7.440000E-01 -1.737850E-03
  7.450000E-01 -1.357487E-03
  7.460000E-01 -9.876780E-04
  7.470000E-01 -6.316671E-04
  7.480000E-01 -2.923185E-04
  7.490000E-01  2.795755E-05
  7.500000E-01  3.272621E-04
  7.510000E-01  6.042488E-04
  7.520000E-01  8.581480E-04
  7.530000E-01  1.088772E-03
  7.540000E-01  1.296506E-03
  7.550000E-01  1.482274E-03
  7.560000E-01  1.647503E-03
  7.570000E-01  1.794060E-03
  7.580000E-01  1.924182E-03
  7.590000E-01  2.040403E-03
  7.600000E-01  2.145462E-03
  7.610000E-01  2.242216E-03
  7.620000E-01  2.333552E-03
  7.630000E-01  2.422294E-03
  7.640000E-01  2.511119E-03
  7.650000E-01  2.602481E-03
  7.660000E-01  2.698542E-03
  7.670000E-01  2.801109E-03
  7.680000E-01  2.911595E-03
  7.690000E-01  3.030979E-03
  7.700000E-01  3.159795E-03
  7.710000E-01  3.298122E-03
  7.720000E-01  3.445594E-03
  7.730000E-01  3.601425E-03
  7.740000E-01  3.764445E-03
  7.750000E-01  3.933142E-03
  7.760000E-01  4.105719E-03
  7.770000E-01  4.280154E-03
  7.780000E-01  4.454272E-03
  7.790000E-01  4.625808E-03
  7.800000E-01  4.792481E-03
  7.810000E-01  4.952064E-03
  7.820000E-01  5.102443E-03
  7.830000E-01  5.241683E-03
  7.840000E-01  5.368076E-03
  7.850000E-01  5.480183E-03
  7.860000E-01  5.576871E-03
  7.870000E-01  5.657333E-03
  7.880000E-01  5.721102E-03
  7.890000E-01  5.768048E-03
  7.900000E-01  5.798373E-03
  7.910000E-01  5.812587E-03
  7.920000E-01  5.811483E-03
  7.930000E-01  5.796097E-03
  7.940000E-01  5.767664E-03
  7.950000E-01  5.727574E-03
  7.960000E-01  5.677315E-03
  7.970000E-01  5.618427E-03
  7.980000E-01  5.552443E-03
  7.990000E-01  5.480841E-03
  8.000000E-01  5.404999E-03
  8.010000E-01  5.326149E-03
  8.020000E-01  5.245349E-03
  8.030000E-01  5.163446E-03
  8.040000E-01  5.081063E-03
  8.050000E-01  4.998586E-03
  8.060000E-01  4.916161E-03
  8.070000E-01  4.833698E-03
  8.080000E-01  4.750892E-03
  8.090000E-01  4.667235E-03
  8.100000E-01  4.582054E-03
  8.110000E-01  4.494540E-03
  8.120000E-01  4.403785E-03
  8.130000E-01  4.308829E-03
  8.140000E-01  4.208696E-03
  8.150000E-01  4.102441E-03
  8.160000E-01  3.989190E-03
  8.170000E-01  3.868176E-03
  8.180000E-01  3.738779E-03
  8.190000E-01  3.600548E-03
  8.200000E-01  3.453232E-03
  8.210000E-01  3.296789E-03
  8.220000E-01  3.131400E-03
  8.230000E-01  2.957469E-03
  8.240000E-01  2.775619E-03
  8.250000E-01  2.586680E-03
  8.260000E-01  2.391665E-03
  8.270000E-01  2.191752E-03
  8.280000E-01  1.988252E-03
  8.290000E-01  1.782571E-03
  8.300000E-01  1.576178E-03
  8.310000E-01  1.370568E-03
  8.320000E-01  1.167218E-03
  8.330000E-01  9.675543E-04
  8.340000E-01  7.729131E-04
  8.350000E-01  5.845111E-04
  8.360000E-01  4.034153E-04
  8.370000E-01  2.305197E-04
  8.380000E-01  6.652770E-05
  8.390000E-01 -8.806004E-05
  8.400000E-01 -2.329509E-04
  8.410000E-01 -3.680596E-04
  8.420000E-01 -4.935008E-04
  8.430000E-01 -6.095760E-04
  8.440000E-01 -7.167548E-04
  8.450000E-01 -8.156519E-04
  8.460000E-01 -9.069990E-04
  8.470000E-01 -9.916149E-04
  8.480000E-01 -1.070373E-03
  8.490000E-01 -1.144166E-03
  8.500000E-01 -1.213877E-03
  8.510000E-01 -1.280340E-03
  8.520000E-01 -1.344318E-03
  8.530000E-01 -1.406469E-03
  8.540000E-01 -1.467325E-03
  8.550000E-01 -1.527275E-03
  8.560000E-01 -1.586549E-03
  8.570000E-01 -1.645212E-03
  8.580000E-01 -1.703160E-03
  8.590000E-01 -1.760122E-03
  8.600000E-01 -1.815674E-03
  8.610000E-01 -1.869246E-03
  8.620000E-01 -1.920146E-03
  8.630000E-01 -1.967583E-03
  8.640000E-01 -2.010691E-03
  8.650000E-01 -2.048558E-03
  8.660000E-01 -2.080259E-03
  8.670000E-01 -2.104889E-03
  8.680000E-01 -2.121589E-03
  8.690000E-01 -2.129583E-03
  8.700000E-01 -2.128202E-03
  8.710000E-01 -2.116913E-03
  8.720000E-01 -2.095339E-03
  8.730000E-01 -2.063280E-03
  8.740000E-01 -2.020725E-03
  8.750000E-01 -1.967860E-03
  8.760000E-01 -1.905073E-03
  8.770000E-01 -1.832954E-03
  8.780000E-01 -1.752281E-03
  8.790000E-01 -1.664017E-03
  8.800000E-01 -1.569286E-03
  8.810000E-01 -1.469355E-03
  8.820000E-01 -1.365606E-03
  8.830000E-01 -1.259512E-03
  8.840000E-01 -1.152602E-03
  8.850000E-01 -1.046433E-03
  8.860000E-01 -9.425513E-04
  8.870000E-01 -8.424660E-04
  8.880000E-01 -7.476119E-04
  8.890000E-01 -6.593213E-04
  8.900000E-01 -5.787951E-04
  8.910000E-01 -5.070784E-04
  8.920000E-01 -4.450387E-04
  8.930000E-01 -3.933487E-04
  8.940000E-01 -3.524741E-04
  8.950000E-01 -3.226651E-04
  8.960000E-01 -3.039539E-04
  8.970000E-01 -2.961565E-04
  8.980000E-01 -2.988797E-04
  8.990000E-01 -3.115320E-04
  9.000000E-01 -3.333399E-04
  9.010000E-01 -3.633671E-04
  9.020000E-01 -4.005373E-04
  9.030000E-01 -4.436598E-04
  9.040000E-01 -4.914576E-04
  9.050000E-01 -5.425960E-04
  9.060000E-01 -5.957129E-04
  9.070000E-01 -6.494484E-04
  9.080000E-01 -7.024742E-04
  9.090000E-01 -7.535214E-04
  9.100000E-01 -8.014066E-04
  9.110000E-01 -8.450552E-04
  9.120000E-01 -8.835220E-04
  9.130000E-01 -9.160080E-04
  9.140000E-01 -9.418739E-04
  9.150000E-01 -9.606493E-04
  9.160000E-01 -9.720376E-04
  9.170000E-01 -9.759176E-04
  9.180000E-01 -9.723396E-04
  9.190000E-01 -9.615191E-04
  9.200000E-01 -9.438255E-04
  9.210000E-01 -9.197682E-04
  9.220000E-01 -8.899793E-04
  9.230000E-01 -8.551944E-04
  9.240000E-01 -8.162306E-04
  9.250000E-01 -7.739634E-04
  9.260000E-01 -7.293033E-04
  9.270000E-01 -6.831715E-04
  9.280000E-01 -6.364758E-04
  9.290000E-01 -5.900882E-04
  9.300000E-01 -5.448233E-04
  9.310000E-01 -5.014186E-04
  9.320000E-01 -4.605181E-04
  9.330000E-01 -4.226574E-04
  9.340000E-01 -3.882528E-04
  9.350000E-01 -3.575935E-04
  9.360000E-01 -3.308371E-04
  9.370000E-01 -3.080088E-04
  9.380000E-01 -2.890045E-04
  9.390000E-01 -2.735965E-04
  9.400000E-01 -2.614433E-04
  9.410000E-01 -2.521020E-04
  9.420000E-01 -2.450432E-04
  9.430000E-01 -2.396687E-04
  9.440000E-01 -2.353307E-04
  9.450000E-01 -2.313518E-04
  9.460000E-01 -2.270470E-04
  9.470000E-01 -2.217445E-04
  9.480000E-01 -2.148074E-04
  9.490000E-01 -2.056536E-04
  9.500000E-01 -1.937748E-04
  9.510000E-01 -1.787531E-04
  9.520000E-01 -1.602759E-04
  9.530000E-01 -1.381472E-04
  9.540000E-01 -1.122964E-04
  9.550000E-01 -8.278365E-05
  9.560000E-01 -4.980123E-05
  9.570000E-01 -1.367188E-05
  9.580000E-01  2.515681E-05
  9.590000E-01  6.612137E-05
  9.600000E-01  1.085548E-04
  9.610000E-01  1.517018E-04
  9.620000E-01  1.947369E-04
  9.630000E-01  2.367848E-04
  9.640000E-01  2.769419E-04
  9.650000E-01  3.143002E-04
  9.660000E-01  3.479705E-04
  9.670000E-01  3.771064E-04
  9.680000E-01  4.009279E-04
  9.690000E-01  4.187431E-04
  9.700000E-01  4.299688E-04
  9.710000E-01  4.341484E-04
  9.720000E-01  4.309668E-04
  9.730000E-01  4.202632E-04
  9.740000E-01  4.020389E-04
  9.750000E-01  3.764618E-04
  9.760000E-01  3.438679E-04
  9.770000E-01  3.047568E-04
  9.780000E-01  2.597851E-04
  9.790000E-01  2.097552E-04
  9.800000E-01  1.555998E-04
  9.810000E-01  9.836459E-05
  9.820000E-01  3.918691E-05
  9.830000E-01 -2.072746E-05
  9.840000E-01 -8.012939E-05
  9.850000E-01 -1.377527E-04
  9.860000E-01 -1.923412E-04
  9.870000E-01 -2.426754E-04
  9.880000E-01 -2.875987E-04
  9.890000E-01 -3.260423E-04
  9.900000E-01 -3.570481E-04
  9.910000E-01 -3.797893E-04
  9.920000E-01 -3.935879E-04
  9.930000E-01 -3.979290E-04
  9.940000E-01 -3.924714E-04
  9.950000E-01 -3.770545E-04
  9.960000E-01 -3.517012E-04
  9.970000E-01 -3.166166E-04
  9.980000E-01 -2.721828E-04
  9.990000E-01 -2.189502E-04
  1.000000E+00 -1.576250E-04
  1.001000E+00 -8.905360E-05
  1.002000E+00 -1.420390E-05
  1.003000E+00  6.585525E-05
  1.004000E+00  1.499769E-04
  1.005000E+00  2.369598E-04
  1.006000E+00  3.255734E-04
  1.007000E+00  4.145825E-04
  1.008000E+00  5.027720E-04
  1.009000E+00  5.889702E-04
  1.010000E+00  6.720712E-04
  1.011000E+00  7.510550E-04
  1.012000E+00  8.250053E-04
  1.013000E+00  8.931252E-04
  1.014000E+00  9.547488E-04
  1.015000E+00  1.009351E-03
  1.016000E+00  1.056553E-03
  1.017000E+00  1.096125E-03
  1.018000E+00  1.127985E-03
  1.019000E+00  1.152196E-03
  1.020000E+00  1.168958E-03
  1.021000E+00  1.178597E-03
  1.022000E+00  1.181558E-03
  1.023000E+00  1.178382E-03
  1.024000E+00  1.169697E-03
  1.025000E+00  1.156200E-03
  1.026000E+00  1.138631E-03
  1.027000E+00  1.117765E-03
  1.028000E+00  1.094384E-03
  1.029000E+00  1.069261E-03
  1.030000E+00  1.043144E-03
  1.031000E+00  1.016736E-03
  1.032000E+00  9.906795E-04
  1.033000E+00  9.655467E-04
  1.034000E+00  9.418231E-04
  1.035000E+00  9.199009E-04
  1.036000E+00  9.000709E-04
  1.037000E+00  8.825188E-04
  1.038000E+00  8.673232E-04
  1.039000E+00  8.544565E-04
  1.040000E+00  8.437881E-04
  1.041000E+00  8.350907E-04
  1.042000E+00  8.280480E-04
  1.043000E+00  8.222651E-04
  1.044000E+00  8.172803E-04
  1.045000E+00  8.125786E-04
  1.046000E+00  8.076065E-04
  1.047000E+00  8.017868E-04
  1.048000E+00  7.945355E-04
  1.049000E+00  7.852769E-04
  1.050000E+00  7.734599E-04
  1.051000E+00  7.585731E-04
  1.052000E+00  7.401589E-04
  1.053000E+00  7.178268E-04
  1.054000E+00  6.912644E-04
  1.055000E+00  6.602475E-04
  1.056000E+00  6.246475E-04
  1.057000E+00  5.844367E-04
  1.058000E+00  5.396916E-04
  1.059000E+00  4.905935E-04
  1.060000E+00  4.374264E-04
  1.061000E+00  3.805730E-04
  1.062000E+00  3.205082E-04
  1.063000E+00  2.577894E-04
  1.064000E+00  1.930463E-04
  1.065000E+00  1.269672E-04
  1.066000E+00  6.028494E-05
  1.067000E+00 -6.239536E-06
  1.068000E+00 -7.183405E-05
  1.069000E+00 -1.357330E-04
  1.070000E+00 -1.971954E-04
  1.071000E+00 -2.555231E-04
  1.072000E+00 -3.100779E-04
  1.073000E+00 -3.602987E-04
  1.074000E+00 -4.057168E-04
  1.075000E+00 -4.459693E-04
  1.076000E+00 -4.808112E-04
  1.077000E+00 -5.101245E-04
  1.078000E+00 -5.339252E-04
  1.079000E+00 -5.523669E-04
  1.080000E+00 -5.657416E-04
  1.081000E+00 -5.744775E-04
  1.082000E+00 -5.791337E-04
  1.083000E+00 -5.803908E-04
  1.084000E+00 -5.790397E-04
  1.085000E+00 -5.759668E-04
  1.086000E+00 -5.721365E-04
  1.087000E+00 -5.685717E-04
  1.088000E+00 -5.663324E-04
  1.089000E+00 -5.664923E-04
  1.090000E+00 -5.701151E-04
  1.091000E+00 -5.782301E-04
  1.092000E+00 -5.918076E-04
  1.093000E+00 -6.117354E-04
  1.094000E+00 -6.387965E-04
  1.095000E+00 -6.736486E-04
  1.096000E+00 -7.168055E-04
  1.097000E+00 -7.686228E-04
  1.098000E+00 -8.292849E-04
  1.099000E+00 -8.987974E-04
  1.100000E+00 -9.769824E-04
  1.101000E+00 -1.063478E-03
  1.102000E+00 -1.157744E-03
  1.103000E+00 -1.259067E-03
  1.104000E+00 -1.366574E-03
  1.105000E+00 -1.479250E-03
  1.106000E+00 -1.595954E-03
  1.107000E+00 -1.715444E-03
  1.108000E+00 -1.836400E-03
  1.109000E+00 -1.957452E-03
  1.110000E+00 -2.077206E-03
  1.111000E+00 -2.194274E-03
  1.112000E+00 -2.307301E-03
  1.113000E+00 -2.414993E-03
  1.114000E+00 -2.516142E-03
  1.115000E+00 -2.609651E-03
  1.116000E+00 -2.694552E-03
  1.117000E+00 -2.770028E-03
  1.118000E+00 -2.835423E-03
  1.119000E+00 -2.890254E-03
  1.120000E+00 -2.934215E-03
  1.121000E+00 -2.967181E-03
  1.122000E+00 -2.989203E-03
  1.123000E+00 -3.000501E-03
  1.124000E+00 -3.001451E-03
  1.125000E+00 -2.992573E-03
  1.126000E+00 -2.974512E-03
  1.127000E+00 -2.948014E-03
  1.128000E+00 -2.913905E-03
  1.129000E+00 -2.873064E-03
  1.130000E+00 -2.826401E-03
  1.131000E+00 -2.774825E-03
  1.132000E+00 -2.719226E-03
  1.133000E+00 -2.660443E-03
  1.134000E+00 -2.599247E-03
  1.135000E+00 -2.536320E-03
  1.136000E+00 -2.472238E-03
  1.137000E+00 -2.407459E-03
  1.138000E+00 -2.342313E-03
  1.139000E+00 -2.276996E-03
  1.140000E+00 -2.211572E-03
  1.141000E+00 -2.145973E-03
  1.142000E+00 -2.080010E-03
  1.143000E+00 -2.013381E-03
  1.144000E+00 -1.945687E-03
  1.145000E+00 -1.876449E-03
  1.146000E+00 -1.805131E-03
  1.147000E+00 -1.731155E-03
  1.148000E+00 -1.653930E-03
  1.149000E+00 -1.572873E-03
  1.150000E+00 -1.487431E-03
  1.151000E+00 -1.397106E-03
  1.152000E+00 -1.301470E-03
  1.153000E+00 -1.200191E-03
  1.154000E+00 -1.093039E-03
  1.155000E+00 -9.799053E-04
  1.156000E+00 -8.608091E-04
  1.157000E+00 -7.359007E-04
  1.158000E+00 -6.054637E-04
  1.159000E+00 -4.699117E-04
  1.160000E+00 -3.297809E-04
  1.161000E+00 -1.857201E-04
  1.162000E+00 -3.847635E-05
  1.163000E+00  1.111216E-04
  1.164000E+00  2.621825E-04
  1.165000E+00  4.137737E-04
  1.166000E+00  5.649432E-04
  1.167000E+00  7.147420E-04
  1.168000E+00  8.622474E-04
  1.169000E+00  1.006584E-03
  1.170000E+00  1.146945E-03
  1.171000E+00  1.282609E-03
  1.172000E+00  1.412957E-03
  1.173000E+00  1.537487E-03
  1.174000E+00  1.655819E-03
  1.175000E+00  1.767707E-03
  1.176000E+00  1.873036E-03
  1.177000E+00  1.971825E-03
  1.178000E+00  2.064221E-03
  1.179000E+00  2.150492E-03
  1.180000E+00  2.231014E-03
  1.181000E+00  2.306258E-03
  1.182000E+00  2.376778E-03
  1.183000E+00  2.443186E-03
  1.184000E+00  2.506141E-03
  1.185000E+00  2.566324E-03
  1.186000E+00  2.624421E-03
  1.187000E+00  2.681106E-03
  1.188000E+00  2.737019E-03
  1.189000E+00  2.792752E-03
  1.190000E+00  2.848838E-03
  1.191000E+00  2.905733E-03
  1.192000E+00  2.963810E-03
  1.193000E+00  3.023354E-03
  1.194000E+00  3.084554E-03
  1.195000E+00  3.147507E-03
  1.196000E+00  3.212216E-03
  1.197000E+00  3.278597E-03
  1.198000E+00  3.346485E-03
  1.199000E+00  3.415643E-03
  1.200000E+00  3.485771E-03
  1.201000E+00  3.556523E-03
  1.202000E+00  3.627513E-03
  1.203000E+00  3.698336E-03
  1.204000E+00  3.768574E-03
  1.205000E+00  3.837814E-03
  1.206000E+00  3.905656E-03
  1.207000E+00  3.971731E-03
  1.208000E+00  4.035701E-03
  1.209000E+00  4.097274E-03
  1.210000E+00  4.156209E-03
  1.211000E+00  4.212315E-03
  1.212000E+00  4.265459E-03
  1.213000E+00  4.315562E-03
  1.214000E+00  4.362598E-03
  1.215000E+00  4.406592E-03
  1.216000E+00  4.447611E-03
  1.217000E+00  4.485758E-03
  1.218000E+00  4.521168E-03
  1.219000E+00  4.553996E-03
  1.220000E+00  4.584407E-03
  1.221000E+00  4.612573E-03
  1.222000E+00  4.638659E-03
  1.223000E+00  4.662819E-03
  1.224000E+00  4.685187E-03
  1.225000E+00  4.705873E-03
  1.226000E+00  4.724959E-03
  1.227000E+00  4.742494E-03
  1.228000E+00  4.758495E-03
  1.229000E+00  4.772947E-03
  1.230000E+00  4.785804E-03
  1.231000E+00  4.796992E-03
  1.232000E+00  4.806416E-03
  1.233000E+00  4.813961E-03
  1.234000E+00  4.819498E-03
  1.235000E+00  4.822897E-03
  1.236000E+00  4.824024E-03
  1.237000E+00  4.822755E-03
  1.238000E+00  4.818978E-03
  1.239000E+00  4.812600E-03
  1.240000E+00  4.803550E-03
  1.241000E+00  4.791785E-03
  1.242000E+00  4.777288E-03
  1.243000E+00  4.760074E-03
  1.244000E+00  4.740186E-03
  1.245000E+00  4.717695E-03
  1.246000E+00  4.692698E-03
  1.247000E+00  4.665310E-03
  1.248000E+00  4.635665E-03
  1.249000E+00  4.603906E-03
  1.250000E+00  4.570181E-03
  1.251000E+00  4.534638E-03
  1.252000E+00  4.497417E-03
  1.253000E+00  4.458643E-03
  1.254000E+00  4.418425E-03
  1.255000E+00  4.376851E-03
  1.256000E+00  4.333980E-03
  1.257000E+00  4.289847E-03
  1.258000E+00  4.244457E-03
  1.259000E+00  4.197788E-03
  1.260000E+00  4.149796E-03
  1.261000E+00  4.100412E-03
  1.262000E+00  4.049553E-03
  1.263000E+00  3.997126E-03
  1.264000E+00  3.943034E-03
  1.265000E+00  3.887187E-03
  1.266000E+00  3.829504E-03
  1.267000E+00  3.769928E-03
  1.268000E+00  3.708432E-03
  1.269000E+00  3.645023E-03
  1.270000E+00  3.579756E-03
  1.271000E+00  3.512733E-03
  1.272000E+00  3.444110E-03
  1.273000E+00  3.374101E-03
  1.274000E+00  3.302979E-03
  1.275000E+00  3.231073E-03
  1.276000E+00  3.158767E-03
  1.277000E+00  3.086495E-03
  1.278000E+00  3.014734E-03
  1.279000E+00  2.943997E-03
  1.280000E+00  2.874822E-03
  1.281000E+00  2.807762E-03
  1.282000E+00  2.743368E-03
  1.283000E+00  2.682183E-03
  1.284000E+00  2.624725E-03
  1.285000E+00  2.571471E-03
  1.286000E+00  2.522848E-03
  1.287000E+00  2.479221E-03
  1.288000E+00  2.440877E-03
  1.289000E+00  2.408021E-03
  1.290000E+00  2.380766E-03
  1.291000E+00  2.359126E-03
  1.292000E+00  2.343019E-03
  1.293000E+00  2.332259E-03
  1.294000E+00  2.326563E-03
  1.295000E+00  2.325555E-03
  1.296000E+00  2.328775E-03
  1.297000E+00  2.335686E-03
  1.298000E+00  2.345688E-03
  1.299000E+00  2.358132E-03
  1.300000E+00  2.372338E-03
  1.301000E+00  2.387607E-03
  1.302000E+00  2.403242E-03
  1.303000E+00  2.418564E-03
  1.304000E+00  2.432932E-03
  1.305000E+00  2.445755E-03
  1.306000E+00  2.456510E-03
  1.307000E+00  2.464753E-03
  1.308000E+00  2.470134E-03
  1.309000E+00  2.472400E-03
  1.310000E+00  2.471404E-03
  1.311000E+00  2.467106E-03
  1.312000E+00  2.459575E-03
  1.313000E+00  2.448981E-03
  1.314000E+00  2.435592E-03
  1.315000E+00  2.419762E-03
  1.316000E+00  2.401919E-03
  1.317000E+00  2.382554E-03
  1.318000E+00  2.362199E-03
  1.319000E+00  2.341414E-03
  1.320000E+00  2.320769E-03
  1.321000E+00  2.300820E-03
  1.322000E+00  2.282097E-03
  1.323000E+00  2.265084E-03
  1.324000E+00  2.250202E-03
  1.325000E+00  2.237794E-03
  1.326000E+00  2.228117E-03
  1.327000E+00  2.221326E-03
  1.328000E+00  2.217473E-03
  1.329000E+00  2.216500E-03
  1.330000E+00  2.218239E-03
  1.331000E+00  2.222412E-03
  1.332000E+00  2.228643E-03
  1.333000E+00  2.236459E-03
  1.334000E+00  2.245307E-03
  1.335000E+00  2.254564E-03
  1.336000E+00  2.263553E-03
  1.337000E+00  2.271564E-03
  1.338000E+00  2.277867E-03
  1.339000E+00  2.281734E-03
  1.340000E+00  2.282459E-03
  1.341000E+00  2.279375E-03
  1.342000E+00  2.271872E-03
  1.343000E+00  2.259413E-03
  1.344000E+00  2.241550E-03
  1.345000E+00  2.217934E-03
  1.346000E+00  2.188329E-03
  1.347000E+00  2.152611E-03
  1.348000E+00  2.110778E-03
  1.349000E+00  2.062949E-03
  1.350000E+00  2.009358E-03
  1.351000E+00  1.950353E-03
  1.352000E+00  1.886383E-03
  1.353000E+00  1.817988E-03
  1.354000E+00  1.745786E-03
  1.355000E+00  1.670453E-03
  1.356000E+00  1.592712E-03
  1.357000E+00  1.513308E-03
  1.358000E+00  1.432992E-03
  1.359000E+00  1.352502E-03
  1.360000E+00  1.272542E-03
  1.361000E+00  1.193766E-03
  1.362000E+00  1.116764E-03
  1.363000E+00  1.042041E-03
  1.364000E+00  9.700132E-04
  1.365000E+00  9.009913E-04
  1.366000E+00  8.351790E-04
  1.367000E+00  7.726674E-04
  1.368000E+00  7.134350E-04
  1.369000E+00  6.573502E-04
  1.370000E+00  6.041776E-04
  1.371000E+00  5.535862E-04
  1.372000E+00  5.051606E-04
  1.373000E+00  4.584146E-04
  1.374000E+00  4.128063E-04
  1.375000E+00  3.677550E-04
  1.376000E+00  3.226588E-04
  1.377000E+00  2.769125E-04
  1.378000E+00  2.299260E-04
  1.379000E+00  1.811416E-04
  1.380000E+00  1.300504E-04
  1.381000E+00  7.620701E-05
  1.382000E+00  1.924283E-05
  1.383000E+00 -4.112363E-05
  1.384000E+00 -1.050786E-04
  1.385000E+00 -1.727080E-04
  1.386000E+00 -2.439949E-04
  1.387000E+00 -3.188205E-04
  1.388000E+00 -3.969678E-04
  1.389000E+00 -4.781279E-04
  1.390000E+00 -5.619096E-04
  1.391000E+00 -6.478508E-04
  1.392000E+00 -7.354315E-04
  1.393000E+00 -8.240899E-04
  1.394000E+00 -9.132378E-04
  1.395000E+00 -1.002278E-03
  1.396000E+00 -1.090621E-03
  1.397000E+00 -1.177702E-03
  1.398000E+00 -1.262997E-03
  1.399000E+00 -1.346038E-03
  1.400000E+00 -1.426423E-03
  1.401000E+00 -1.503831E-03
  1.402000E+00 -1.578027E-03
  1.403000E+00 -1.648870E-03
  1.404000E+00 -1.716315E-03
  1.405000E+00 -1.780413E-03
  1.406000E+00 -1.841309E-03
  1.407000E+00 -1.899238E-03
  1.408000E+00 -1.954514E-03
  1.409000E+00 -2.007523E-03
  1.410000E+00 -2.058709E-03
  1.411000E+00 -2.108562E-03
  1.412000E+00 -2.157600E-03
  1.413000E+00 -2.206358E-03
  1.414000E+00 -2.255370E-03
  1.415000E+00 -2.305151E-03
  1.416000E+00 -2.356186E-03
  1.417000E+00 -2.408913E-03
  1.418000E+00 -2.463713E-03
  1.419000E+00 -2.520897E-03
  1.420000E+00 -2.580699E-03
  1.421000E+00 -2.643269E-03
  1.422000E+00 -2.708668E-03
  1.423000E+00 -2.776870E-03
  1.424000E+00 -2.847759E-03
  1.425000E+00 -2.921135E-03
  1.426000E+00 -2.996720E-03
  1.427000E+00 -3.074163E-03
  1.428000E+00 -3.153053E-03
  1.429000E+00 -3.232929E-03
  1.430000E+00 -3.313289E-03
  1.431000E+00 -3.393607E-03
  1.432000E+00 -3.473343E-03
  1.433000E+00 -3.551958E-03
  1.434000E+00 -3.628923E-03
  1.435000E+00 -3.703736E-03
  1.436000E+00 -3.775925E-03
  1.437000E+00 -3.845066E-03
  1.438000E+00 -3.910782E-03
  1.439000E+00 -3.972753E-03
  1.440000E+00 -4.030720E-03
  1.441000E+00 -4.084487E-03
  1.442000E+00 -4.133919E-03
  1.443000E+00 -4.178942E-03
  1.444000E+00 -4.219540E-03
  1.445000E+00 -4.255750E-03
  1.446000E+00 -4.287657E-03
  1.447000E+00 -4.315388E-03
  1.448000E+00 -4.339101E-03
  1.449000E+00 -4.358983E-03
  1.450000E+00 -4.375238E-03
  1.451000E+00 -4.388082E-03
  1.452000E+00 -4.397737E-03
  1.453000E+00 -4.404420E-03
  1.454000E+00 -4.408346E-03
  1.455000E+00 -4.409714E-03
  1.456000E+00 -4.408712E-03
  1.457000E+00 -4.405512E-03
  1.458000E+00 -4.400270E-03
  1.459000E+00 -4.393125E-03
  1.460000E+00 -4.384204E-03
  1.461000E+00 -4.373621E-03
  1.462000E+00 -4.361484E-03
  1.463000E+00 -4.347897E-03
  1.464000E+00 -4.332965E-03
  1.465000E+00 -4.316801E-03
  1.466000E+00 -4.299526E-03
  1.467000E+00 -4.281278E-03
  1.468000E+00 -4.262213E-03
  1.469000E+00 -4.242512E-03
  1.470000E+00 -4.222379E-03
  1.471000E+00 -4.202043E-03
  1.472000E+00 -4.181759E-03
  1.473000E+00 -4.161809E-03
  1.474000E+00 -4.142494E-03
  1.475000E+00 -4.124133E-03
  1.476000E+00 -4.107060E-03
  1.477000E+00 -4.091613E-03
  1.478000E+00 -4.078130E-03
  1.479000E+00 -4.066939E-03
  1.480000E+00 -4.058352E-03
  1.481000E+00 -4.052654E-03
  1.482000E+00 -4.050091E-03
  1.483000E+00 -4.050868E-03
  1.484000E+00 -4.055137E-03
  1.485000E+00 -4.062988E-03
  1.486000E+00 -4.074447E-03
  1.487000E+00 -4.089468E-03
  1.488000E+00 -4.107930E-03
  1.489000E+00 -4.129637E-03
  1.490000E+00 -4.154319E-03
  1.491000E+00 -4.181629E-03
  1.492000E+00 -4.211156E-03
  1.493000E+00 -4.242424E-03
  1.494000E+00 -4.274902E-03
  1.495000E+00 -4.308017E-03
  1.496000E+00 -4.341160E-03
  1.497000E+00 -4.373704E-03
  1.498000E+00 -4.405013E-03
  1.499000E+00 -4.434459E-03
  1.500000E+00 -4.461435E-03
  1.501000E+00 -4.485370E-03
  1.502000E+00 -4.505741E-03
  1.503000E+00 -4.522091E-03
  1.504000E+00 -4.534032E-03
  1.505000E+00 -4.541263E-03
  1.506000E+00 -4.543573E-03
  1.507000E+00 -4.540849E-03
  1.508000E+00 -4.533080E-03
  1.509000E+00 -4.520356E-03
  1.510000E+00 -4.502866E-03
  1.511000E+00 -4.480895E-03
  1.512000E+00 -4.454820E-03
  1.513000E+00 -4.425095E-03
  1.514000E+00 -4.392244E-03
  1.515000E+00 -4.356845E-03
  1.516000E+00 -4.319520E-03
  1.517000E+00 -4.280915E-03
  1.518000E+00 -4.241685E-03
  1.519000E+00 -4.202479E-03
  1.520000E+00 -4.163923E-03
  1.521000E+00 -4.126601E-03
  1.522000E+00 -4.091049E-03
  1.523000E+00 -4.057732E-03
  1.524000E+00 -4.027042E-03
  1.525000E+00 -3.999283E-03
  1.526000E+00 -3.974668E-03
  1.527000E+00 -3.953315E-03
  1.528000E+00 -3.935245E-03
  1.529000E+00 -3.920387E-03
  1.530000E+00 -3.908577E-03
  1.531000E+00 -3.899571E-03
  1.532000E+00 -3.893053E-03
  1.533000E+00 -3.888642E-03
  1.534000E+00 -3.885912E-03
  1.535000E+00 -3.884402E-03
  1.536000E+00 -3.883634E-03
  1.537000E+00 -3.883126E-03
  1.538000E+00 -3.882412E-03
  1.539000E+00 -3.881052E-03
  1.540000E+00 -3.878651E-03
  1.541000E+00 -3.874868E-03
  1.542000E+00 -3.869429E-03
  1.543000E+00 -3.862135E-03
  1.544000E+00 -3.852867E-03
  1.545000E+00 -3.841590E-03
  1.546000E+00 -3.828354E-03
  1.547000E+00 -3.813288E-03
  1.548000E+00 -3.796601E-03
  1.549000E+00 -3.778564E-03
  1.550000E+00 -3.759509E-03
  1.551000E+00 -3.739809E-03
  1.552000E+00 -3.719868E-03
  1.553000E+00 -3.700102E-03
  1.554000E+00 -3.680922E-03
  1.555000E+00 -3.662721E-03
  1.556000E+00 -3.645851E-03
  1.557000E+00 -3.630614E-03
  1.558000E+00 -3.617242E-03
  1.559000E+00 -3.605888E-03
  1.560000E+00 -3.596615E-03
  1.561000E+00 -3.589387E-03
  1.562000E+00 -3.584069E-03
  1.563000E+00 -3.580422E-03
  1.564000E+00 -3.578106E-03
  1.565000E+00 -3.576688E-03
  1.566000E+00 -3.575648E-03
  1.567000E+00 -3.574394E-03
  1.568000E+00 -3.572275E-03
  1.569000E+00 -3.568597E-03
  1.570000E+00 -3.562645E-03
  1.571000E+00 -3.553702E-03
  1.572000E+00 -3.541070E-03
  1.573000E+00 -3.524090E-03
  1.574000E+00 -3.502166E-03
  1.575000E+00 -3.474783E-03
  1.576000E+00 -3.441527E-03
  1.577000E+00 -3.402098E-03
  1.578000E+00 -3.356325E-03
  1.579000E+00 -3.304178E-03
  1.580000E+00 -3.245771E-03
  1.581000E+00 -3.181370E-03
  1.582000E+00 -3.111384E-03
  1.583000E+00 -3.036371E-03
  1.584000E+00 -2.957018E-03
  1.585000E+00 -2.874135E-03
  1.586000E+00 -2.788639E-03
  1.587000E+00 -2.701529E-03
  1.588000E+00 -2.613871E-03
  1.589000E+00 -2.526769E-03
  1.590000E+00 -2.441341E-03
  1.591000E+00 -2.358692E-03
  1.592000E+00 -2.279891E-03
  1.593000E+00 -2.205937E-03
  1.594000E+00 -2.137743E-03
  1.595000E+00 -2.076107E-03
  1.596000E+00 -2.021698E-03
  1.597000E+00 -1.975031E-03
  1.598000E+00 -1.936462E-03
  1.599000E+00 -1.906171E-03
  1.600000E+00 -1.884166E-03
  1.601000E+00 -1.870271E-03
  1.602000E+00 -1.864141E-03
  1.603000E+00 -1.865263E-03
  1.604000E+00 -1.872970E-03
  1.605000E+00 -1.886459E-03
  1.606000E+00 -1.904808E-03
  1.607000E+00 -1.926999E-03
  1.608000E+00 -1.951946E-03
  1.609000E+00 -1.978514E-03
  1.610000E+00 -2.005552E-03
  1.611000E+00 -2.031919E-03
  1.612000E+00 -2.056508E-03
  1.613000E+00 -2.078274E-03
  1.614000E+00 -2.096258E-03
  1.615000E+00 -2.109605E-03
  1.616000E+00 -2.117581E-03
  1.617000E+00 -2.119593E-03
  1.618000E+00 -2.115193E-03
  1.619000E+00 -2.104087E-03
  1.620000E+00 -2.086136E-03
  1.621000E+00 -2.061355E-03
  1.622000E+00 -2.029903E-03
  1.623000E+00 -1.992077E-03
  1.624000E+00 -1.948295E-03
  1.625000E+00 -1.899080E-03
  1.626000E+00 -1.845039E-03
  1.627000E+00 -1.786844E-03
  1.628000E+00 -1.725205E-03
  1.629000E+00 -1.660849E-03
  1.630000E+00 -1.594496E-03
  1.631000E+00 -1.526835E-03
  1.632000E+00 -1.458502E-03
  1.633000E+00 -1.390063E-03
  1.634000E+00 -1.321996E-03
  1.635000E+00 -1.254675E-03
  1.636000E+00 -1.188363E-03
  1.637000E+00 -1.123203E-03
  1.638000E+00 -1.059218E-03
  1.639000E+00 -9.963110E-04
  1.640000E+00 -9.342696E-04
  1.641000E+00 -8.727773E-04
  1.642000E+00 -8.114252E-04
  1.643000E+00 -7.497279E-04
  1.644000E+00 -6.871418E-04
  1.645000E+00 -6.230859E-04
  1.646000E+00 -5.569630E-04
  1.647000E+00 -4.881823E-04
  1.648000E+00 -4.161819E-04
  1.649000E+00 -3.404499E-04
  1.650000E+00 -2.605455E-04
  1.651000E+00 -1.761161E-04
  1.652000E+00 -8.691372E-05
  1.653000E+00  7.192932E-06
  1.654000E+00  1.062095E-04
  1.655000E+00  2.100109E-04
  1.656000E+00  3.183400E-04
  1.657000E+00  4.308105E-04
  1.658000E+00  5.469138E-04
  1.659000E+00  6.660296E-04
  1.660000E+00  7.874400E-04
  1.661000E+00  9.103460E-04
  1.662000E+00  1.033888E-03
  1.663000E+00  1.157166E-03
  1.664000E+00  1.279263E-03
  1.665000E+00  1.399270E-03
  1.666000E+00  1.516304E-03
  1.667000E+00  1.629538E-03
  1.668000E+00  1.738215E-03
  1.669000E+00  1.841670E-03
  1.670000E+00  1.939346E-03
  1.671000E+00  2.030806E-03
  1.672000E+00  2.115746E-03
  1.673000E+00  2.193993E-03
  1.674000E+00  2.265517E-03
  1.675000E+00  2.330421E-03
  1.676000E+00  2.388937E-03
  1.677000E+00  2.441421E-03
  1.678000E+00  2.488334E-03
  1.679000E+00  2.530231E-03
  1.680000E+00  2.567740E-03
  1.681000E+00  2.601545E-03
  1.682000E+00  2.632364E-03
  1.683000E+00  2.660927E-03
  1.684000E+00  2.687955E-03
  1.685000E+00  2.714140E-03
  1.686000E+00  2.740126E-03
  1.687000E+00  2.766490E-03
  1.688000E+00  2.793730E-03
  1.689000E+00  2.822250E-03
  1.690000E+00  2.852352E-03
  1.691000E+00  2.884231E-03
  1.692000E+00  2.917971E-03
  1.693000E+00  2.953551E-03
  1.694000E+00  2.990843E-03
  1.695000E+00  3.029624E-03
  1.696000E+00  3.069589E-03
  1.697000E+00  3.110358E-03
  1.698000E+00  3.151499E-03
  1.699000E+00  3.192539E-03
  1.700000E+00  3.232988E-03
  1.701000E+00  3.272353E-03
  1.702000E+00  3.310160E-03
  1.703000E+00  3.345972E-03
  1.704000E+00  3.379405E-03
  1.705000E+00  3.410144E-03
  1.706000E+00  3.437957E-03
  1.707000E+00  3.462705E-03
  1.708000E+00  3.484347E-03
  1.709000E+00  3.502951E-03
  1.710000E+00  3.518687E-03
  1.711000E+00  3.531833E-03
  1.712000E+00  3.542763E-03
  1.713000E+00  3.551941E-03
  1.714000E+00  3.559911E-03
  1.715000E+00  3.567279E-03
  1.716000E+00  3.574701E-03
  1.717000E+00  3.582860E-03
  1.718000E+00  3.592451E-03
  1.719000E+00  3.604158E-03
  1.720000E+00  3.618636E-03
  1.721000E+00  3.636491E-03
  1.722000E+00  3.658260E-03
  1.723000E+00  3.684395E-03
  1.724000E+00  3.715248E-03
  1.725000E+00  3.751061E-03
  1.726000E+00  3.791951E-03
  1.727000E+00  3.837908E-03
  1.728000E+00  3.888788E-03
  1.729000E+00  3.944319E-03
  1.730000E+00  4.004098E-03
  1.731000E+00  4.067601E-03
  1.732000E+00  4.134193E-03
  1.733000E+00  4.203139E-03
  1.734000E+00  4.273620E-03
  1.735000E+00  4.344754E-03
  1.736000E+00  4.415609E-03
  1.737000E+00  4.485227E-03
  1.738000E+00  4.552644E-03
  1.739000E+00  4.616914E-03
  1.740000E+00  4.677123E-03
  1.741000E+00  4.732415E-03
  1.742000E+00  4.782007E-03
  1.743000E+00  4.825205E-03
  1.744000E+00  4.861419E-03
  1.745000E+00  4.890174E-03
  1.746000E+00  4.911115E-03
  1.747000E+00  4.924017E-03
  1.748000E+00  4.928782E-03
  1.749000E+00  4.925439E-03
  1.750000E+00  4.914142E-03
  1.751000E+00  4.895157E-03
  1.752000E+00  4.868855E-03
  1.753000E+00  4.835702E-03
  1.754000E+00  4.796239E-03
  1.755000E+00  4.751071E-03
  1.756000E+00  4.700845E-03
  1.757000E+00  4.646239E-03
  1.758000E+00  4.587939E-03
  1.759000E+00  4.526628E-03
  1.760000E+00  4.462962E-03
  1.761000E+00  4.397566E-03
  1.762000E+00  4.331011E-03
  1.763000E+00  4.263814E-03
  1.764000E+00  4.196419E-03
  1.765000E+00  4.129202E-03
  1.766000E+00  4.062459E-03
  1.767000E+00  3.996412E-03
  1.768000E+00  3.931209E-03
  1.769000E+00  3.866926E-03
  1.770000E+00  3.803579E-03
  1.771000E+00  3.741126E-03
  1.772000E+00  3.679482E-03
  1.773000E+00  3.618529E-03
  1.774000E+00  3.558128E-03
  1.775000E+00  3.498128E-03
  1.776000E+00  3.438386E-03
  1.777000E+00  3.378771E-03
  1.778000E+00  3.319178E-03
  1.779000E+00  3.259540E-03
  1.780000E+00  3.199834E-03
  1.781000E+00  3.140087E-03
  1.782000E+00  3.080382E-03
  1.783000E+00  3.020861E-03
  1.784000E+00  2.961723E-03
  1.785000E+00  2.903225E-03
  1.786000E+00  2.845675E-03
  1.787000E+00  2.789429E-03
  1.788000E+00  2.734883E-03
  1.789000E+00  2.682460E-03
  1.790000E+00  2.632604E-03
  1.791000E+00  2.585766E-03
  1.792000E+00  2.542393E-03
  1.793000E+00  2.502912E-03
  1.794000E+00  2.467721E-03
  1.795000E+00  2.437179E-03
  1.796000E+00  2.411586E-03
  1.797000E+00  2.391183E-03
  1.798000E+00  2.376137E-03
  1.799000E+00  2.366534E-03
  1.800000E+00  2.362378E-03
  1.801000E+00  2.363581E-03
  1.802000E+00  2.369971E-03
  1.803000E+00  2.381285E-03
  1.804000E+00  2.397177E-03
  1.805000E+00  2.417220E-03
  1.806000E+00  2.440918E-03
  1.807000E+00  2.467713E-03
  1.808000E+00  2.496995E-03
  1.809000E+00  2.528117E-03
  1.810000E+00  2.560403E-03
  1.811000E+00  2.593170E-03
  1.812000E+00  2.625733E-03
  1.813000E+00  2.657426E-03
  1.814000E+00  2.687613E-03
  1.815000E+00  2.715701E-03
  1.816000E+00  2.741151E-03
  1.817000E+00  2.763488E-03
  1.818000E+00  2.782313E-03
  1.819000E+00  2.797305E-03
  1.820000E+00  2.808231E-03
  1.821000E+00  2.814944E-03
  1.822000E+00  2.817387E-03
  1.823000E+00  2.815591E-03
  1.824000E+00  2.809672E-03
  1.825000E+00  2.799822E-03
  1.826000E+00  2.786309E-03
  1.827000E+00  2.769464E-03
  1.828000E+00  2.749671E-03
  1.829000E+00  2.727359E-03
  1.830000E+00  2.702988E-03
  1.831000E+00  2.677039E-03
  1.832000E+00  2.650002E-03
  1.833000E+00  2.622361E-03
  1.834000E+00  2.594589E-03
  1.835000E+00  2.567130E-03
  1.836000E+00  2.540395E-03
  1.837000E+00  2.514752E-03
  1.838000E+00  2.490517E-03
  1.839000E+00  2.467952E-03
  1.840000E+00  2.447258E-03
  1.841000E+00  2.428574E-03
  1.842000E+00  2.411974E-03
  1.843000E+00  2.397472E-03
  1.844000E+00  2.385021E-03
  1.845000E+00  2.374516E-03
  1.846000E+00  2.365803E-03
  1.847000E+00  2.358679E-03
  1.848000E+00  2.352904E-03
  1.849000E+00  2.348207E-03
  1.850000E+00  2.344293E-03
  1.851000E+00  2.340850E-03
  1.852000E+00  2.337562E-03
  1.853000E+00  2.334112E-03
  1.854000E+00  2.330194E-03
  1.855000E+00  2.325517E-03
  1.856000E+00  2.319815E-03
  1.857000E+00  2.312848E-03
  1.858000E+00  2.304413E-03
  1.859000E+00  2.294343E-03
  1.860000E+00  2.282514E-03
  1.861000E+00  2.268841E-03
  1.862000E+00  2.253285E-03
  1.863000E+00  2.235847E-03
  1.864000E+00  2.216570E-03
  1.865000E+00  2.195534E-03
  1.866000E+00  2.172854E-03
  1.867000E+00  2.148671E-03
  1.868000E+00  2.123153E-03
  1.869000E+00  2.096482E-03
  1.870000E+00  2.068853E-03
  1.871000E+00  2.040465E-03
  1.872000E+00  2.011511E-03
  1.873000E+00  1.982178E-03
  1.874000E+00  1.952634E-03
  1.875000E+00  1.923024E-03
  1.876000E+00  1.893465E-03
  1.877000E+00  1.864041E-03
  1.878000E+00  1.834800E-03
  1.879000E+00  1.805746E-03
  1.880000E+00  1.776845E-03
  1.881000E+00  1.748017E-03
  1.882000E+00  1.719140E-03
  1.883000E+00  1.690051E-03
  1.884000E+00  1.660546E-03
  1.885000E+00  1.630387E-03
  1.886000E+00  1.599305E-03
  1.887000E+00  1.567004E-03
  1.888000E+00  1.533170E-03
  1.889000E+00  1.497475E-03
  1.890000E+00  1.459585E-03
  1.891000E+00  1.419168E-03
  1.892000E+00  1.375901E-03
  1.893000E+00  1.329479E-03
  1.894000E+00  1.279621E-03
  1.895000E+00  1.226076E-03
  1.896000E+00  1.168633E-03
  1.897000E+00  1.107124E-03
  1.898000E+00  1.041430E-03
  1.899000E+00  9.714859E-04
  1.900000E+00  8.972838E-04
  1.901000E+00  8.188750E-04
  1.902000E+00  7.363714E-04
  1.903000E+00  6.499459E-04
  1.904000E+00  5.598309E-04
  1.905000E+00  4.663164E-04
  1.906000E+00  3.697466E-04
  1.907000E+00  2.705152E-04
  1.908000E+00  1.690601E-04
  1.909000E+00  6.585726E-05
  1.910000E+00 -3.858683E-05
  1.911000E+00 -1.437427E-04
  1.912000E+00 -2.490661E-04
  1.913000E+00 -3.540068E-04
  1.914000E+00 -4.580166E-04
  1.915000E+00 -5.605587E-04
  1.916000E+00 -6.611150E-04
  1.917000E+00 -7.591947E-04
  1.918000E+00 -8.543406E-04
  1.919000E+00 -9.461362E-04
  1.920000E+00 -1.034210E-03
  1.921000E+00 -1.118242E-03
  1.922000E+00 -1.197962E-03
  1.923000E+00 -1.273157E-03
  1.924000E+00 -1.343670E-03
  1.925000E+00 -1.409396E-03
  1.926000E+00 -1.470285E-03
  1.927000E+00 -1.526338E-03
  1.928000E+00 -1.577599E-03
  1.929000E+00 -1.624158E-03
  1.930000E+00 -1.666139E-03
  1.931000E+00 -1.703695E-03
  1.932000E+00 -1.737005E-03
  1.933000E+00 -1.766266E-03
  1.934000E+00 -1.791686E-03
  1.935000E+00 -1.813475E-03
  1.936000E+00 -1.831847E-03
  1.937000E+00 -1.847008E-03
  1.938000E+00 -1.859151E-03
  1.939000E+00 -1.868459E-03
  1.940000E+00 -1.875095E-03
  1.941000E+00 -1.879205E-03
  1.942000E+00 -1.880912E-03
  1.943000E+00 -1.880324E-03
  1.944000E+00 -1.877528E-03
  1.945000E+00 -1.872594E-03
  1.946000E+00 -1.865581E-03
  1.947000E+00 -1.856539E-03
  1.948000E+00 -1.845510E-03
  1.949000E+00 -1.832537E-03
  1.950000E+00 -1.817669E-03
  1.951000E+00 -1.800961E-03
  1.952000E+00 -1.782483E-03
  1.953000E+00 -1.762326E-03
  1.954000E+00 -1.740601E-03
  1.955000E+00 -1.717444E-03
  1.956000E+00 -1.693023E-03
  1.957000E+00 -1.667533E-03
  1.958000E+00 -1.641202E-03
  1.959000E+00 -1.614288E-03
  1.960000E+00 -1.587081E-03
  1.961000E+00 -1.559896E-03
  1.962000E+00 -1.533077E-03
  1.963000E+00 -1.506985E-03
  1.964000E+00 -1.481999E-03
  1.965000E+00 -1.458509E-03
  1.966000E+00 -1.436908E-03
  1.967000E+00 -1.417588E-03
  1.968000E+00 -1.400930E-03
  1.969000E+00 -1.387300E-03
  1.970000E+00 -1.377040E-03
  1.971000E+00 -1.370460E-03
  1.972000E+00 -1.367835E-03
  1.973000E+00 -1.369394E-03
  1.974000E+00 -1.375319E-03
  1.975000E+00 -1.385739E-03
  1.976000E+00 -1.400724E-03
  1.977000E+00 -1.420288E-03
  1.978000E+00 -1.444380E-03
  1.979000E+00 -1.472893E-03
  1.980000E+00 -1.505657E-03
  1.981000E+00 -1.542446E-03
  1.982000E+00 -1.582981E-03
  1.983000E+00 -1.626932E-03
  1.984000E+00 -1.673927E-03
  1.985000E+00 -1.723557E-03
  1.986000E+00 -1.775383E-03
  1.987000E+00 -1.828946E-03
  1.988000E+00 -1.883773E-03
  1.989000E+00 -1.939388E-03
  1.990000E+00 -1.995319E-03
  1.991000E+00 -2.051108E-03
  1.992000E+00 -2.106318E-03
  1.993000E+00 -2.160543E-03
  1.994000E+00 -2.213412E-03
  1.995000E+00 -2.264598E-03
  1.996000E+00 -2.313822E-03
  1.997000E+00 -2.360856E-03
  1.998000E+00 -2.405529E-03
  1.999000E+00 -2.447727E-03
  2.000000E+00  3.325397E-02
