; material = LLZO                                                       
Zr            2000  1.18867566E+01          580.000000
  0.000000E+00  1.000000E+00
  1.000000E-03  9.975709E-01
  2.000000E-03  9.903157E-01
  3.000000E-03  9.783307E-01
  4.000000E-03  9.617742E-01
  5.000000E-03  9.408627E-01
  6.000000E-03  9.158669E-01
  7.000000E-03  8.871050E-01
  8.000000E-03  8.549364E-01
  9.000000E-03  8.197545E-01
  1.000000E-02  7.819778E-01
  1.100000E-02  7.420422E-01
  1.200000E-02  7.003918E-01
  1.300000E-02  6.574712E-01
  1.400000E-02  6.137164E-01
  1.500000E-02  5.695480E-01
  1.600000E-02  5.253634E-01
  1.700000E-02  4.815313E-01
  1.800000E-02  4.383859E-01
  1.900000E-02  3.962232E-01
  2.000000E-02  3.552975E-01
  2.100000E-02  3.158198E-01
  2.200000E-02  2.779570E-01
  2.300000E-02  2.418320E-01
  2.400000E-02  2.075253E-01
  2.500000E-02  1.750776E-01
  2.600000E-02  1.444927E-01
  2.700000E-02  1.157414E-01
  2.800000E-02  8.876682E-02
  2.900000E-02  6.348854E-02
  3.000000E-02  3.980849E-02
  3.100000E-02  1.761616E-02
  3.200000E-02 -3.205993E-03
  3.300000E-02 -2.277737E-02
  3.400000E-02 -4.121444E-02
  3.500000E-02 -5.862637E-02
  3.600000E-02 -7.511132E-02
  3.700000E-02 -9.075335E-02
  3.800000E-02 -1.056201E-01
  3.900000E-02 -1.197612E-01
  4.000000E-02 -1.332078E-01
  4.100000E-02 -1.459724E-01
  4.200000E-02 -1.580496E-01
  4.300000E-02 -1.694181E-01
  4.400000E-02 -1.800426E-01
  4.500000E-02 -1.898764E-01
  4.600000E-02 -1.988651E-01
  4.700000E-02 -2.069496E-01
  4.800000E-02 -2.140700E-01
  4.900000E-02 -2.201692E-01
  5.000000E-02 -2.251969E-01
  5.100000E-02 -2.291127E-01
  5.200000E-02 -2.318894E-01
  5.300000E-02 -2.335155E-01
  5.400000E-02 -2.339977E-01
  5.500000E-02 -2.333622E-01
  5.600000E-02 -2.316558E-01
  5.700000E-02 -2.289463E-01
  5.800000E-02 -2.253215E-01
  5.900000E-02 -2.208888E-01
  6.000000E-02 -2.157729E-01
  6.100000E-02 -2.101138E-01
  6.200000E-02 -2.040637E-01
  6.300000E-02 -1.977839E-01
  6.400000E-02 -1.914408E-01
  6.500000E-02 -1.852027E-01
  6.600000E-02 -1.792349E-01
  6.700000E-02 -1.736967E-01
  6.800000E-02 -1.687369E-01
  6.900000E-02 -1.644903E-01
  7.000000E-02 -1.610746E-01
  7.100000E-02 -1.585876E-01
  7.200000E-02 -1.571047E-01
  7.300000E-02 -1.566770E-01
  7.400000E-02 -1.573305E-01
  7.500000E-02 -1.590655E-01
  7.600000E-02 -1.618568E-01
  7.700000E-02 -1.656540E-01
  7.800000E-02 -1.703838E-01
  7.900000E-02 -1.759513E-01
  8.000000E-02 -1.822425E-01
  8.100000E-02 -1.891276E-01
  8.200000E-02 -1.964639E-01
  8.300000E-02 -2.040994E-01
  8.400000E-02 -2.118763E-01
  8.500000E-02 -2.196352E-01
  8.600000E-02 -2.272178E-01
  8.700000E-02 -2.344716E-01
  8.800000E-02 -2.412520E-01
  8.900000E-02 -2.474261E-01
  9.000000E-02 -2.528750E-01
  9.100000E-02 -2.574956E-01
  9.200000E-02 -2.612030E-01
  9.300000E-02 -2.639310E-01
  9.400000E-02 -2.656330E-01
  9.500000E-02 -2.662823E-01
  9.600000E-02 -2.658714E-01
  9.700000E-02 -2.644115E-01
  9.800000E-02 -2.619310E-01
  9.900000E-02 -2.584741E-01
  1.000000E-01 -2.540986E-01
  1.010000E-01 -2.488743E-01
  1.020000E-01 -2.428798E-01
  1.030000E-01 -2.362008E-01
  1.040000E-01 -2.289274E-01
  1.050000E-01 -2.211518E-01
  1.060000E-01 -2.129658E-01
  1.070000E-01 -2.044587E-01
  1.080000E-01 -1.957158E-01
  1.090000E-01 -1.868164E-01
  1.100000E-01 -1.778327E-01
  1.110000E-01 -1.688286E-01
  1.120000E-01 -1.598593E-01
  1.130000E-01 -1.509707E-01
  1.140000E-01 -1.421997E-01
  1.150000E-01 -1.335743E-01
  1.160000E-01 -1.251143E-01
  1.170000E-01 -1.168318E-01
  1.180000E-01 -1.087326E-01
  1.190000E-01 -1.008171E-01
  1.200000E-01 -9.308163E-02
  1.210000E-01 -8.551962E-02
  1.220000E-01 -7.812297E-02
  1.230000E-01 -7.088325E-02
  1.240000E-01 -6.379281E-02
  1.250000E-01 -5.684583E-02
  1.260000E-01 -5.003911E-02
  1.270000E-01 -4.337273E-02
  1.280000E-01 -3.685054E-02
  1.290000E-01 -3.048036E-02
  1.300000E-01 -2.427405E-02
  1.310000E-01 -1.824730E-02
  1.320000E-01 -1.241930E-02
  1.330000E-01 -6.812196E-03
  1.340000E-01 -1.450408E-03
  1.350000E-01  3.640145E-03
  1.360000E-01  8.432923E-03
  1.370000E-01  1.290168E-02
  1.380000E-01  1.702140E-02
  1.390000E-01  2.076919E-02
  1.400000E-01  2.412514E-02
  1.410000E-01  2.707306E-02
  1.420000E-01  2.960118E-02
  1.430000E-01  3.170264E-02
  1.440000E-01  3.337584E-02
  1.450000E-01  3.462471E-02
  1.460000E-01  3.545871E-02
  1.470000E-01  3.589271E-02
  1.480000E-01  3.594676E-02
  1.490000E-01  3.564566E-02
  1.500000E-01  3.501839E-02
  1.510000E-01  3.409748E-02
  1.520000E-01  3.291830E-02
  1.530000E-01  3.151820E-02
  1.540000E-01  2.993573E-02
  1.550000E-01  2.820979E-02
  1.560000E-01  2.637881E-02
  1.570000E-01  2.447997E-02
  1.580000E-01  2.254847E-02
  1.590000E-01  2.061695E-02
  1.600000E-01  1.871493E-02
  1.610000E-01  1.686838E-02
  1.620000E-01  1.509943E-02
  1.630000E-01  1.342622E-02
  1.640000E-01  1.186279E-02
  1.650000E-01  1.041916E-02
  1.660000E-01  9.101485E-03
  1.670000E-01  7.912312E-03
  1.680000E-01  6.850910E-03
  1.690000E-01  5.913663E-03
  1.700000E-01  5.094515E-03
  1.710000E-01  4.385442E-03
  1.720000E-01  3.776922E-03
  1.730000E-01  3.258417E-03
  1.740000E-01  2.818811E-03
  1.750000E-01  2.446825E-03
  1.760000E-01  2.131378E-03
  1.770000E-01  1.861888E-03
  1.780000E-01  1.628511E-03
  1.790000E-01  1.422314E-03
  1.800000E-01  1.235378E-03
  1.810000E-01  1.060840E-03
  1.820000E-01  8.928678E-04
  1.830000E-01  7.265946E-04
  1.840000E-01  5.579983E-04
  1.850000E-01  3.837564E-04
  1.860000E-01  2.010756E-04
  1.870000E-01  7.513365E-06
  1.880000E-01 -1.992002E-04
  1.890000E-01 -4.213275E-04
  1.900000E-01 -6.612679E-04
  1.910000E-01 -9.216729E-04
  1.920000E-01 -1.205525E-03
  1.930000E-01 -1.516181E-03
  1.940000E-01 -1.857370E-03
  1.950000E-01 -2.233153E-03
  1.960000E-01 -2.647850E-03
  1.970000E-01 -3.105926E-03
  1.980000E-01 -3.611860E-03
  1.990000E-01 -4.169985E-03
  2.000000E-01 -4.784333E-03
  2.010000E-01 -5.458462E-03
  2.020000E-01 -6.195311E-03
  2.030000E-01 -6.997057E-03
  2.040000E-01 -7.865008E-03
  2.050000E-01 -8.799531E-03
  2.060000E-01 -9.800009E-03
  2.070000E-01 -1.086485E-02
  2.080000E-01 -1.199156E-02
  2.090000E-01 -1.317678E-02
  2.100000E-01 -1.441649E-02
  2.110000E-01 -1.570616E-02
  2.120000E-01 -1.704092E-02
  2.130000E-01 -1.841584E-02
  2.140000E-01 -1.982613E-02
  2.150000E-01 -2.126740E-02
  2.160000E-01 -2.273587E-02
  2.170000E-01 -2.422860E-02
  2.180000E-01 -2.574364E-02
  2.190000E-01 -2.728020E-02
  2.200000E-01 -2.883869E-02
  2.210000E-01 -3.042080E-02
  2.220000E-01 -3.202940E-02
  2.230000E-01 -3.366849E-02
  2.240000E-01 -3.534303E-02
  2.250000E-01 -3.705867E-02
  2.260000E-01 -3.882153E-02
  2.270000E-01 -4.063780E-02
  2.280000E-01 -4.251343E-02
  2.290000E-01 -4.445370E-02
  2.300000E-01 -4.646279E-02
  2.310000E-01 -4.854341E-02
  2.320000E-01 -5.069640E-02
  2.330000E-01 -5.292034E-02
  2.340000E-01 -5.521128E-02
  2.350000E-01 -5.756243E-02
  2.360000E-01 -5.996406E-02
  2.370000E-01 -6.240334E-02
  2.380000E-01 -6.486437E-02
  2.390000E-01 -6.732827E-02
  2.400000E-01 -6.977335E-02
  2.410000E-01 -7.217543E-02
  2.420000E-01 -7.450821E-02
  2.430000E-01 -7.674372E-02
  2.440000E-01 -7.885284E-02
  2.450000E-01 -8.080595E-02
  2.460000E-01 -8.257350E-02
  2.470000E-01 -8.412670E-02
  2.480000E-01 -8.543819E-02
  2.490000E-01 -8.648264E-02
  2.500000E-01 -8.723743E-02
  2.510000E-01 -8.768315E-02
  2.520000E-01 -8.780411E-02
  2.530000E-01 -8.758873E-02
  2.540000E-01 -8.702983E-02
  2.550000E-01 -8.612481E-02
  2.560000E-01 -8.487573E-02
  2.570000E-01 -8.328923E-02
  2.580000E-01 -8.137635E-02
  2.590000E-01 -7.915224E-02
  2.600000E-01 -7.663577E-02
  2.610000E-01 -7.384895E-02
  2.620000E-01 -7.081646E-02
  2.630000E-01 -6.756488E-02
  2.640000E-01 -6.412210E-02
  2.650000E-01 -6.051651E-02
  2.660000E-01 -5.677635E-02
  2.670000E-01 -5.292900E-02
  2.680000E-01 -4.900030E-02
  2.690000E-01 -4.501403E-02
  2.700000E-01 -4.099133E-02
  2.710000E-01 -3.695039E-02
  2.720000E-01 -3.290609E-02
  2.730000E-01 -2.886991E-02
  2.740000E-01 -2.484981E-02
  2.750000E-01 -2.085041E-02
  2.760000E-01 -1.687317E-02
  2.770000E-01 -1.291670E-02
  2.780000E-01 -8.977271E-03
  2.790000E-01 -5.049269E-03
  2.800000E-01 -1.125857E-03
  2.810000E-01  2.800399E-03
  2.820000E-01  6.736839E-03
  2.830000E-01  1.069002E-02
  2.840000E-01  1.466508E-02
  2.850000E-01  1.866505E-02
  2.860000E-01  2.269039E-02
  2.870000E-01  2.673847E-02
  2.880000E-01  3.080321E-02
  2.890000E-01  3.487487E-02
  2.900000E-01  3.893995E-02
  2.910000E-01  4.298120E-02
  2.920000E-01  4.697783E-02
  2.930000E-01  5.090580E-02
  2.940000E-01  5.473828E-02
  2.950000E-01  5.844623E-02
  2.960000E-01  6.199906E-02
  2.970000E-01  6.536539E-02
  2.980000E-01  6.851389E-02
  2.990000E-01  7.141412E-02
  3.000000E-01  7.403743E-02
  3.010000E-01  7.635779E-02
  3.020000E-01  7.835262E-02
  3.030000E-01  8.000355E-02
  3.040000E-01  8.129703E-02
  3.050000E-01  8.222495E-02
  3.060000E-01  8.278495E-02
  3.070000E-01  8.298074E-02
  3.080000E-01  8.282220E-02
  3.090000E-01  8.232527E-02
  3.100000E-01  8.151177E-02
  3.110000E-01  8.040895E-02
  3.120000E-01  7.904901E-02
  3.130000E-01  7.746837E-02
  3.140000E-01  7.570688E-02
  3.150000E-01  7.380693E-02
  3.160000E-01  7.181248E-02
  3.170000E-01  6.976800E-02
  3.180000E-01  6.771746E-02
  3.190000E-01  6.570333E-02
  3.200000E-01  6.376554E-02
  3.210000E-01  6.194059E-02
  3.220000E-01  6.026070E-02
  3.230000E-01  5.875315E-02
  3.240000E-01  5.743966E-02
  3.250000E-01  5.633597E-02
  3.260000E-01  5.545162E-02
  3.270000E-01  5.478981E-02
  3.280000E-01  5.434751E-02
  3.290000E-01  5.411570E-02
  3.300000E-01  5.407975E-02
  3.310000E-01  5.421998E-02
  3.320000E-01  5.451232E-02
  3.330000E-01  5.492911E-02
  3.340000E-01  5.543991E-02
  3.350000E-01  5.601244E-02
  3.360000E-01  5.661351E-02
  3.370000E-01  5.720994E-02
  3.380000E-01  5.776949E-02
  3.390000E-01  5.826170E-02
  3.400000E-01  5.865866E-02
  3.410000E-01  5.893569E-02
  3.420000E-01  5.907190E-02
  3.430000E-01  5.905059E-02
  3.440000E-01  5.885956E-02
  3.450000E-01  5.849122E-02
  3.460000E-01  5.794258E-02
  3.470000E-01  5.721510E-02
  3.480000E-01  5.631437E-02
  3.490000E-01  5.524971E-02
  3.500000E-01  5.403363E-02
  3.510000E-01  5.268123E-02
  3.520000E-01  5.120950E-02
  3.530000E-01  4.963663E-02
  3.540000E-01  4.798124E-02
  3.550000E-01  4.626166E-02
  3.560000E-01  4.449525E-02
  3.570000E-01  4.269774E-02
  3.580000E-01  4.088266E-02
  3.590000E-01  3.906092E-02
  3.600000E-01  3.724037E-02
  3.610000E-01  3.542563E-02
  3.620000E-01  3.361796E-02
  3.630000E-01  3.181526E-02
  3.640000E-01  3.001225E-02
  3.650000E-01  2.820070E-02
  3.660000E-01  2.636988E-02
  3.670000E-01  2.450699E-02
  3.680000E-01  2.259776E-02
  3.690000E-01  2.062707E-02
  3.700000E-01  1.857962E-02
  3.710000E-01  1.644068E-02
  3.720000E-01  1.419670E-02
  3.730000E-01  1.183604E-02
  3.740000E-01  9.349592E-03
  3.750000E-01  6.731280E-03
  3.760000E-01  3.978571E-03
  3.770000E-01  1.092812E-03
  3.780000E-01 -1.920519E-03
  3.790000E-01 -5.051693E-03
  3.800000E-01 -8.286741E-03
  3.810000E-01 -1.160759E-02
  3.820000E-01 -1.499232E-02
  3.830000E-01 -1.841558E-02
  3.840000E-01 -2.184902E-02
  3.850000E-01 -2.526194E-02
  3.860000E-01 -2.862190E-02
  3.870000E-01 -3.189550E-02
  3.880000E-01 -3.504906E-02
  3.890000E-01 -3.804946E-02
  3.900000E-01 -4.086488E-02
  3.910000E-01 -4.346553E-02
  3.920000E-01 -4.582433E-02
  3.930000E-01 -4.791756E-02
  3.940000E-01 -4.972536E-02
  3.950000E-01 -5.123216E-02
  3.960000E-01 -5.242701E-02
  3.970000E-01 -5.330376E-02
  3.980000E-01 -5.386117E-02
  3.990000E-01 -5.410281E-02
  4.000000E-01 -5.403693E-02
  4.010000E-01 -5.367616E-02
  4.020000E-01 -5.303709E-02
  4.030000E-01 -5.213985E-02
  4.040000E-01 -5.100748E-02
  4.050000E-01 -4.966538E-02
  4.060000E-01 -4.814060E-02
  4.070000E-01 -4.646120E-02
  4.080000E-01 -4.465552E-02
  4.090000E-01 -4.275158E-02
  4.100000E-01 -4.077642E-02
  4.110000E-01 -3.875554E-02
  4.120000E-01 -3.671238E-02
  4.130000E-01 -3.466794E-02
  4.140000E-01 -3.264040E-02
  4.150000E-01 -3.064493E-02
  4.160000E-01 -2.869354E-02
  4.170000E-01 -2.679504E-02
  4.180000E-01 -2.495515E-02
  4.190000E-01 -2.317661E-02
  4.200000E-01 -2.145948E-02
  4.210000E-01 -1.980141E-02
  4.220000E-01 -1.819807E-02
  4.230000E-01 -1.664356E-02
  4.240000E-01 -1.513087E-02
  4.250000E-01 -1.365235E-02
  4.260000E-01 -1.220019E-02
  4.270000E-01 -1.076690E-02
  4.280000E-01 -9.345699E-03
  4.290000E-01 -7.930922E-03
  4.300000E-01 -6.518334E-03
  4.310000E-01 -5.105390E-03
  4.320000E-01 -3.691421E-03
  4.330000E-01 -2.277741E-03
  4.340000E-01 -8.676709E-04
  4.350000E-01  5.335113E-04
  4.360000E-01  1.918701E-03
  4.370000E-01  3.279163E-03
  4.380000E-01  4.604797E-03
  4.390000E-01  5.884447E-03
  4.400000E-01  7.106260E-03
  4.410000E-01  8.258067E-03
  4.420000E-01  9.327787E-03
  4.430000E-01  1.030382E-02
  4.440000E-01  1.117545E-02
  4.450000E-01  1.193321E-02
  4.460000E-01  1.256920E-02
  4.470000E-01  1.307737E-02
  4.480000E-01  1.345378E-02
  4.490000E-01  1.369674E-02
  4.500000E-01  1.380691E-02
  4.510000E-01  1.378734E-02
  4.520000E-01  1.364344E-02
  4.530000E-01  1.338283E-02
  4.540000E-01  1.301523E-02
  4.550000E-01  1.255217E-02
  4.560000E-01  1.200673E-02
  4.570000E-01  1.139321E-02
  4.580000E-01  1.072680E-02
  4.590000E-01  1.002313E-02
  4.600000E-01  9.297971E-03
  4.610000E-01  8.566772E-03
  4.620000E-01  7.844328E-03
  4.630000E-01  7.144419E-03
  4.640000E-01  6.479496E-03
  4.650000E-01  5.860406E-03
  4.660000E-01  5.296175E-03
  4.670000E-01  4.793836E-03
  4.680000E-01  4.358325E-03
  4.690000E-01  3.992434E-03
  4.700000E-01  3.696828E-03
  4.710000E-01  3.470116E-03
  4.720000E-01  3.308988E-03
  4.730000E-01  3.208391E-03
  4.740000E-01  3.161761E-03
  4.750000E-01  3.161280E-03
  4.760000E-01  3.198171E-03
  4.770000E-01  3.263005E-03
  4.780000E-01  3.346018E-03
  4.790000E-01  3.437430E-03
  4.800000E-01  3.527748E-03
  4.810000E-01  3.608059E-03
  4.820000E-01  3.670280E-03
  4.830000E-01  3.707392E-03
  4.840000E-01  3.713618E-03
  4.850000E-01  3.684565E-03
  4.860000E-01  3.617313E-03
  4.870000E-01  3.510457E-03
  4.880000E-01  3.364099E-03
  4.890000E-01  3.179787E-03
  4.900000E-01  2.960420E-03
  4.910000E-01  2.710096E-03
  4.920000E-01  2.433940E-03
  4.930000E-01  2.137892E-03
  4.940000E-01  1.828476E-03
  4.950000E-01  1.512558E-03
  4.960000E-01  1.197091E-03
  4.970000E-01  8.888659E-04
  4.980000E-01  5.942702E-04
  4.990000E-01  3.190614E-04
  5.000000E-01  6.816594E-05
  5.010000E-01 -1.544947E-04
  5.020000E-01 -3.461434E-04
  5.030000E-01 -5.052493E-04
  5.040000E-01 -6.315898E-04
  5.050000E-01 -7.262707E-04
  5.060000E-01 -7.917048E-04
  5.070000E-01 -8.315499E-04
  5.080000E-01 -8.506086E-04
  5.090000E-01 -8.546927E-04
  5.100000E-01 -8.504576E-04
  5.110000E-01 -8.452104E-04
  5.120000E-01 -8.466990E-04
  5.130000E-01 -8.628872E-04
  5.140000E-01 -9.017226E-04
  5.150000E-01 -9.709048E-04
  5.160000E-01 -1.077659E-03
  5.170000E-01 -1.228523E-03
  5.180000E-01 -1.429150E-03
  5.190000E-01 -1.684140E-03
  5.200000E-01 -1.996892E-03
  5.210000E-01 -2.369494E-03
  5.220000E-01 -2.802645E-03
  5.230000E-01 -3.295613E-03
  5.240000E-01 -3.846231E-03
  5.250000E-01 -4.450926E-03
  5.260000E-01 -5.104793E-03
  5.270000E-01 -5.801690E-03
  5.280000E-01 -6.534373E-03
  5.290000E-01 -7.294657E-03
  5.300000E-01 -8.073592E-03
  5.310000E-01 -8.861668E-03
  5.320000E-01 -9.649020E-03
  5.330000E-01 -1.042566E-02
  5.340000E-01 -1.118166E-02
  5.350000E-01 -1.190744E-02
  5.360000E-01 -1.259390E-02
  5.370000E-01 -1.323263E-02
  5.380000E-01 -1.381614E-02
  5.390000E-01 -1.433791E-02
  5.400000E-01 -1.479262E-02
  5.410000E-01 -1.517615E-02
  5.420000E-01 -1.548573E-02
  5.430000E-01 -1.571988E-02
  5.440000E-01 -1.587851E-02
  5.450000E-01 -1.596279E-02
  5.460000E-01 -1.597516E-02
  5.470000E-01 -1.591920E-02
  5.480000E-01 -1.579952E-02
  5.490000E-01 -1.562162E-02
  5.500000E-01 -1.539173E-02
  5.510000E-01 -1.511664E-02
  5.520000E-01 -1.480352E-02
  5.530000E-01 -1.445971E-02
  5.540000E-01 -1.409256E-02
  5.550000E-01 -1.370922E-02
  5.560000E-01 -1.331646E-02
  5.570000E-01 -1.292053E-02
  5.580000E-01 -1.252702E-02
  5.590000E-01 -1.214068E-02
  5.600000E-01 -1.176538E-02
  5.610000E-01 -1.140400E-02
  5.620000E-01 -1.105838E-02
  5.630000E-01 -1.072934E-02
  5.640000E-01 -1.041664E-02
  5.650000E-01 -1.011902E-02
  5.660000E-01 -9.834311E-03
  5.670000E-01 -9.559494E-03
  5.680000E-01 -9.290809E-03
  5.690000E-01 -9.023905E-03
  5.700000E-01 -8.753980E-03
  5.710000E-01 -8.475951E-03
  5.720000E-01 -8.184620E-03
  5.730000E-01 -7.874851E-03
  5.740000E-01 -7.541742E-03
  5.750000E-01 -7.180794E-03
  5.760000E-01 -6.788066E-03
  5.770000E-01 -6.360320E-03
  5.780000E-01 -5.895140E-03
  5.790000E-01 -5.391039E-03
  5.800000E-01 -4.847531E-03
  5.810000E-01 -4.265183E-03
  5.820000E-01 -3.645631E-03
  5.830000E-01 -2.991573E-03
  5.840000E-01 -2.306727E-03
  5.850000E-01 -1.595759E-03
  5.860000E-01 -8.641924E-04
  5.870000E-01 -1.182768E-04
  5.880000E-01  6.351526E-04
  5.890000E-01  1.388842E-03
  5.900000E-01  2.135296E-03
  5.910000E-01  2.866970E-03
  5.920000E-01  3.576461E-03
  5.930000E-01  4.256707E-03
  5.940000E-01  4.901167E-03
  5.950000E-01  5.504009E-03
  5.960000E-01  6.060263E-03
  5.970000E-01  6.565970E-03
  5.980000E-01  7.018293E-03
  5.990000E-01  7.415608E-03
  6.000000E-01  7.757561E-03
  6.010000E-01  8.045095E-03
  6.020000E-01  8.280433E-03
  6.030000E-01  8.467041E-03
  6.040000E-01  8.609542E-03
  6.050000E-01  8.713607E-03
  6.060000E-01  8.785815E-03
  6.070000E-01  8.833482E-03
  6.080000E-01  8.864468E-03
  6.090000E-01  8.886976E-03
  6.100000E-01  8.909324E-03
  6.110000E-01  8.939719E-03
  6.120000E-01  8.986033E-03
  6.130000E-01  9.055576E-03
  6.140000E-01  9.154891E-03
  6.150000E-01  9.289557E-03
  6.160000E-01  9.464025E-03
  6.170000E-01  9.681472E-03
  6.180000E-01  9.943696E-03
  6.190000E-01  1.025104E-02
  6.200000E-01  1.060237E-02
  6.210000E-01  1.099505E-02
  6.220000E-01  1.142502E-02
  6.230000E-01  1.188686E-02
  6.240000E-01  1.237392E-02
  6.250000E-01  1.287845E-02
  6.260000E-01  1.339182E-02
  6.270000E-01  1.390471E-02
  6.280000E-01  1.440734E-02
  6.290000E-01  1.488972E-02
  6.300000E-01  1.534190E-02
  6.310000E-01  1.575420E-02
  6.320000E-01  1.611748E-02
  6.330000E-01  1.642339E-02
  6.340000E-01  1.666451E-02
  6.350000E-01  1.683461E-02
  6.360000E-01  1.692877E-02
  6.370000E-01  1.694351E-02
  6.380000E-01  1.687687E-02
  6.390000E-01  1.672843E-02
  6.400000E-01  1.649935E-02
  6.410000E-01  1.619231E-02
  6.420000E-01  1.581140E-02
  6.430000E-01  1.536205E-02
  6.440000E-01  1.485083E-02
  6.450000E-01  1.428528E-02
  6.460000E-01  1.367370E-02
  6.470000E-01  1.302492E-02
  6.480000E-01  1.234804E-02
  6.490000E-01  1.165222E-02
  6.500000E-01  1.094639E-02
  6.510000E-01  1.023905E-02
  6.520000E-01  9.538018E-03
  6.530000E-01  8.850239E-03
  6.540000E-01  8.181624E-03
  6.550000E-01  7.536900E-03
  6.560000E-01  6.919507E-03
  6.570000E-01  6.331537E-03
  6.580000E-01  5.773707E-03
  6.590000E-01  5.245382E-03
  6.600000E-01  4.744632E-03
  6.610000E-01  4.268330E-03
  6.620000E-01  3.812288E-03
  6.630000E-01  3.371424E-03
  6.640000E-01  2.939951E-03
  6.650000E-01  2.511597E-03
  6.660000E-01  2.079829E-03
  6.670000E-01  1.638095E-03
  6.680000E-01  1.180053E-03
  6.690000E-01  6.998128E-04
  6.700000E-01  1.921439E-04
  6.710000E-01 -3.473200E-04
  6.720000E-01 -9.219106E-04
  6.730000E-01 -1.533783E-03
  6.740000E-01 -2.183808E-03
  6.750000E-01 -2.871504E-03
  6.760000E-01 -3.595007E-03
  6.770000E-01 -4.351083E-03
  6.780000E-01 -5.135181E-03
  6.790000E-01 -5.941523E-03
  6.800000E-01 -6.763237E-03
  6.810000E-01 -7.592510E-03
  6.820000E-01 -8.420785E-03
  6.830000E-01 -9.238965E-03
  6.840000E-01 -1.003765E-02
  6.850000E-01 -1.080736E-02
  6.860000E-01 -1.153880E-02
  6.870000E-01 -1.222307E-02
  6.880000E-01 -1.285192E-02
  6.890000E-01 -1.341792E-02
  6.900000E-01 -1.391469E-02
  6.910000E-01 -1.433704E-02
  6.920000E-01 -1.468110E-02
  6.930000E-01 -1.494440E-02
  6.940000E-01 -1.512593E-02
  6.950000E-01 -1.522617E-02
  6.960000E-01 -1.524705E-02
  6.970000E-01 -1.519187E-02
  6.980000E-01 -1.506524E-02
  6.990000E-01 -1.487293E-02
  7.000000E-01 -1.462168E-02
  7.010000E-01 -1.431909E-02
  7.020000E-01 -1.397333E-02
  7.030000E-01 -1.359298E-02
  7.040000E-01 -1.318680E-02
  7.050000E-01 -1.276352E-02
  7.060000E-01 -1.233157E-02
  7.070000E-01 -1.189896E-02
  7.080000E-01 -1.147303E-02
  7.090000E-01 -1.106033E-02
  7.100000E-01 -1.066643E-02
  7.110000E-01 -1.029590E-02
  7.120000E-01 -9.952150E-03
  7.130000E-01 -9.637448E-03
  7.140000E-01 -9.352890E-03
  7.150000E-01 -9.098429E-03
  7.160000E-01 -8.872941E-03
  7.170000E-01 -8.674309E-03
  7.180000E-01 -8.499537E-03
  7.190000E-01 -8.344886E-03
  7.200000E-01 -8.206027E-03
  7.210000E-01 -8.078205E-03
  7.220000E-01 -7.956410E-03
  7.230000E-01 -7.835553E-03
  7.240000E-01 -7.710630E-03
  7.250000E-01 -7.576889E-03
  7.260000E-01 -7.429973E-03
  7.270000E-01 -7.266052E-03
  7.280000E-01 -7.081931E-03
  7.290000E-01 -6.875139E-03
  7.300000E-01 -6.643985E-03
  7.310000E-01 -6.387598E-03
  7.320000E-01 -6.105927E-03
  7.330000E-01 -5.799727E-03
  7.340000E-01 -5.470515E-03
  7.350000E-01 -5.120500E-03
  7.360000E-01 -4.752502E-03
  7.370000E-01 -4.369842E-03
  7.380000E-01 -3.976231E-03
  7.390000E-01 -3.575645E-03
  7.400000E-01 -3.172190E-03
  7.410000E-01 -2.769978E-03
  7.420000E-01 -2.372997E-03
  7.430000E-01 -1.984992E-03
  7.440000E-01 -1.609357E-03
  7.450000E-01 -1.249044E-03
  7.460000E-01 -9.064823E-04
  7.470000E-01 -5.835233E-04
  7.480000E-01 -2.814009E-04
  7.490000E-01 -7.145757E-07
  7.500000E-01  2.585667E-04
  7.510000E-01  4.970817E-04
  7.520000E-01  7.160343E-04
  7.530000E-01  9.171350E-04
  7.540000E-01  1.102527E-03
  7.550000E-01  1.274703E-03
  7.560000E-01  1.436409E-03
  7.570000E-01  1.590547E-03
  7.580000E-01  1.740074E-03
  7.590000E-01  1.887902E-03
  7.600000E-01  2.036805E-03
  7.610000E-01  2.189328E-03
  7.620000E-01  2.347711E-03
  7.630000E-01  2.513826E-03
  7.640000E-01  2.689122E-03
  7.650000E-01  2.874589E-03
  7.660000E-01  3.070740E-03
  7.670000E-01  3.277606E-03
  7.680000E-01  3.494745E-03
  7.690000E-01  3.721271E-03
  7.700000E-01  3.955890E-03
  7.710000E-01  4.196954E-03
  7.720000E-01  4.442519E-03
  7.730000E-01  4.690415E-03
  7.740000E-01  4.938314E-03
  7.750000E-01  5.183812E-03
  7.760000E-01  5.424494E-03
  7.770000E-01  5.658012E-03
  7.780000E-01  5.882148E-03
  7.790000E-01  6.094875E-03
  7.800000E-01  6.294404E-03
  7.810000E-01  6.479228E-03
  7.820000E-01  6.648147E-03
  7.830000E-01  6.800289E-03
  7.840000E-01  6.935112E-03
  7.850000E-01  7.052401E-03
  7.860000E-01  7.152250E-03
  7.870000E-01  7.235035E-03
  7.880000E-01  7.301383E-03
  7.890000E-01  7.352126E-03
  7.900000E-01  7.388257E-03
  7.910000E-01  7.410881E-03
  7.920000E-01  7.421162E-03
  7.930000E-01  7.420278E-03
  7.940000E-01  7.409366E-03
  7.950000E-01  7.389485E-03
  7.960000E-01  7.361576E-03
  7.970000E-01  7.326431E-03
  7.980000E-01  7.284669E-03
  7.990000E-01  7.236723E-03
  8.000000E-01  7.182832E-03
  8.010000E-01  7.123045E-03
  8.020000E-01  7.057231E-03
  8.030000E-01  6.985094E-03
  8.040000E-01  6.906204E-03
  8.050000E-01  6.820021E-03
  8.060000E-01  6.725933E-03
  8.070000E-01  6.623292E-03
  8.080000E-01  6.511453E-03
  8.090000E-01  6.389811E-03
  8.100000E-01  6.257839E-03
  8.110000E-01  6.115119E-03
  8.120000E-01  5.961374E-03
  8.130000E-01  5.796488E-03
  8.140000E-01  5.620525E-03
  8.150000E-01  5.433740E-03
  8.160000E-01  5.236581E-03
  8.170000E-01  5.029686E-03
  8.180000E-01  4.813872E-03
  8.190000E-01  4.590116E-03
  8.200000E-01  4.359533E-03
  8.210000E-01  4.123349E-03
  8.220000E-01  3.882868E-03
  8.230000E-01  3.639439E-03
  8.240000E-01  3.394415E-03
  8.250000E-01  3.149127E-03
  8.260000E-01  2.904838E-03
  8.270000E-01  2.662723E-03
  8.280000E-01  2.423831E-03
  8.290000E-01  2.189066E-03
  8.300000E-01  1.959169E-03
  8.310000E-01  1.734706E-03
  8.320000E-01  1.516060E-03
  8.330000E-01  1.303435E-03
  8.340000E-01  1.096861E-03
  8.350000E-01  8.962076E-04
  8.360000E-01  7.012061E-04
  8.370000E-01  5.114693E-04
  8.380000E-01  3.265215E-04
  8.390000E-01  1.458286E-04
  8.400000E-01 -3.116979E-05
  8.410000E-01 -2.050269E-04
  8.420000E-01 -3.762570E-04
  8.430000E-01 -5.453048E-04
  8.440000E-01 -7.125180E-04
  8.450000E-01 -8.781237E-04
  8.460000E-01 -1.042209E-03
  8.470000E-01 -1.204708E-03
  8.480000E-01 -1.365393E-03
  8.490000E-01 -1.523875E-03
  8.500000E-01 -1.679606E-03
  8.510000E-01 -1.831888E-03
  8.520000E-01 -1.979895E-03
  8.530000E-01 -2.122687E-03
  8.540000E-01 -2.259241E-03
  8.550000E-01 -2.388475E-03
  8.560000E-01 -2.509286E-03
  8.570000E-01 -2.620575E-03
  8.580000E-01 -2.721286E-03
  8.590000E-01 -2.810438E-03
  8.600000E-01 -2.887155E-03
  8.610000E-01 -2.950691E-03
  8.620000E-01 -3.000463E-03
  8.630000E-01 -3.036062E-03
  8.640000E-01 -3.057276E-03
  8.650000E-01 -3.064094E-03
  8.660000E-01 -3.056718E-03
  8.670000E-01 -3.035553E-03
  8.680000E-01 -3.001210E-03
  8.690000E-01 -2.954484E-03
  8.700000E-01 -2.896349E-03
  8.710000E-01 -2.827926E-03
  8.720000E-01 -2.750466E-03
  8.730000E-01 -2.665321E-03
  8.740000E-01 -2.573915E-03
  8.750000E-01 -2.477713E-03
  8.760000E-01 -2.378193E-03
  8.770000E-01 -2.276815E-03
  8.780000E-01 -2.174995E-03
  8.790000E-01 -2.074079E-03
  8.800000E-01 -1.975320E-03
  8.810000E-01 -1.879860E-03
  8.820000E-01 -1.788711E-03
  8.830000E-01 -1.702751E-03
  8.840000E-01 -1.622709E-03
  8.850000E-01 -1.549166E-03
  8.860000E-01 -1.482554E-03
  8.870000E-01 -1.423160E-03
  8.880000E-01 -1.371133E-03
  8.890000E-01 -1.326492E-03
  8.900000E-01 -1.289141E-03
  8.910000E-01 -1.258879E-03
  8.920000E-01 -1.235415E-03
  8.930000E-01 -1.218382E-03
  8.940000E-01 -1.207352E-03
  8.950000E-01 -1.201847E-03
  8.960000E-01 -1.201356E-03
  8.970000E-01 -1.205343E-03
  8.980000E-01 -1.213257E-03
  8.990000E-01 -1.224541E-03
  9.000000E-01 -1.238637E-03
  9.010000E-01 -1.254994E-03
  9.020000E-01 -1.273065E-03
  9.030000E-01 -1.292318E-03
  9.040000E-01 -1.312228E-03
  9.050000E-01 -1.332286E-03
  9.060000E-01 -1.351989E-03
  9.070000E-01 -1.370851E-03
  9.080000E-01 -1.388394E-03
  9.090000E-01 -1.404155E-03
  9.100000E-01 -1.417683E-03
  9.110000E-01 -1.428543E-03
  9.120000E-01 -1.436323E-03
  9.130000E-01 -1.440629E-03
  9.140000E-01 -1.441102E-03
  9.150000E-01 -1.437415E-03
  9.160000E-01 -1.429283E-03
  9.170000E-01 -1.416471E-03
  9.180000E-01 -1.398801E-03
  9.190000E-01 -1.376157E-03
  9.200000E-01 -1.348493E-03
  9.210000E-01 -1.315838E-03
  9.220000E-01 -1.278303E-03
  9.230000E-01 -1.236075E-03
  9.240000E-01 -1.189429E-03
  9.250000E-01 -1.138714E-03
  9.260000E-01 -1.084361E-03
  9.270000E-01 -1.026865E-03
  9.280000E-01 -9.667868E-04
  9.290000E-01 -9.047333E-04
  9.300000E-01 -8.413493E-04
  9.310000E-01 -7.773009E-04
  9.320000E-01 -7.132595E-04
  9.330000E-01 -6.498844E-04
  9.340000E-01 -5.878055E-04
  9.350000E-01 -5.276055E-04
  9.360000E-01 -4.698037E-04
  9.370000E-01 -4.148399E-04
  9.380000E-01 -3.630616E-04
  9.390000E-01 -3.147130E-04
  9.400000E-01 -2.699263E-04
  9.410000E-01 -2.287173E-04
  9.420000E-01 -1.909844E-04
  9.430000E-01 -1.565107E-04
  9.440000E-01 -1.249705E-04
  9.450000E-01 -9.593962E-05
  9.460000E-01 -6.890878E-05
  9.470000E-01 -4.330059E-05
  9.480000E-01 -1.848910E-05
  9.490000E-01  6.178390E-06
  9.500000E-01  3.135800E-05
  9.510000E-01  5.768517E-05
  9.520000E-01  8.575047E-05
  9.530000E-01  1.160762E-04
  9.540000E-01  1.490947E-04
  9.550000E-01  1.851285E-04
  9.560000E-01  2.243745E-04
  9.570000E-01  2.668904E-04
  9.580000E-01  3.125870E-04
  9.590000E-01  3.612237E-04
  9.600000E-01  4.124094E-04
  9.610000E-01  4.656089E-04
  9.620000E-01  5.201530E-04
  9.630000E-01  5.752546E-04
  9.640000E-01  6.300280E-04
  9.650000E-01  6.835129E-04
  9.660000E-01  7.347007E-04
  9.670000E-01  7.825638E-04
  9.680000E-01  8.260860E-04
  9.690000E-01  8.642937E-04
  9.700000E-01  8.962864E-04
  9.710000E-01  9.212661E-04
  9.720000E-01  9.385640E-04
  9.730000E-01  9.476646E-04
  9.740000E-01  9.482253E-04
  9.750000E-01  9.400912E-04
  9.760000E-01  9.233054E-04
  9.770000E-01  8.981127E-04
  9.780000E-01  8.649583E-04
  9.790000E-01  8.244803E-04
  9.800000E-01  7.774961E-04
  9.810000E-01  7.249838E-04
  9.820000E-01  6.680585E-04
  9.830000E-01  6.079444E-04
  9.840000E-01  5.459427E-04
  9.850000E-01  4.833978E-04
  9.860000E-01  4.216611E-04
  9.870000E-01  3.620545E-04
  9.880000E-01  3.058340E-04
  9.890000E-01  2.541549E-04
  9.900000E-01  2.080400E-04
  9.910000E-01  1.683504E-04
  9.920000E-01  1.357611E-04
  9.930000E-01  1.107418E-04
  9.940000E-01  9.354309E-05
  9.950000E-01  8.418867E-05
  9.960000E-01  8.247413E-05
  9.970000E-01  8.797200E-05
  9.980000E-01  1.000430E-04
  9.990000E-01  1.178536E-04
  1.000000E+00  1.403983E-04
  1.001000E+00  1.665279E-04
  1.002000E+00  1.949808E-04
  1.003000E+00  2.244183E-04
  1.004000E+00  2.534613E-04
  1.005000E+00  2.807286E-04
  1.006000E+00  3.048758E-04
  1.007000E+00  3.246316E-04
  1.008000E+00  3.388340E-04
  1.009000E+00  3.464617E-04
  1.010000E+00  3.466628E-04
  1.011000E+00  3.387779E-04
  1.012000E+00  3.223585E-04
  1.013000E+00  2.971796E-04
  1.014000E+00  2.632452E-04
  1.015000E+00  2.207893E-04
  1.016000E+00  1.702688E-04
  1.017000E+00  1.123523E-04
  1.018000E+00  4.790192E-05
  1.019000E+00 -2.204910E-05
  1.020000E+00 -9.632324E-05
  1.021000E+00 -1.736292E-04
  1.022000E+00 -2.525951E-04
  1.023000E+00 -3.318029E-04
  1.024000E+00 -4.098246E-04
  1.025000E+00 -4.852570E-04
  1.026000E+00 -5.567563E-04
  1.027000E+00 -6.230703E-04
  1.028000E+00 -6.830680E-04
  1.029000E+00 -7.357649E-04
  1.030000E+00 -7.803456E-04
  1.031000E+00 -8.161801E-04
  1.032000E+00 -8.428363E-04
  1.033000E+00 -8.600874E-04
  1.034000E+00 -8.679130E-04
  1.035000E+00 -8.664961E-04
  1.036000E+00 -8.562151E-04
  1.037000E+00 -8.376306E-04
  1.038000E+00 -8.114686E-04
  1.039000E+00 -7.786004E-04
  1.040000E+00 -7.400187E-04
  1.041000E+00 -6.968120E-04
  1.042000E+00 -6.501377E-04
  1.043000E+00 -6.011935E-04
  1.044000E+00 -5.511896E-04
  1.045000E+00 -5.013208E-04
  1.046000E+00 -4.527398E-04
  1.047000E+00 -4.065330E-04
  1.048000E+00 -3.636979E-04
  1.049000E+00 -3.251233E-04
  1.050000E+00 -2.915732E-04
  1.051000E+00 -2.636733E-04
  1.052000E+00 -2.419021E-04
  1.053000E+00 -2.265847E-04
  1.054000E+00 -2.178910E-04
  1.055000E+00 -2.158371E-04
  1.056000E+00 -2.202904E-04
  1.057000E+00 -2.309776E-04
  1.058000E+00 -2.474963E-04
  1.059000E+00 -2.693280E-04
  1.060000E+00 -2.958543E-04
  1.061000E+00 -3.263744E-04
  1.062000E+00 -3.601234E-04
  1.063000E+00 -3.962924E-04
  1.064000E+00 -4.340482E-04
  1.065000E+00 -4.725527E-04
  1.066000E+00 -5.109830E-04
  1.067000E+00 -5.485494E-04
  1.068000E+00 -5.845126E-04
  1.069000E+00 -6.181997E-04
  1.070000E+00 -6.490179E-04
  1.071000E+00 -6.764664E-04
  1.072000E+00 -7.001458E-04
  1.073000E+00 -7.197659E-04
  1.074000E+00 -7.351499E-04
  1.075000E+00 -7.462372E-04
  1.076000E+00 -7.530827E-04
  1.077000E+00 -7.558549E-04
  1.078000E+00 -7.548303E-04
  1.079000E+00 -7.503866E-04
  1.080000E+00 -7.429929E-04
  1.081000E+00 -7.331993E-04
  1.082000E+00 -7.216231E-04
  1.083000E+00 -7.089353E-04
  1.084000E+00 -6.958444E-04
  1.085000E+00 -6.830803E-04
  1.086000E+00 -6.713772E-04
  1.087000E+00 -6.614558E-04
  1.088000E+00 -6.540062E-04
  1.089000E+00 -6.496706E-04
  1.090000E+00 -6.490269E-04
  1.091000E+00 -6.525727E-04
  1.092000E+00 -6.607117E-04
  1.093000E+00 -6.737405E-04
  1.094000E+00 -6.918383E-04
  1.095000E+00 -7.150578E-04
  1.096000E+00 -7.433198E-04
  1.097000E+00 -7.764093E-04
  1.098000E+00 -8.139752E-04
  1.099000E+00 -8.555325E-04
  1.100000E+00 -9.004678E-04
  1.101000E+00 -9.480480E-04
  1.102000E+00 -9.974314E-04
  1.103000E+00 -1.047682E-03
  1.104000E+00 -1.097788E-03
  1.105000E+00 -1.146677E-03
  1.106000E+00 -1.193242E-03
  1.107000E+00 -1.236362E-03
  1.108000E+00 -1.274927E-03
  1.109000E+00 -1.307861E-03
  1.110000E+00 -1.334148E-03
  1.111000E+00 -1.352856E-03
  1.112000E+00 -1.363162E-03
  1.113000E+00 -1.364368E-03
  1.114000E+00 -1.355927E-03
  1.115000E+00 -1.337452E-03
  1.116000E+00 -1.308737E-03
  1.117000E+00 -1.269757E-03
  1.118000E+00 -1.220681E-03
  1.119000E+00 -1.161869E-03
  1.120000E+00 -1.093866E-03
  1.121000E+00 -1.017398E-03
  1.122000E+00 -9.333582E-04
  1.123000E+00 -8.427857E-04
  1.124000E+00 -7.468495E-04
  1.125000E+00 -6.468211E-04
  1.126000E+00 -5.440480E-04
  1.127000E+00 -4.399228E-04
  1.128000E+00 -3.358527E-04
  1.129000E+00 -2.332263E-04
  1.130000E+00 -1.333816E-04
  1.131000E+00 -3.757407E-05
  1.132000E+00  5.305297E-05
  1.133000E+00  1.374962E-04
  1.134000E+00  2.149164E-04
  1.135000E+00  2.846590E-04
  1.136000E+00  3.462703E-04
  1.137000E+00  3.995081E-04
  1.138000E+00  4.443474E-04
  1.139000E+00  4.809813E-04
  1.140000E+00  5.098150E-04
  1.141000E+00  5.314555E-04
  1.142000E+00  5.466953E-04
  1.143000E+00  5.564923E-04
  1.144000E+00  5.619438E-04
  1.145000E+00  5.642588E-04
  1.146000E+00  5.647260E-04
  1.147000E+00  5.646802E-04
  1.148000E+00  5.654678E-04
  1.149000E+00  5.684120E-04
  1.150000E+00  5.747786E-04
  1.151000E+00  5.857434E-04
  1.152000E+00  6.023627E-04
  1.153000E+00  6.255468E-04
  1.154000E+00  6.560374E-04
  1.155000E+00  6.943906E-04
  1.156000E+00  7.409638E-04
  1.157000E+00  7.959097E-04
  1.158000E+00  8.591747E-04
  1.159000E+00  9.305033E-04
  1.160000E+00  1.009449E-03
  1.161000E+00  1.095389E-03
  1.162000E+00  1.187545E-03
  1.163000E+00  1.285008E-03
  1.164000E+00  1.386762E-03
  1.165000E+00  1.491721E-03
  1.166000E+00  1.598755E-03
  1.167000E+00  1.706727E-03
  1.168000E+00  1.814521E-03
  1.169000E+00  1.921078E-03
  1.170000E+00  2.025419E-03
  1.171000E+00  2.126677E-03
  1.172000E+00  2.224115E-03
  1.173000E+00  2.317145E-03
  1.174000E+00  2.405342E-03
  1.175000E+00  2.488448E-03
  1.176000E+00  2.566379E-03
  1.177000E+00  2.639216E-03
  1.178000E+00  2.707204E-03
  1.179000E+00  2.770728E-03
  1.180000E+00  2.830306E-03
  1.181000E+00  2.886557E-03
  1.182000E+00  2.940185E-03
  1.183000E+00  2.991944E-03
  1.184000E+00  3.042612E-03
  1.185000E+00  3.092964E-03
  1.186000E+00  3.143739E-03
  1.187000E+00  3.195614E-03
  1.188000E+00  3.249182E-03
  1.189000E+00  3.304921E-03
  1.190000E+00  3.363188E-03
  1.191000E+00  3.424191E-03
  1.192000E+00  3.487990E-03
  1.193000E+00  3.554487E-03
  1.194000E+00  3.623429E-03
  1.195000E+00  3.694411E-03
  1.196000E+00  3.766888E-03
  1.197000E+00  3.840189E-03
  1.198000E+00  3.913537E-03
  1.199000E+00  3.986068E-03
  1.200000E+00  4.056861E-03
  1.201000E+00  4.124958E-03
  1.202000E+00  4.189398E-03
  1.203000E+00  4.249240E-03
  1.204000E+00  4.303592E-03
  1.205000E+00  4.351635E-03
  1.206000E+00  4.392649E-03
  1.207000E+00  4.426031E-03
  1.208000E+00  4.451310E-03
  1.209000E+00  4.468165E-03
  1.210000E+00  4.476428E-03
  1.211000E+00  4.476088E-03
  1.212000E+00  4.467294E-03
  1.213000E+00  4.450346E-03
  1.214000E+00  4.425689E-03
  1.215000E+00  4.393894E-03
  1.216000E+00  4.355649E-03
  1.217000E+00  4.311733E-03
  1.218000E+00  4.262997E-03
  1.219000E+00  4.210343E-03
  1.220000E+00  4.154698E-03
  1.221000E+00  4.096992E-03
  1.222000E+00  4.038133E-03
  1.223000E+00  3.978992E-03
  1.224000E+00  3.920377E-03
  1.225000E+00  3.863021E-03
  1.226000E+00  3.807569E-03
  1.227000E+00  3.754565E-03
  1.228000E+00  3.704449E-03
  1.229000E+00  3.657551E-03
  1.230000E+00  3.614095E-03
  1.231000E+00  3.574200E-03
  1.232000E+00  3.537889E-03
  1.233000E+00  3.505094E-03
  1.234000E+00  3.475676E-03
  1.235000E+00  3.449429E-03
  1.236000E+00  3.426100E-03
  1.237000E+00  3.405399E-03
  1.238000E+00  3.387018E-03
  1.239000E+00  3.370642E-03
  1.240000E+00  3.355962E-03
  1.241000E+00  3.342683E-03
  1.242000E+00  3.330538E-03
  1.243000E+00  3.319289E-03
  1.244000E+00  3.308735E-03
  1.245000E+00  3.298711E-03
  1.246000E+00  3.289088E-03
  1.247000E+00  3.279770E-03
  1.248000E+00  3.270687E-03
  1.249000E+00  3.261793E-03
  1.250000E+00  3.253052E-03
  1.251000E+00  3.244432E-03
  1.252000E+00  3.235898E-03
  1.253000E+00  3.227401E-03
  1.254000E+00  3.218870E-03
  1.255000E+00  3.210205E-03
  1.256000E+00  3.201276E-03
  1.257000E+00  3.191915E-03
  1.258000E+00  3.181919E-03
  1.259000E+00  3.171049E-03
  1.260000E+00  3.159037E-03
  1.261000E+00  3.145592E-03
  1.262000E+00  3.130406E-03
  1.263000E+00  3.113171E-03
  1.264000E+00  3.093585E-03
  1.265000E+00  3.071371E-03
  1.266000E+00  3.046287E-03
  1.267000E+00  3.018143E-03
  1.268000E+00  2.986814E-03
  1.269000E+00  2.952251E-03
  1.270000E+00  2.914493E-03
  1.271000E+00  2.873676E-03
  1.272000E+00  2.830037E-03
  1.273000E+00  2.783916E-03
  1.274000E+00  2.735756E-03
  1.275000E+00  2.686097E-03
  1.276000E+00  2.635569E-03
  1.277000E+00  2.584878E-03
  1.278000E+00  2.534791E-03
  1.279000E+00  2.486118E-03
  1.280000E+00  2.439691E-03
  1.281000E+00  2.396336E-03
  1.282000E+00  2.356858E-03
  1.283000E+00  2.322007E-03
  1.284000E+00  2.292458E-03
  1.285000E+00  2.268785E-03
  1.286000E+00  2.251443E-03
  1.287000E+00  2.240745E-03
  1.288000E+00  2.236850E-03
  1.289000E+00  2.239749E-03
  1.290000E+00  2.249261E-03
  1.291000E+00  2.265032E-03
  1.292000E+00  2.286536E-03
  1.293000E+00  2.313085E-03
  1.294000E+00  2.343847E-03
  1.295000E+00  2.377859E-03
  1.296000E+00  2.414057E-03
  1.297000E+00  2.451302E-03
  1.298000E+00  2.488407E-03
  1.299000E+00  2.524177E-03
  1.300000E+00  2.557436E-03
  1.301000E+00  2.587066E-03
  1.302000E+00  2.612042E-03
  1.303000E+00  2.631456E-03
  1.304000E+00  2.644555E-03
  1.305000E+00  2.650758E-03
  1.306000E+00  2.649679E-03
  1.307000E+00  2.641139E-03
  1.308000E+00  2.625177E-03
  1.309000E+00  2.602046E-03
  1.310000E+00  2.572214E-03
  1.311000E+00  2.536345E-03
  1.312000E+00  2.495287E-03
  1.313000E+00  2.450042E-03
  1.314000E+00  2.401742E-03
  1.315000E+00  2.351608E-03
  1.316000E+00  2.300921E-03
  1.317000E+00  2.250976E-03
  1.318000E+00  2.203045E-03
  1.319000E+00  2.158336E-03
  1.320000E+00  2.117953E-03
  1.321000E+00  2.082860E-03
  1.322000E+00  2.053854E-03
  1.323000E+00  2.031528E-03
  1.324000E+00  2.016259E-03
  1.325000E+00  2.008190E-03
  1.326000E+00  2.007218E-03
  1.327000E+00  2.013002E-03
  1.328000E+00  2.024963E-03
  1.329000E+00  2.042303E-03
  1.330000E+00  2.064023E-03
  1.331000E+00  2.088956E-03
  1.332000E+00  2.115794E-03
  1.333000E+00  2.143133E-03
  1.334000E+00  2.169507E-03
  1.335000E+00  2.193437E-03
  1.336000E+00  2.213474E-03
  1.337000E+00  2.228243E-03
  1.338000E+00  2.236481E-03
  1.339000E+00  2.237084E-03
  1.340000E+00  2.229132E-03
  1.341000E+00  2.211923E-03
  1.342000E+00  2.184996E-03
  1.343000E+00  2.148143E-03
  1.344000E+00  2.101416E-03
  1.345000E+00  2.045130E-03
  1.346000E+00  1.979852E-03
  1.347000E+00  1.906384E-03
  1.348000E+00  1.825741E-03
  1.349000E+00  1.739119E-03
  1.350000E+00  1.647859E-03
  1.351000E+00  1.553410E-03
  1.352000E+00  1.457277E-03
  1.353000E+00  1.360982E-03
  1.354000E+00  1.266013E-03
  1.355000E+00  1.173781E-03
  1.356000E+00  1.085571E-03
  1.357000E+00  1.002506E-03
  1.358000E+00  9.255097E-04
  1.359000E+00  8.552755E-04
  1.360000E+00  7.922452E-04
  1.361000E+00  7.365929E-04
  1.362000E+00  6.882177E-04
  1.363000E+00  6.467447E-04
  1.364000E+00  6.115347E-04
  1.365000E+00  5.817012E-04
  1.366000E+00  5.561360E-04
  1.367000E+00  5.335406E-04
  1.368000E+00  5.124644E-04
  1.369000E+00  4.913472E-04
  1.370000E+00  4.685654E-04
  1.371000E+00  4.424799E-04
  1.372000E+00  4.114859E-04
  1.373000E+00  3.740602E-04
  1.374000E+00  3.288081E-04
  1.375000E+00  2.745050E-04
  1.376000E+00  2.101350E-04
  1.377000E+00  1.349216E-04
  1.378000E+00  4.835344E-05
  1.379000E+00 -4.979922E-05
  1.380000E+00 -1.594749E-04
  1.381000E+00 -2.803202E-04
  1.382000E+00 -4.116975E-04
  1.383000E+00 -5.527002E-04
  1.384000E+00 -7.021759E-04
  1.385000E+00 -8.587564E-04
  1.386000E+00 -1.020893E-03
  1.387000E+00 -1.186899E-03
  1.388000E+00 -1.354990E-03
  1.389000E+00 -1.523334E-03
  1.390000E+00 -1.690097E-03
  1.391000E+00 -1.853488E-03
  1.392000E+00 -2.011806E-03
  1.393000E+00 -2.163480E-03
  1.394000E+00 -2.307107E-03
  1.395000E+00 -2.441481E-03
  1.396000E+00 -2.565619E-03
  1.397000E+00 -2.678782E-03
  1.398000E+00 -2.780482E-03
  1.399000E+00 -2.870485E-03
  1.400000E+00 -2.948808E-03
  1.401000E+00 -3.015710E-03
  1.402000E+00 -3.071667E-03
  1.403000E+00 -3.117354E-03
  1.404000E+00 -3.153609E-03
  1.405000E+00 -3.181406E-03
  1.406000E+00 -3.201813E-03
  1.407000E+00 -3.215955E-03
  1.408000E+00 -3.224976E-03
  1.409000E+00 -3.230000E-03
  1.410000E+00 -3.232092E-03
  1.411000E+00 -3.232229E-03
  1.412000E+00 -3.231269E-03
  1.413000E+00 -3.229925E-03
  1.414000E+00 -3.228751E-03
  1.415000E+00 -3.228122E-03
  1.416000E+00 -3.228237E-03
  1.417000E+00 -3.229112E-03
  1.418000E+00 -3.230593E-03
  1.419000E+00 -3.232362E-03
  1.420000E+00 -3.233964E-03
  1.421000E+00 -3.234823E-03
  1.422000E+00 -3.234272E-03
  1.423000E+00 -3.231584E-03
  1.424000E+00 -3.226003E-03
  1.425000E+00 -3.216778E-03
  1.426000E+00 -3.203193E-03
  1.427000E+00 -3.184603E-03
  1.428000E+00 -3.160457E-03
  1.429000E+00 -3.130330E-03
  1.430000E+00 -3.093937E-03
  1.431000E+00 -3.051156E-03
  1.432000E+00 -3.002034E-03
  1.433000E+00 -2.946792E-03
  1.434000E+00 -2.885830E-03
  1.435000E+00 -2.819712E-03
  1.436000E+00 -2.749159E-03
  1.437000E+00 -2.675029E-03
  1.438000E+00 -2.598298E-03
  1.439000E+00 -2.520027E-03
  1.440000E+00 -2.441341E-03
  1.441000E+00 -2.363394E-03
  1.442000E+00 -2.287334E-03
  1.443000E+00 -2.214276E-03
  1.444000E+00 -2.145268E-03
  1.445000E+00 -2.081264E-03
  1.446000E+00 -2.023093E-03
  1.447000E+00 -1.971442E-03
  1.448000E+00 -1.926837E-03
  1.449000E+00 -1.889626E-03
  1.450000E+00 -1.859976E-03
  1.451000E+00 -1.837871E-03
  1.452000E+00 -1.823111E-03
  1.453000E+00 -1.815326E-03
  1.454000E+00 -1.813989E-03
  1.455000E+00 -1.818432E-03
  1.456000E+00 -1.827873E-03
  1.457000E+00 -1.841440E-03
  1.458000E+00 -1.858198E-03
  1.459000E+00 -1.877183E-03
  1.460000E+00 -1.897427E-03
  1.461000E+00 -1.917994E-03
  1.462000E+00 -1.938003E-03
  1.463000E+00 -1.956658E-03
  1.464000E+00 -1.973270E-03
  1.465000E+00 -1.987277E-03
  1.466000E+00 -1.998257E-03
  1.467000E+00 -2.005943E-03
  1.468000E+00 -2.010225E-03
  1.469000E+00 -2.011152E-03
  1.470000E+00 -2.008928E-03
  1.471000E+00 -2.003900E-03
  1.472000E+00 -1.996550E-03
  1.473000E+00 -1.987474E-03
  1.474000E+00 -1.977361E-03
  1.475000E+00 -1.966971E-03
  1.476000E+00 -1.957113E-03
  1.477000E+00 -1.948614E-03
  1.478000E+00 -1.942299E-03
  1.479000E+00 -1.938959E-03
  1.480000E+00 -1.939334E-03
  1.481000E+00 -1.944090E-03
  1.482000E+00 -1.953799E-03
  1.483000E+00 -1.968925E-03
  1.484000E+00 -1.989812E-03
  1.485000E+00 -2.016680E-03
  1.486000E+00 -2.049620E-03
  1.487000E+00 -2.088594E-03
  1.488000E+00 -2.133444E-03
  1.489000E+00 -2.183902E-03
  1.490000E+00 -2.239596E-03
  1.491000E+00 -2.300073E-03
  1.492000E+00 -2.364816E-03
  1.493000E+00 -2.433259E-03
  1.494000E+00 -2.504812E-03
  1.495000E+00 -2.578877E-03
  1.496000E+00 -2.654875E-03
  1.497000E+00 -2.732257E-03
  1.498000E+00 -2.810526E-03
  1.499000E+00 -2.889248E-03
  1.500000E+00 -2.968066E-03
  1.501000E+00 -3.046706E-03
  1.502000E+00 -3.124983E-03
  1.503000E+00 -3.202803E-03
  1.504000E+00 -3.280156E-03
  1.505000E+00 -3.357116E-03
  1.506000E+00 -3.433827E-03
  1.507000E+00 -3.510493E-03
  1.508000E+00 -3.587365E-03
  1.509000E+00 -3.664722E-03
  1.510000E+00 -3.742856E-03
  1.511000E+00 -3.822054E-03
  1.512000E+00 -3.902578E-03
  1.513000E+00 -3.984654E-03
  1.514000E+00 -4.068448E-03
  1.515000E+00 -4.154059E-03
  1.516000E+00 -4.241506E-03
  1.517000E+00 -4.330720E-03
  1.518000E+00 -4.421535E-03
  1.519000E+00 -4.513694E-03
  1.520000E+00 -4.606841E-03
  1.521000E+00 -4.700535E-03
  1.522000E+00 -4.794252E-03
  1.523000E+00 -4.887398E-03
  1.524000E+00 -4.979326E-03
  1.525000E+00 -5.069346E-03
  1.526000E+00 -5.156749E-03
  1.527000E+00 -5.240820E-03
  1.528000E+00 -5.320865E-03
  1.529000E+00 -5.396221E-03
  1.530000E+00 -5.466282E-03
  1.531000E+00 -5.530512E-03
  1.532000E+00 -5.588463E-03
  1.533000E+00 -5.639785E-03
  1.534000E+00 -5.684236E-03
  1.535000E+00 -5.721693E-03
  1.536000E+00 -5.752149E-03
  1.537000E+00 -5.775718E-03
  1.538000E+00 -5.792629E-03
  1.539000E+00 -5.803220E-03
  1.540000E+00 -5.807926E-03
  1.541000E+00 -5.807268E-03
  1.542000E+00 -5.801839E-03
  1.543000E+00 -5.792279E-03
  1.544000E+00 -5.779268E-03
  1.545000E+00 -5.763495E-03
  1.546000E+00 -5.745644E-03
  1.547000E+00 -5.726374E-03
  1.548000E+00 -5.706300E-03
  1.549000E+00 -5.685974E-03
  1.550000E+00 -5.665873E-03
  1.551000E+00 -5.646385E-03
  1.552000E+00 -5.627800E-03
  1.553000E+00 -5.610304E-03
  1.554000E+00 -5.593974E-03
  1.555000E+00 -5.578783E-03
  1.556000E+00 -5.564598E-03
  1.557000E+00 -5.551191E-03
  1.558000E+00 -5.538246E-03
  1.559000E+00 -5.525376E-03
  1.560000E+00 -5.512131E-03
  1.561000E+00 -5.498020E-03
  1.562000E+00 -5.482524E-03
  1.563000E+00 -5.465117E-03
  1.564000E+00 -5.445282E-03
  1.565000E+00 -5.422527E-03
  1.566000E+00 -5.396402E-03
  1.567000E+00 -5.366516E-03
  1.568000E+00 -5.332542E-03
  1.569000E+00 -5.294231E-03
  1.570000E+00 -5.251420E-03
  1.571000E+00 -5.204032E-03
  1.572000E+00 -5.152077E-03
  1.573000E+00 -5.095653E-03
  1.574000E+00 -5.034936E-03
  1.575000E+00 -4.970176E-03
  1.576000E+00 -4.901683E-03
  1.577000E+00 -4.829818E-03
  1.578000E+00 -4.754976E-03
  1.579000E+00 -4.677572E-03
  1.580000E+00 -4.598028E-03
  1.581000E+00 -4.516751E-03
  1.582000E+00 -4.434126E-03
  1.583000E+00 -4.350495E-03
  1.584000E+00 -4.266148E-03
  1.585000E+00 -4.181314E-03
  1.586000E+00 -4.096149E-03
  1.587000E+00 -4.010734E-03
  1.588000E+00 -3.925069E-03
  1.589000E+00 -3.839077E-03
  1.590000E+00 -3.752605E-03
  1.591000E+00 -3.665432E-03
  1.592000E+00 -3.577275E-03
  1.593000E+00 -3.487805E-03
  1.594000E+00 -3.396654E-03
  1.595000E+00 -3.303437E-03
  1.596000E+00 -3.207766E-03
  1.597000E+00 -3.109263E-03
  1.598000E+00 -3.007583E-03
  1.599000E+00 -2.902430E-03
  1.600000E+00 -2.793568E-03
  1.601000E+00 -2.680840E-03
  1.602000E+00 -2.564180E-03
  1.603000E+00 -2.443622E-03
  1.604000E+00 -2.319304E-03
  1.605000E+00 -2.191479E-03
  1.606000E+00 -2.060510E-03
  1.607000E+00 -1.926868E-03
  1.608000E+00 -1.791128E-03
  1.609000E+00 -1.653960E-03
  1.610000E+00 -1.516112E-03
  1.611000E+00 -1.378401E-03
  1.612000E+00 -1.241692E-03
  1.613000E+00 -1.106878E-03
  1.614000E+00 -9.748603E-04
  1.615000E+00 -8.465278E-04
  1.616000E+00 -7.227327E-04
  1.617000E+00 -6.042706E-04
  1.618000E+00 -4.918597E-04
  1.619000E+00 -3.861217E-04
  1.620000E+00 -2.875652E-04
  1.621000E+00 -1.965718E-04
  1.622000E+00 -1.133848E-04
  1.623000E+00 -3.810215E-05
  1.624000E+00  2.932795E-05
  1.625000E+00  8.910697E-05
  1.626000E+00  1.415825E-04
  1.627000E+00  1.872410E-04
  1.628000E+00  2.266967E-04
  1.629000E+00  2.606780E-04
  1.630000E+00  2.900103E-04
  1.631000E+00  3.155965E-04
  1.632000E+00  3.383966E-04
  1.633000E+00  3.594043E-04
  1.634000E+00  3.796247E-04
  1.635000E+00  4.000503E-04
  1.636000E+00  4.216387E-04
  1.637000E+00  4.452907E-04
  1.638000E+00  4.718305E-04
  1.639000E+00  5.019874E-04
  1.640000E+00  5.363809E-04
  1.641000E+00  5.755082E-04
  1.642000E+00  6.197353E-04
  1.643000E+00  6.692910E-04
  1.644000E+00  7.242651E-04
  1.645000E+00  7.846095E-04
  1.646000E+00  8.501433E-04
  1.647000E+00  9.205605E-04
  1.648000E+00  9.954410E-04
  1.649000E+00  1.074264E-03
  1.650000E+00  1.156424E-03
  1.651000E+00  1.241248E-03
  1.652000E+00  1.328014E-03
  1.653000E+00  1.415969E-03
  1.654000E+00  1.504350E-03
  1.655000E+00  1.592403E-03
  1.656000E+00  1.679400E-03
  1.657000E+00  1.764653E-03
  1.658000E+00  1.847534E-03
  1.659000E+00  1.927484E-03
  1.660000E+00  2.004024E-03
  1.661000E+00  2.076760E-03
  1.662000E+00  2.145392E-03
  1.663000E+00  2.209711E-03
  1.664000E+00  2.269601E-03
  1.665000E+00  2.325032E-03
  1.666000E+00  2.376057E-03
  1.667000E+00  2.422798E-03
  1.668000E+00  2.465442E-03
  1.669000E+00  2.504223E-03
  1.670000E+00  2.539410E-03
  1.671000E+00  2.571295E-03
  1.672000E+00  2.600175E-03
  1.673000E+00  2.626344E-03
  1.674000E+00  2.650071E-03
  1.675000E+00  2.671597E-03
  1.676000E+00  2.691117E-03
  1.677000E+00  2.708777E-03
  1.678000E+00  2.724665E-03
  1.679000E+00  2.738807E-03
  1.680000E+00  2.751164E-03
  1.681000E+00  2.761639E-03
  1.682000E+00  2.770071E-03
  1.683000E+00  2.776253E-03
  1.684000E+00  2.779928E-03
  1.685000E+00  2.780808E-03
  1.686000E+00  2.778583E-03
  1.687000E+00  2.772935E-03
  1.688000E+00  2.763550E-03
  1.689000E+00  2.750137E-03
  1.690000E+00  2.732436E-03
  1.691000E+00  2.710240E-03
  1.692000E+00  2.683404E-03
  1.693000E+00  2.651854E-03
  1.694000E+00  2.615605E-03
  1.695000E+00  2.574763E-03
  1.696000E+00  2.529531E-03
  1.697000E+00  2.480214E-03
  1.698000E+00  2.427221E-03
  1.699000E+00  2.371057E-03
  1.700000E+00  2.312324E-03
  1.701000E+00  2.251706E-03
  1.702000E+00  2.189967E-03
  1.703000E+00  2.127929E-03
  1.704000E+00  2.066464E-03
  1.705000E+00  2.006474E-03
  1.706000E+00  1.948874E-03
  1.707000E+00  1.894574E-03
  1.708000E+00  1.844458E-03
  1.709000E+00  1.799367E-03
  1.710000E+00  1.760081E-03
  1.711000E+00  1.727302E-03
  1.712000E+00  1.701638E-03
  1.713000E+00  1.683588E-03
  1.714000E+00  1.673535E-03
  1.715000E+00  1.671734E-03
  1.716000E+00  1.678310E-03
  1.717000E+00  1.693252E-03
  1.718000E+00  1.716414E-03
  1.719000E+00  1.747524E-03
  1.720000E+00  1.786183E-03
  1.721000E+00  1.831879E-03
  1.722000E+00  1.884001E-03
  1.723000E+00  1.941850E-03
  1.724000E+00  2.004653E-03
  1.725000E+00  2.071590E-03
  1.726000E+00  2.141802E-03
  1.727000E+00  2.214417E-03
  1.728000E+00  2.288569E-03
  1.729000E+00  2.363413E-03
  1.730000E+00  2.438146E-03
  1.731000E+00  2.512022E-03
  1.732000E+00  2.584369E-03
  1.733000E+00  2.654597E-03
  1.734000E+00  2.722213E-03
  1.735000E+00  2.786825E-03
  1.736000E+00  2.848146E-03
  1.737000E+00  2.905998E-03
  1.738000E+00  2.960309E-03
  1.739000E+00  3.011110E-03
  1.740000E+00  3.058527E-03
  1.741000E+00  3.102772E-03
  1.742000E+00  3.144133E-03
  1.743000E+00  3.182959E-03
  1.744000E+00  3.219649E-03
  1.745000E+00  3.254636E-03
  1.746000E+00  3.288370E-03
  1.747000E+00  3.321304E-03
  1.748000E+00  3.353881E-03
  1.749000E+00  3.386516E-03
  1.750000E+00  3.419591E-03
  1.751000E+00  3.453436E-03
  1.752000E+00  3.488326E-03
  1.753000E+00  3.524473E-03
  1.754000E+00  3.562021E-03
  1.755000E+00  3.601046E-03
  1.756000E+00  3.641553E-03
  1.757000E+00  3.683485E-03
  1.758000E+00  3.726722E-03
  1.759000E+00  3.771090E-03
  1.760000E+00  3.816372E-03
  1.761000E+00  3.862315E-03
  1.762000E+00  3.908641E-03
  1.763000E+00  3.955060E-03
  1.764000E+00  4.001283E-03
  1.765000E+00  4.047028E-03
  1.766000E+00  4.092037E-03
  1.767000E+00  4.136083E-03
  1.768000E+00  4.178978E-03
  1.769000E+00  4.220581E-03
  1.770000E+00  4.260805E-03
  1.771000E+00  4.299619E-03
  1.772000E+00  4.337047E-03
  1.773000E+00  4.373172E-03
  1.774000E+00  4.408128E-03
  1.775000E+00  4.442101E-03
  1.776000E+00  4.475315E-03
  1.777000E+00  4.508031E-03
  1.778000E+00  4.540531E-03
  1.779000E+00  4.573110E-03
  1.780000E+00  4.606066E-03
  1.781000E+00  4.639682E-03
  1.782000E+00  4.674218E-03
  1.783000E+00  4.709899E-03
  1.784000E+00  4.746902E-03
  1.785000E+00  4.785344E-03
  1.786000E+00  4.825276E-03
  1.787000E+00  4.866674E-03
  1.788000E+00  4.909433E-03
  1.789000E+00  4.953363E-03
  1.790000E+00  4.998187E-03
  1.791000E+00  5.043547E-03
  1.792000E+00  5.089000E-03
  1.793000E+00  5.134026E-03
  1.794000E+00  5.178040E-03
  1.795000E+00  5.220396E-03
  1.796000E+00  5.260400E-03
  1.797000E+00  5.297328E-03
  1.798000E+00  5.330433E-03
  1.799000E+00  5.358966E-03
  1.800000E+00  5.382189E-03
  1.801000E+00  5.399395E-03
  1.802000E+00  5.409917E-03
  1.803000E+00  5.413150E-03
  1.804000E+00  5.408562E-03
  1.805000E+00  5.395705E-03
  1.806000E+00  5.374232E-03
  1.807000E+00  5.343901E-03
  1.808000E+00  5.304581E-03
  1.809000E+00  5.256263E-03
  1.810000E+00  5.199056E-03
  1.811000E+00  5.133191E-03
  1.812000E+00  5.059014E-03
  1.813000E+00  4.976986E-03
  1.814000E+00  4.887670E-03
  1.815000E+00  4.791728E-03
  1.816000E+00  4.689902E-03
  1.817000E+00  4.583009E-03
  1.818000E+00  4.471920E-03
  1.819000E+00  4.357549E-03
  1.820000E+00  4.240835E-03
  1.821000E+00  4.122729E-03
  1.822000E+00  4.004173E-03
  1.823000E+00  3.886088E-03
  1.824000E+00  3.769359E-03
  1.825000E+00  3.654818E-03
  1.826000E+00  3.543236E-03
  1.827000E+00  3.435307E-03
  1.828000E+00  3.331642E-03
  1.829000E+00  3.232760E-03
  1.830000E+00  3.139080E-03
  1.831000E+00  3.050923E-03
  1.832000E+00  2.968505E-03
  1.833000E+00  2.891940E-03
  1.834000E+00  2.821242E-03
  1.835000E+00  2.756329E-03
  1.836000E+00  2.697027E-03
  1.837000E+00  2.643082E-03
  1.838000E+00  2.594164E-03
  1.839000E+00  2.549879E-03
  1.840000E+00  2.509780E-03
  1.841000E+00  2.473377E-03
  1.842000E+00  2.440151E-03
  1.843000E+00  2.409562E-03
  1.844000E+00  2.381062E-03
  1.845000E+00  2.354109E-03
  1.846000E+00  2.328173E-03
  1.847000E+00  2.302746E-03
  1.848000E+00  2.277354E-03
  1.849000E+00  2.251561E-03
  1.850000E+00  2.224976E-03
  1.851000E+00  2.197260E-03
  1.852000E+00  2.168124E-03
  1.853000E+00  2.137336E-03
  1.854000E+00  2.104720E-03
  1.855000E+00  2.070154E-03
  1.856000E+00  2.033569E-03
  1.857000E+00  1.994947E-03
  1.858000E+00  1.954312E-03
  1.859000E+00  1.911730E-03
  1.860000E+00  1.867301E-03
  1.861000E+00  1.821150E-03
  1.862000E+00  1.773424E-03
  1.863000E+00  1.724281E-03
  1.864000E+00  1.673887E-03
  1.865000E+00  1.622403E-03
  1.866000E+00  1.569986E-03
  1.867000E+00  1.516777E-03
  1.868000E+00  1.462897E-03
  1.869000E+00  1.408445E-03
  1.870000E+00  1.353492E-03
  1.871000E+00  1.298082E-03
  1.872000E+00  1.242229E-03
  1.873000E+00  1.185915E-03
  1.874000E+00  1.129100E-03
  1.875000E+00  1.071714E-03
  1.876000E+00  1.013669E-03
  1.877000E+00  9.548626E-04
  1.878000E+00  8.951799E-04
  1.879000E+00  8.345050E-04
  1.880000E+00  7.727252E-04
  1.881000E+00  7.097396E-04
  1.882000E+00  6.454659E-04
  1.883000E+00  5.798482E-04
  1.884000E+00  5.128633E-04
  1.885000E+00  4.445274E-04
  1.886000E+00  3.749013E-04
  1.887000E+00  3.040949E-04
  1.888000E+00  2.322700E-04
  1.889000E+00  1.596425E-04
  1.890000E+00  8.648259E-05
  1.891000E+00  1.311333E-05
  1.892000E+00 -6.009199E-05
  1.893000E+00 -1.327144E-04
  1.894000E+00 -2.042951E-04
  1.895000E+00 -2.743432E-04
  1.896000E+00 -3.423442E-04
  1.897000E+00 -4.077705E-04
  1.898000E+00 -4.700921E-04
  1.899000E+00 -5.287882E-04
  1.900000E+00 -5.833601E-04
  1.901000E+00 -6.333431E-04
  1.902000E+00 -6.783195E-04
  1.903000E+00 -7.179299E-04
  1.904000E+00 -7.518853E-04
  1.905000E+00 -7.799767E-04
  1.906000E+00 -8.020845E-04
  1.907000E+00 -8.181858E-04
  1.908000E+00 -8.283599E-04
  1.909000E+00 -8.327919E-04
  1.910000E+00 -8.317742E-04
  1.911000E+00 -8.257052E-04
  1.912000E+00 -8.150863E-04
  1.913000E+00 -8.005164E-04
  1.914000E+00 -7.826833E-04
  1.915000E+00 -7.623541E-04
  1.916000E+00 -7.403625E-04
  1.917000E+00 -7.175952E-04
  1.918000E+00 -6.949762E-04
  1.919000E+00 -6.734498E-04
  1.920000E+00 -6.539634E-04
  1.921000E+00 -6.374494E-04
  1.922000E+00 -6.248070E-04
  1.923000E+00 -6.168851E-04
  1.924000E+00 -6.144650E-04
  1.925000E+00 -6.182450E-04
  1.926000E+00 -6.288269E-04
  1.927000E+00 -6.467037E-04
  1.928000E+00 -6.722501E-04
  1.929000E+00 -7.057155E-04
  1.930000E+00 -7.472200E-04
  1.931000E+00 -7.967524E-04
  1.932000E+00 -8.541721E-04
  1.933000E+00 -9.192135E-04
  1.934000E+00 -9.914931E-04
  1.935000E+00 -1.070519E-03
  1.936000E+00 -1.155705E-03
  1.937000E+00 -1.246381E-03
  1.938000E+00 -1.341813E-03
  1.939000E+00 -1.441218E-03
  1.940000E+00 -1.543781E-03
  1.941000E+00 -1.648677E-03
  1.942000E+00 -1.755085E-03
  1.943000E+00 -1.862209E-03
  1.944000E+00 -1.969291E-03
  1.945000E+00 -2.075628E-03
  1.946000E+00 -2.180585E-03
  1.947000E+00 -2.283604E-03
  1.948000E+00 -2.384215E-03
  1.949000E+00 -2.482038E-03
  1.950000E+00 -2.576790E-03
  1.951000E+00 -2.668281E-03
  1.952000E+00 -2.756412E-03
  1.953000E+00 -2.841174E-03
  1.954000E+00 -2.922633E-03
  1.955000E+00 -3.000925E-03
  1.956000E+00 -3.076244E-03
  1.957000E+00 -3.148827E-03
  1.958000E+00 -3.218940E-03
  1.959000E+00 -3.286864E-03
  1.960000E+00 -3.352880E-03
  1.961000E+00 -3.417255E-03
  1.962000E+00 -3.480226E-03
  1.963000E+00 -3.541991E-03
  1.964000E+00 -3.602697E-03
  1.965000E+00 -3.662427E-03
  1.966000E+00 -3.721202E-03
  1.967000E+00 -3.778967E-03
  1.968000E+00 -3.835600E-03
  1.969000E+00 -3.890903E-03
  1.970000E+00 -3.944612E-03
  1.971000E+00 -3.996403E-03
  1.972000E+00 -4.045898E-03
  1.973000E+00 -4.092678E-03
  1.974000E+00 -4.136295E-03
  1.975000E+00 -4.176285E-03
  1.976000E+00 -4.212184E-03
  1.977000E+00 -4.243544E-03
  1.978000E+00 -4.269947E-03
  1.979000E+00 -4.291021E-03
  1.980000E+00 -4.306454E-03
  1.981000E+00 -4.316006E-03
  1.982000E+00 -4.319523E-03
  1.983000E+00 -4.316941E-03
  1.984000E+00 -4.308298E-03
  1.985000E+00 -4.293732E-03
  1.986000E+00 -4.273489E-03
  1.987000E+00 -4.247914E-03
  1.988000E+00 -4.217451E-03
  1.989000E+00 -4.182633E-03
  1.990000E+00 -4.144075E-03
  1.991000E+00 -4.102458E-03
  1.992000E+00 -4.058519E-03
  1.993000E+00 -4.013030E-03
  1.994000E+00 -3.966787E-03
  1.995000E+00 -3.920587E-03
  1.996000E+00 -3.875216E-03
  1.997000E+00 -3.831427E-03
  1.998000E+00 -3.789926E-03
  1.999000E+00 -3.751358E-03
  2.000000E+00  3.240758E-02
