; material = LLZO                                                       
O             2000  4.40588077E+01          580.000000
  0.000000E+00  1.000000E+00
  1.000000E-03  9.946012E-01
  2.000000E-03  9.784960E-01
  3.000000E-03  9.519560E-01
  4.000000E-03  9.154276E-01
  5.000000E-03  8.695220E-01
  6.000000E-03  8.150019E-01
  7.000000E-03  7.527658E-01
  8.000000E-03  6.838283E-01
  9.000000E-03  6.092990E-01
  1.000000E-02  5.303594E-01
  1.100000E-02  4.482384E-01
  1.200000E-02  3.641876E-01
  1.300000E-02  2.794563E-01
  1.400000E-02  1.952675E-01
  1.500000E-02  1.127941E-01
  1.600000E-02  3.313799E-02
  1.700000E-02 -4.268982E-02
  1.800000E-02 -1.137859E-01
  1.900000E-02 -1.793685E-01
  2.000000E-02 -2.387887E-01
  2.100000E-02 -2.915382E-01
  2.200000E-02 -3.372536E-01
  2.300000E-02 -3.757173E-01
  2.400000E-02 -4.068560E-01
  2.500000E-02 -4.307347E-01
  2.600000E-02 -4.475489E-01
  2.700000E-02 -4.576135E-01
  2.800000E-02 -4.613503E-01
  2.900000E-02 -4.592725E-01
  3.000000E-02 -4.519687E-01
  3.100000E-02 -4.400854E-01
  3.200000E-02 -4.243094E-01
  3.300000E-02 -4.053492E-01
  3.400000E-02 -3.839181E-01
  3.500000E-02 -3.607168E-01
  3.600000E-02 -3.364179E-01
  3.700000E-02 -3.116520E-01
  3.800000E-02 -2.869949E-01
  3.900000E-02 -2.629574E-01
  4.000000E-02 -2.399773E-01
  4.100000E-02 -2.184138E-01
  4.200000E-02 -1.985437E-01
  4.300000E-02 -1.805607E-01
  4.400000E-02 -1.645767E-01
  4.500000E-02 -1.506250E-01
  4.600000E-02 -1.386662E-01
  4.700000E-02 -1.285947E-01
  4.800000E-02 -1.202478E-01
  4.900000E-02 -1.134152E-01
  5.000000E-02 -1.078496E-01
  5.100000E-02 -1.032779E-01
  5.200000E-02 -9.941230E-02
  5.300000E-02 -9.596117E-02
  5.400000E-02 -9.263990E-02
  5.500000E-02 -8.918051E-02
  5.600000E-02 -8.534041E-02
  5.700000E-02 -8.090999E-02
  5.800000E-02 -7.571869E-02
  5.900000E-02 -6.963962E-02
  6.000000E-02 -6.259255E-02
  6.100000E-02 -5.454530E-02
  6.200000E-02 -4.551354E-02
  6.300000E-02 -3.555899E-02
  6.400000E-02 -2.478633E-02
  6.500000E-02 -1.333871E-02
  6.600000E-02 -1.392281E-03
  6.700000E-02  1.085023E-02
  6.800000E-02  2.316652E-02
  6.900000E-02  3.532222E-02
  7.000000E-02  4.707847E-02
  7.100000E-02  5.819956E-02
  7.200000E-02  6.846015E-02
  7.300000E-02  7.765211E-02
  7.400000E-02  8.559060E-02
  7.500000E-02  9.211928E-02
  7.600000E-02  9.711465E-02
  7.700000E-02  1.004892E-01
  7.800000E-02  1.021935E-01
  7.900000E-02  1.022170E-01
  8.000000E-02  1.005879E-01
  8.100000E-02  9.737164E-02
  8.200000E-02  9.266875E-02
  8.300000E-02  8.661118E-02
  8.400000E-02  7.935838E-02
  8.500000E-02  7.109247E-02
  8.600000E-02  6.201293E-02
  8.700000E-02  5.233100E-02
  8.800000E-02  4.226398E-02
  8.900000E-02  3.202939E-02
  9.000000E-02  2.183954E-02
  9.100000E-02  1.189623E-02
  9.200000E-02  2.386103E-03
  9.300000E-02 -6.523533E-03
  9.400000E-02 -1.468812E-02
  9.500000E-02 -2.198849E-02
  9.600000E-02 -2.833278E-02
  9.700000E-02 -3.365739E-02
  9.800000E-02 -3.792717E-02
  9.900000E-02 -4.113488E-02
  1.000000E-01 -4.329975E-02
  1.010000E-01 -4.446548E-02
  1.020000E-01 -4.469760E-02
  1.030000E-01 -4.408040E-02
  1.040000E-01 -4.271339E-02
  1.050000E-01 -4.070760E-02
  1.060000E-01 -3.818170E-02
  1.070000E-01 -3.525817E-02
  1.080000E-01 -3.205943E-02
  1.090000E-01 -2.870440E-02
  1.100000E-01 -2.530517E-02
  1.110000E-01 -2.196418E-02
  1.120000E-01 -1.877180E-02
  1.130000E-01 -1.580448E-02
  1.140000E-01 -1.312334E-02
  1.150000E-01 -1.077346E-02
  1.160000E-01 -8.783550E-03
  1.170000E-01 -7.166304E-03
  1.180000E-01 -5.919147E-03
  1.190000E-01 -5.025473E-03
  1.200000E-01 -4.456248E-03
  1.210000E-01 -4.171933E-03
  1.220000E-01 -4.124637E-03
  1.230000E-01 -4.260426E-03
  1.240000E-01 -4.521702E-03
  1.250000E-01 -4.849577E-03
  1.260000E-01 -5.186160E-03
  1.270000E-01 -5.476692E-03
  1.280000E-01 -5.671460E-03
  1.290000E-01 -5.727451E-03
  1.300000E-01 -5.609693E-03
  1.310000E-01 -5.292257E-03
  1.320000E-01 -4.758914E-03
  1.330000E-01 -4.003422E-03
  1.340000E-01 -3.029468E-03
  1.350000E-01 -1.850280E-03
  1.360000E-01 -4.879280E-04
  1.370000E-01  1.027644E-03
  1.380000E-01  2.659806E-03
  1.390000E-01  4.366613E-03
  1.400000E-01  6.102300E-03
  1.410000E-01  7.818850E-03
  1.420000E-01  9.467578E-03
  1.430000E-01  1.100069E-02
  1.440000E-01  1.237277E-02
  1.450000E-01  1.354211E-02
  1.460000E-01  1.447193E-02
  1.470000E-01  1.513140E-02
  1.480000E-01  1.549640E-02
  1.490000E-01  1.555013E-02
  1.500000E-01  1.528343E-02
  1.510000E-01  1.469490E-02
  1.520000E-01  1.379080E-02
  1.530000E-01  1.258467E-02
  1.540000E-01  1.109687E-02
  1.550000E-01  9.353881E-03
  1.560000E-01  7.387448E-03
  1.570000E-01  5.233691E-03
  1.580000E-01  2.932081E-03
  1.590000E-01  5.243879E-04
  1.600000E-01 -1.946377E-03
  1.610000E-01 -4.437005E-03
  1.620000E-01 -6.905089E-03
  1.630000E-01 -9.309950E-03
  1.640000E-01 -1.161347E-02
  1.650000E-01 -1.378082E-02
  1.660000E-01 -1.578107E-02
  1.670000E-01 -1.758767E-02
  1.680000E-01 -1.917880E-02
  1.690000E-01 -2.053757E-02
  1.700000E-01 -2.165213E-02
  1.710000E-01 -2.251564E-02
  1.720000E-01 -2.312614E-02
  1.730000E-01 -2.348626E-02
  1.740000E-01 -2.360298E-02
  1.750000E-01 -2.348717E-02
  1.760000E-01 -2.315321E-02
  1.770000E-01 -2.261844E-02
  1.780000E-01 -2.190270E-02
  1.790000E-01 -2.102776E-02
  1.800000E-01 -2.001685E-02
  1.810000E-01 -1.889410E-02
  1.820000E-01 -1.768405E-02
  1.830000E-01 -1.641117E-02
  1.840000E-01 -1.509945E-02
  1.850000E-01 -1.377194E-02
  1.860000E-01 -1.245041E-02
  1.870000E-01 -1.115501E-02
  1.880000E-01 -9.903959E-03
  1.890000E-01 -8.713335E-03
  1.900000E-01 -7.596833E-03
  1.910000E-01 -6.565615E-03
  1.920000E-01 -5.628184E-03
  1.930000E-01 -4.790312E-03
  1.940000E-01 -4.055004E-03
  1.950000E-01 -3.422510E-03
  1.960000E-01 -2.890385E-03
  1.970000E-01 -2.453597E-03
  1.980000E-01 -2.104679E-03
  1.990000E-01 -1.833931E-03
  2.000000E-01 -1.629671E-03
  2.010000E-01 -1.478535E-03
  2.020000E-01 -1.365813E-03
  2.030000E-01 -1.275833E-03
  2.040000E-01 -1.192382E-03
  2.050000E-01 -1.099153E-03
  2.060000E-01 -9.802112E-04
  2.070000E-01 -8.204818E-04
  2.080000E-01 -6.062295E-04
  2.090000E-01 -3.255327E-04
  2.100000E-01  3.126760E-05
  2.110000E-01  4.711561E-04
  2.120000E-01  9.980833E-04
  2.130000E-01  1.612670E-03
  2.140000E-01  2.311989E-03
  2.150000E-01  3.089439E-03
  2.160000E-01  3.934715E-03
  2.170000E-01  4.833887E-03
  2.180000E-01  5.769587E-03
  2.190000E-01  6.721318E-03
  2.200000E-01  7.665867E-03
  2.210000E-01  8.577823E-03
  2.220000E-01  9.430201E-03
  2.230000E-01  1.019515E-02
  2.240000E-01  1.084470E-02
  2.250000E-01  1.135164E-02
  2.260000E-01  1.169030E-02
  2.270000E-01  1.183744E-02
  2.280000E-01  1.177307E-02
  2.290000E-01  1.148125E-02
  2.300000E-01  1.095077E-02
  2.310000E-01  1.017574E-02
  2.320000E-01  9.156110E-03
  2.330000E-01  7.897971E-03
  2.340000E-01  6.413736E-03
  2.350000E-01  4.722135E-03
  2.360000E-01  2.848019E-03
  2.370000E-01  8.219859E-04
  2.380000E-01 -1.320178E-03
  2.390000E-01 -3.538241E-03
  2.400000E-01 -5.788418E-03
  2.410000E-01 -8.024413E-03
  2.420000E-01 -1.019858E-02
  2.430000E-01 -1.226314E-02
  2.440000E-01 -1.417150E-02
  2.450000E-01 -1.587956E-02
  2.460000E-01 -1.734697E-02
  2.470000E-01 -1.853840E-02
  2.480000E-01 -1.942461E-02
  2.490000E-01 -1.998348E-02
  2.500000E-01 -2.020080E-02
  2.510000E-01 -2.007091E-02
  2.520000E-01 -1.959706E-02
  2.530000E-01 -1.879156E-02
  2.540000E-01 -1.767569E-02
  2.550000E-01 -1.627930E-02
  2.560000E-01 -1.464021E-02
  2.570000E-01 -1.280331E-02
  2.580000E-01 -1.081948E-02
  2.590000E-01 -8.744241E-03
  2.600000E-01 -6.636354E-03
  2.610000E-01 -4.556163E-03
  2.620000E-01 -2.563935E-03
  2.630000E-01 -7.181263E-04
  2.640000E-01  9.263210E-04
  2.650000E-01  2.319633E-03
  2.660000E-01  3.418741E-03
  2.670000E-01  4.188654E-03
  2.680000E-01  4.603634E-03
  2.690000E-01  4.648129E-03
  2.700000E-01  4.317420E-03
  2.710000E-01  3.617982E-03
  2.720000E-01  2.567517E-03
  2.730000E-01  1.194671E-03
  2.740000E-01 -4.615780E-04
  2.750000E-01 -2.352839E-03
  2.760000E-01 -4.422517E-03
  2.770000E-01 -6.607281E-03
  2.780000E-01 -8.838757E-03
  2.790000E-01 -1.104540E-02
  2.800000E-01 -1.315447E-02
  2.810000E-01 -1.509412E-02
  2.820000E-01 -1.679546E-02
  2.830000E-01 -1.819457E-02
  2.840000E-01 -1.923443E-02
  2.850000E-01 -1.986669E-02
  2.860000E-01 -2.005318E-02
  2.870000E-01 -1.976721E-02
  2.880000E-01 -1.899451E-02
  2.890000E-01 -1.773389E-02
  2.900000E-01 -1.599750E-02
  2.910000E-01 -1.381075E-02
  2.920000E-01 -1.121182E-02
  2.930000E-01 -8.250867E-03
  2.940000E-01 -4.988807E-03
  2.950000E-01 -1.495858E-03
  2.960000E-01  2.150228E-03
  2.970000E-01  5.866159E-03
  2.980000E-01  9.565258E-03
  2.990000E-01  1.315975E-02
  3.000000E-01  1.656306E-02
  3.010000E-01  1.969219E-02
  3.020000E-01  2.246987E-02
  3.030000E-01  2.482673E-02
  3.040000E-01  2.670312E-02
  3.050000E-01  2.805082E-02
  3.060000E-01  2.883433E-02
  3.070000E-01  2.903187E-02
  3.080000E-01  2.863604E-02
  3.090000E-01  2.765405E-02
  3.100000E-01  2.610758E-02
  3.110000E-01  2.403222E-02
  3.120000E-01  2.147663E-02
  3.130000E-01  1.850121E-02
  3.140000E-01  1.517658E-02
  3.150000E-01  1.158174E-02
  3.160000E-01  7.801992E-03
  3.170000E-01  3.926780E-03
  3.180000E-01  4.734645E-05
  3.190000E-01 -3.745595E-03
  3.200000E-01 -7.364167E-03
  3.210000E-01 -1.072554E-02
  3.220000E-01 -1.375398E-02
  3.230000E-01 -1.638271E-02
  3.240000E-01 -1.855550E-02
  3.250000E-01 -2.022793E-02
  3.260000E-01 -2.136836E-02
  3.270000E-01 -2.195851E-02
  3.280000E-01 -2.199374E-02
  3.290000E-01 -2.148284E-02
  3.300000E-01 -2.044760E-02
  3.310000E-01 -1.892193E-02
  3.320000E-01 -1.695074E-02
  3.330000E-01 -1.458850E-02
  3.340000E-01 -1.189760E-02
  3.350000E-01 -8.946518E-03
  3.360000E-01 -5.807864E-03
  3.370000E-01 -2.556359E-03
  3.380000E-01  7.331905E-04
  3.390000E-01  3.987870E-03
  3.400000E-01  7.138533E-03
  3.410000E-01  1.012151E-02
  3.420000E-01  1.288014E-02
  3.430000E-01  1.536601E-02
  3.440000E-01  1.753999E-02
  3.450000E-01  1.937291E-02
  3.460000E-01  2.084599E-02
  3.470000E-01  2.195087E-02
  3.480000E-01  2.268945E-02
  3.490000E-01  2.307332E-02
  3.500000E-01  2.312301E-02
  3.510000E-01  2.286695E-02
  3.520000E-01  2.234026E-02
  3.530000E-01  2.158336E-02
  3.540000E-01  2.064046E-02
  3.550000E-01  1.955801E-02
  3.560000E-01  1.838313E-02
  3.570000E-01  1.716206E-02
  3.580000E-01  1.593870E-02
  3.590000E-01  1.475328E-02
  3.600000E-01  1.364119E-02
  3.610000E-01  1.263198E-02
  3.620000E-01  1.174864E-02
  3.630000E-01  1.100705E-02
  3.640000E-01  1.041574E-02
  3.650000E-01  9.975851E-03
  3.660000E-01  9.681393E-03
  3.670000E-01  9.519692E-03
  3.680000E-01  9.472078E-03
  3.690000E-01  9.514747E-03
  3.700000E-01  9.619785E-03
  3.710000E-01  9.756303E-03
  3.720000E-01  9.891655E-03
  3.730000E-01  9.992691E-03
  3.740000E-01  1.002701E-02
  3.750000E-01  9.964171E-03
  3.760000E-01  9.776801E-03
  3.770000E-01  9.441619E-03
  3.780000E-01  8.940282E-03
  3.790000E-01  8.260070E-03
  3.800000E-01  7.394375E-03
  3.810000E-01  6.342985E-03
  3.820000E-01  5.112148E-03
  3.830000E-01  3.714438E-03
  3.840000E-01  2.168397E-03
  3.850000E-01  4.980040E-04
  3.860000E-01 -1.268037E-03
  3.870000E-01 -3.097157E-03
  3.880000E-01 -4.953892E-03
  3.890000E-01 -6.800948E-03
  3.900000E-01 -8.600308E-03
  3.910000E-01 -1.031436E-02
  3.920000E-01 -1.190702E-02
  3.930000E-01 -1.334475E-02
  3.940000E-01 -1.459755E-02
  3.950000E-01 -1.563983E-02
  3.960000E-01 -1.645107E-02
  3.970000E-01 -1.701644E-02
  3.980000E-01 -1.732711E-02
  3.990000E-01 -1.738052E-02
  4.000000E-01 -1.718031E-02
  4.010000E-01 -1.673623E-02
  4.020000E-01 -1.606372E-02
  4.030000E-01 -1.518345E-02
  4.040000E-01 -1.412065E-02
  4.050000E-01 -1.290430E-02
  4.060000E-01 -1.156632E-02
  4.070000E-01 -1.014058E-02
  4.080000E-01 -8.661952E-03
  4.090000E-01 -7.165317E-03
  4.100000E-01 -5.684598E-03
  4.110000E-01 -4.251856E-03
  4.120000E-01 -2.896454E-03
  4.130000E-01 -1.644321E-03
  4.140000E-01 -5.173384E-04
  4.150000E-01  4.671343E-04
  4.160000E-01  1.296594E-03
  4.170000E-01  1.963570E-03
  4.180000E-01  2.465650E-03
  4.190000E-01  2.805348E-03
  4.200000E-01  2.989839E-03
  4.210000E-01  3.030552E-03
  4.220000E-01  2.942660E-03
  4.230000E-01  2.744463E-03
  4.240000E-01  2.456701E-03
  4.250000E-01  2.101824E-03
  4.260000E-01  1.703220E-03
  4.270000E-01  1.284457E-03
  4.280000E-01  8.685320E-04
  4.290000E-01  4.771751E-04
  4.300000E-01  1.302131E-04
  4.310000E-01 -1.549851E-04
  4.320000E-01 -3.639645E-04
  4.330000E-01 -4.855333E-04
  4.340000E-01 -5.119964E-04
  4.350000E-01 -4.392705E-04
  4.360000E-01 -2.668808E-04
  4.370000E-01  2.156926E-06
  4.380000E-01  3.615595E-04
  4.390000E-01  8.020962E-04
  4.400000E-01  1.311990E-03
  4.410000E-01  1.877384E-03
  4.420000E-01  2.482857E-03
  4.430000E-01  3.111973E-03
  4.440000E-01  3.747829E-03
  4.450000E-01  4.373616E-03
  4.460000E-01  4.973131E-03
  4.470000E-01  5.531270E-03
  4.480000E-01  6.034443E-03
  4.490000E-01  6.470943E-03
  4.500000E-01  6.831215E-03
  4.510000E-01  7.108061E-03
  4.520000E-01  7.296741E-03
  4.530000E-01  7.394997E-03
  4.540000E-01  7.402987E-03
  4.550000E-01  7.323139E-03
  4.560000E-01  7.159933E-03
  4.570000E-01  6.919628E-03
  4.580000E-01  6.609928E-03
  4.590000E-01  6.239624E-03
  4.600000E-01  5.818209E-03
  4.610000E-01  5.355483E-03
  4.620000E-01  4.861179E-03
  4.630000E-01  4.344595E-03
  4.640000E-01  3.814276E-03
  4.650000E-01  3.277730E-03
  4.660000E-01  2.741207E-03
  4.670000E-01  2.209542E-03
  4.680000E-01  1.686060E-03
  4.690000E-01  1.172553E-03
  4.700000E-01  6.693305E-04
  4.710000E-01  1.753311E-04
  4.720000E-01 -3.117013E-04
  4.730000E-01 -7.949887E-04
  4.740000E-01 -1.278445E-03
  4.750000E-01 -1.766370E-03
  4.760000E-01 -2.263120E-03
  4.770000E-01 -2.772769E-03
  4.780000E-01 -3.298783E-03
  4.790000E-01 -3.843698E-03
  4.800000E-01 -4.408837E-03
  4.810000E-01 -4.994072E-03
  4.820000E-01 -5.597626E-03
  4.830000E-01 -6.215944E-03
  4.840000E-01 -6.843626E-03
  4.850000E-01 -7.473431E-03
  4.860000E-01 -8.096353E-03
  4.870000E-01 -8.701767E-03
  4.880000E-01 -9.277642E-03
  4.890000E-01 -9.810823E-03
  4.900000E-01 -1.028736E-02
  4.910000E-01 -1.069287E-02
  4.920000E-01 -1.101299E-02
  4.930000E-01 -1.123378E-02
  4.940000E-01 -1.134215E-02
  4.950000E-01 -1.132638E-02
  4.960000E-01 -1.117643E-02
  4.970000E-01 -1.088443E-02
  4.980000E-01 -1.044498E-02
  4.990000E-01 -9.855465E-03
  5.000000E-01 -9.116251E-03
  5.010000E-01 -8.230880E-03
  5.020000E-01 -7.206127E-03
  5.030000E-01 -6.051996E-03
  5.040000E-01 -4.781629E-03
  5.050000E-01 -3.411133E-03
  5.060000E-01 -1.959318E-03
  5.070000E-01 -4.473690E-04
  5.080000E-01  1.101554E-03
  5.090000E-01  2.662780E-03
  5.100000E-01  4.210629E-03
  5.110000E-01  5.718957E-03
  5.120000E-01  7.161724E-03
  5.130000E-01  8.513560E-03
  5.140000E-01  9.750337E-03
  5.150000E-01  1.084971E-02
  5.160000E-01  1.179164E-02
  5.170000E-01  1.255883E-02
  5.180000E-01  1.313718E-02
  5.190000E-01  1.351604E-02
  5.200000E-01  1.368858E-02
  5.210000E-01  1.365186E-02
  5.220000E-01  1.340697E-02
  5.230000E-01  1.295901E-02
  5.240000E-01  1.231699E-02
  5.250000E-01  1.149366E-02
  5.260000E-01  1.050520E-02
  5.270000E-01  9.370938E-03
  5.280000E-01  8.112859E-03
  5.290000E-01  6.755182E-03
  5.300000E-01  5.323811E-03
  5.310000E-01  3.845783E-03
  5.320000E-01  2.348684E-03
  5.330000E-01  8.600563E-04
  5.340000E-01 -5.931812E-04
  5.350000E-01 -1.985305E-03
  5.360000E-01 -3.292316E-03
  5.370000E-01 -4.492436E-03
  5.380000E-01 -5.566536E-03
  5.390000E-01 -6.498512E-03
  5.400000E-01 -7.275578E-03
  5.410000E-01 -7.888488E-03
  5.420000E-01 -8.331669E-03
  5.430000E-01 -8.603275E-03
  5.440000E-01 -8.705148E-03
  5.450000E-01 -8.642699E-03
  5.460000E-01 -8.424712E-03
  5.470000E-01 -8.063066E-03
  5.480000E-01 -7.572400E-03
  5.490000E-01 -6.969711E-03
  5.500000E-01 -6.273907E-03
  5.510000E-01 -5.505328E-03
  5.520000E-01 -4.685235E-03
  5.530000E-01 -3.835289E-03
  5.540000E-01 -2.977033E-03
  5.550000E-01 -2.131385E-03
  5.560000E-01 -1.318156E-03
  5.570000E-01 -5.556009E-04
  5.580000E-01  1.399782E-04
  5.590000E-01  7.545769E-04
  5.600000E-01  1.276769E-03
  5.610000E-01  1.697919E-03
  5.620000E-01  2.012316E-03
  5.630000E-01  2.217240E-03
  5.640000E-01  2.312943E-03
  5.650000E-01  2.302556E-03
  5.660000E-01  2.191933E-03
  5.670000E-01  1.989414E-03
  5.680000E-01  1.705535E-03
  5.690000E-01  1.352688E-03
  5.700000E-01  9.447332E-04
  5.710000E-01  4.965813E-04
  5.720000E-01  2.375310E-05
  5.730000E-01 -4.580679E-04
  5.740000E-01 -9.334815E-04
  5.750000E-01 -1.387802E-03
  5.760000E-01 -1.807462E-03
  5.770000E-01 -2.180385E-03
  5.780000E-01 -2.496299E-03
  5.790000E-01 -2.747012E-03
  5.800000E-01 -2.926611E-03
  5.810000E-01 -3.031601E-03
  5.820000E-01 -3.060971E-03
  5.830000E-01 -3.016190E-03
  5.840000E-01 -2.901126E-03
  5.850000E-01 -2.721902E-03
  5.860000E-01 -2.486677E-03
  5.870000E-01 -2.205382E-03
  5.880000E-01 -1.889391E-03
  5.890000E-01 -1.551153E-03
  5.900000E-01 -1.203799E-03
  5.910000E-01 -8.607231E-04
  5.920000E-01 -5.351502E-04
  5.930000E-01 -2.397188E-04
  5.940000E-01  1.392879E-05
  5.950000E-01  2.155246E-04
  5.960000E-01  3.565145E-04
  5.970000E-01  4.303484E-04
  5.980000E-01  4.327118E-04
  5.990000E-01  3.616920E-04
  6.000000E-01  2.178724E-04
  6.010000E-01  4.353565E-06
  6.020000E-01 -2.733030E-04
  6.030000E-01 -6.072054E-04
  6.040000E-01 -9.873347E-04
  6.050000E-01 -1.401815E-03
  6.060000E-01 -1.837244E-03
  6.070000E-01 -2.279073E-03
  6.080000E-01 -2.712030E-03
  6.090000E-01 -3.120571E-03
  6.100000E-01 -3.489345E-03
  6.110000E-01 -3.803664E-03
  6.120000E-01 -4.049963E-03
  6.130000E-01 -4.216228E-03
  6.140000E-01 -4.292399E-03
  6.150000E-01 -4.270708E-03
  6.160000E-01 -4.145970E-03
  6.170000E-01 -3.915795E-03
  6.180000E-01 -3.580725E-03
  6.190000E-01 -3.144290E-03
  6.200000E-01 -2.612976E-03
  6.210000E-01 -1.996109E-03
  6.220000E-01 -1.305654E-03
  6.230000E-01 -5.559321E-04
  6.240000E-01  2.367307E-04
  6.250000E-01  1.054423E-03
  6.260000E-01  1.878117E-03
  6.270000E-01  2.688182E-03
  6.280000E-01  3.464918E-03
  6.290000E-01  4.189106E-03
  6.300000E-01  4.842552E-03
  6.310000E-01  5.408609E-03
  6.320000E-01  5.872670E-03
  6.330000E-01  6.222602E-03
  6.340000E-01  6.449126E-03
  6.350000E-01  6.546116E-03
  6.360000E-01  6.510819E-03
  6.370000E-01  6.343977E-03
  6.380000E-01  6.049860E-03
  6.390000E-01  5.636194E-03
  6.400000E-01  5.113995E-03
  6.410000E-01  4.497307E-03
  6.420000E-01  3.802848E-03
  6.430000E-01  3.049585E-03
  6.440000E-01  2.258232E-03
  6.450000E-01  1.450698E-03
  6.460000E-01  6.494906E-04
  6.470000E-01 -1.229026E-04
  6.480000E-01 -8.446372E-04
  6.490000E-01 -1.495129E-03
  6.500000E-01 -2.055641E-03
  6.510000E-01 -2.509825E-03
  6.520000E-01 -2.844205E-03
  6.530000E-01 -3.048586E-03
  6.540000E-01 -3.116372E-03
  6.550000E-01 -3.044795E-03
  6.560000E-01 -2.835031E-03
  6.570000E-01 -2.492217E-03
  6.580000E-01 -2.025354E-03
  6.590000E-01 -1.447100E-03
  6.600000E-01 -7.734623E-04
  6.610000E-01 -2.339699E-05
  6.620000E-01  7.816823E-04
  6.630000E-01  1.618465E-03
  6.640000E-01  2.462364E-03
  6.650000E-01  3.288173E-03
  6.660000E-01  4.070754E-03
  6.670000E-01  4.785721E-03
  6.680000E-01  5.410119E-03
  6.690000E-01  5.923063E-03
  6.700000E-01  6.306330E-03
  6.710000E-01  6.544886E-03
  6.720000E-01  6.627325E-03
  6.730000E-01  6.546223E-03
  6.740000E-01  6.298384E-03
  6.750000E-01  5.884973E-03
  6.760000E-01  5.311535E-03
  6.770000E-01  4.587903E-03
  6.780000E-01  3.727986E-03
  6.790000E-01  2.749448E-03
  6.800000E-01  1.673293E-03
  6.810000E-01  5.233510E-04
  6.820000E-01 -6.743029E-04
  6.830000E-01 -1.891998E-03
  6.840000E-01 -3.101159E-03
  6.850000E-01 -4.273020E-03
  6.860000E-01 -5.379348E-03
  6.870000E-01 -6.393157E-03
  6.880000E-01 -7.289388E-03
  6.890000E-01 -8.045539E-03
  6.900000E-01 -8.642239E-03
  6.910000E-01 -9.063730E-03
  6.920000E-01 -9.298270E-03
  6.930000E-01 -9.338426E-03
  6.940000E-01 -9.181266E-03
  6.950000E-01 -8.828426E-03
  6.960000E-01 -8.286077E-03
  6.970000E-01 -7.564772E-03
  6.980000E-01 -6.679186E-03
  6.990000E-01 -5.647754E-03
  7.000000E-01 -4.492226E-03
  7.010000E-01 -3.237137E-03
  7.020000E-01 -1.909216E-03
  7.030000E-01 -5.367464E-04
  7.040000E-01  8.511048E-04
  7.050000E-01  2.224972E-03
  7.060000E-01  3.555974E-03
  7.070000E-01  4.816372E-03
  7.080000E-01  5.980202E-03
  7.090000E-01  7.023842E-03
  7.100000E-01  7.926526E-03
  7.110000E-01  8.670773E-03
  7.120000E-01  9.242738E-03
  7.130000E-01  9.632467E-03
  7.140000E-01  9.834051E-03
  7.150000E-01  9.845688E-03
  7.160000E-01  9.669646E-03
  7.170000E-01  9.312124E-03
  7.180000E-01  8.783034E-03
  7.190000E-01  8.095697E-03
  7.200000E-01  7.266460E-03
  7.210000E-01  6.314266E-03
  7.220000E-01  5.260167E-03
  7.230000E-01  4.126798E-03
  7.240000E-01  2.937842E-03
  7.250000E-01  1.717471E-03
  7.260000E-01  4.898109E-04
  7.270000E-01 -7.215909E-04
  7.280000E-01 -1.894257E-03
  7.290000E-01 -3.007235E-03
  7.300000E-01 -4.041497E-03
  7.310000E-01 -4.980282E-03
  7.320000E-01 -5.809380E-03
  7.330000E-01 -6.517331E-03
  7.340000E-01 -7.095574E-03
  7.350000E-01 -7.538505E-03
  7.360000E-01 -7.843477E-03
  7.370000E-01 -8.010732E-03
  7.380000E-01 -8.043263E-03
  7.390000E-01 -7.946632E-03
  7.400000E-01 -7.728729E-03
  7.410000E-01 -7.399495E-03
  7.420000E-01 -6.970614E-03
  7.430000E-01 -6.455176E-03
  7.440000E-01 -5.867331E-03
  7.450000E-01 -5.221936E-03
  7.460000E-01 -4.534206E-03
  7.470000E-01 -3.819375E-03
  7.480000E-01 -3.092375E-03
  7.490000E-01 -2.367540E-03
  7.500000E-01 -1.658342E-03
  7.510000E-01 -9.771590E-04
  7.520000E-01 -3.350773E-04
  7.530000E-01  2.582597E-04
  7.540000E-01  7.947699E-04
  7.550000E-01  1.268007E-03
  7.560000E-01  1.673197E-03
  7.570000E-01  2.007241E-03
  7.580000E-01  2.268676E-03
  7.590000E-01  2.457617E-03
  7.600000E-01  2.575656E-03
  7.610000E-01  2.625754E-03
  7.620000E-01  2.612102E-03
  7.630000E-01  2.539969E-03
  7.640000E-01  2.415546E-03
  7.650000E-01  2.245772E-03
  7.660000E-01  2.038166E-03
  7.670000E-01  1.800653E-03
  7.680000E-01  1.541392E-03
  7.690000E-01  1.268619E-03
  7.700000E-01  9.904842E-04
  7.710000E-01  7.149074E-04
  7.720000E-01  4.494424E-04
  7.730000E-01  2.011528E-04
  7.740000E-01 -2.349885E-05
  7.750000E-01 -2.187488E-04
  7.760000E-01 -3.796149E-04
  7.770000E-01 -5.019665E-04
  7.780000E-01 -5.825783E-04
  7.790000E-01 -6.191718E-04
  7.800000E-01 -6.104401E-04
  7.810000E-01 -5.560598E-04
  7.820000E-01 -4.566875E-04
  7.830000E-01 -3.139422E-04
  7.840000E-01 -1.303731E-04
  7.850000E-01  9.058653E-05
  7.860000E-01  3.446803E-04
  7.870000E-01  6.269024E-04
  7.880000E-01  9.315854E-04
  7.890000E-01  1.252500E-03
  7.900000E-01  1.582967E-03
  7.910000E-01  1.915979E-03
  7.920000E-01  2.244331E-03
  7.930000E-01  2.560762E-03
  7.940000E-01  2.858093E-03
  7.950000E-01  3.129379E-03
  7.960000E-01  3.368051E-03
  7.970000E-01  3.568065E-03
  7.980000E-01  3.724035E-03
  7.990000E-01  3.831367E-03
  8.000000E-01  3.886374E-03
  8.010000E-01  3.886378E-03
  8.020000E-01  3.829800E-03
  8.030000E-01  3.716214E-03
  8.040000E-01  3.546397E-03
  8.050000E-01  3.322337E-03
  8.060000E-01  3.047227E-03
  8.070000E-01  2.725422E-03
  8.080000E-01  2.362372E-03
  8.090000E-01  1.964531E-03
  8.100000E-01  1.539233E-03
  8.110000E-01  1.094550E-03
  8.120000E-01  6.391227E-04
  8.130000E-01  1.819772E-04
  8.140000E-01 -2.676732E-04
  8.150000E-01 -7.006381E-04
  8.160000E-01 -1.107964E-03
  8.170000E-01 -1.481147E-03
  8.180000E-01 -1.812342E-03
  8.190000E-01 -2.094560E-03
  8.200000E-01 -2.321847E-03
  8.210000E-01 -2.489446E-03
  8.220000E-01 -2.593926E-03
  8.230000E-01 -2.633292E-03
  8.240000E-01 -2.607047E-03
  8.250000E-01 -2.516234E-03
  8.260000E-01 -2.363425E-03
  8.270000E-01 -2.152683E-03
  8.280000E-01 -1.889482E-03
  8.290000E-01 -1.580590E-03
  8.300000E-01 -1.233917E-03
  8.310000E-01 -8.583342E-04
  8.320000E-01 -4.634678E-04
  8.330000E-01 -5.946497E-05
  8.340000E-01  3.432498E-04
  8.350000E-01  7.342315E-04
  8.360000E-01  1.103274E-03
  8.370000E-01  1.440666E-03
  8.380000E-01  1.737437E-03
  8.390000E-01  1.985587E-03
  8.400000E-01  2.178294E-03
  8.410000E-01  2.310091E-03
  8.420000E-01  2.377013E-03
  8.430000E-01  2.376704E-03
  8.440000E-01  2.308484E-03
  8.450000E-01  2.173379E-03
  8.460000E-01  1.974098E-03
  8.470000E-01  1.714975E-03
  8.480000E-01  1.401867E-03
  8.490000E-01  1.042014E-03
  8.500000E-01  6.438589E-04
  8.510000E-01  2.168434E-04
  8.520000E-01 -2.288266E-04
  8.530000E-01 -6.824332E-04
  8.540000E-01 -1.133012E-03
  8.550000E-01 -1.569625E-03
  8.560000E-01 -1.981630E-03
  8.570000E-01 -2.358942E-03
  8.580000E-01 -2.692286E-03
  8.590000E-01 -2.973419E-03
  8.600000E-01 -3.195332E-03
  8.610000E-01 -3.352419E-03
  8.620000E-01 -3.440608E-03
  8.630000E-01 -3.457455E-03
  8.640000E-01 -3.402195E-03
  8.650000E-01 -3.275750E-03
  8.660000E-01 -3.080699E-03
  8.670000E-01 -2.821205E-03
  8.680000E-01 -2.502897E-03
  8.690000E-01 -2.132730E-03
  8.700000E-01 -1.718800E-03
  8.710000E-01 -1.270143E-03
  8.720000E-01 -7.965069E-04
  8.730000E-01 -3.081144E-04
  8.740000E-01  1.845887E-04
  8.750000E-01  6.711817E-04
  8.760000E-01  1.141515E-03
  8.770000E-01  1.585946E-03
  8.780000E-01  1.995557E-03
  8.790000E-01  2.362352E-03
  8.800000E-01  2.679427E-03
  8.810000E-01  2.941115E-03
  8.820000E-01  3.143088E-03
  8.830000E-01  3.282434E-03
  8.840000E-01  3.357692E-03
  8.850000E-01  3.368856E-03
  8.860000E-01  3.317338E-03
  8.870000E-01  3.205900E-03
  8.880000E-01  3.038559E-03
  8.890000E-01  2.820457E-03
  8.900000E-01  2.557710E-03
  8.910000E-01  2.257243E-03
  8.920000E-01  1.926599E-03
  8.930000E-01  1.573751E-03
  8.940000E-01  1.206899E-03
  8.950000E-01  8.342718E-04
  8.960000E-01  4.639369E-04
  8.970000E-01  1.036139E-04
  8.980000E-01 -2.394929E-04
  8.990000E-01 -5.588465E-04
  9.000000E-01 -8.487072E-04
  9.010000E-01 -1.104240E-03
  9.020000E-01 -1.321596E-03
  9.030000E-01 -1.497969E-03
  9.040000E-01 -1.631623E-03
  9.050000E-01 -1.721896E-03
  9.060000E-01 -1.769175E-03
  9.070000E-01 -1.774849E-03
  9.080000E-01 -1.741242E-03
  9.090000E-01 -1.671522E-03
  9.100000E-01 -1.569595E-03
  9.110000E-01 -1.439987E-03
  9.120000E-01 -1.287714E-03
  9.130000E-01 -1.118145E-03
  9.140000E-01 -9.368647E-04
  9.150000E-01 -7.495295E-04
  9.160000E-01 -5.617351E-04
  9.170000E-01 -3.788835E-04
  9.180000E-01 -2.060625E-04
  9.190000E-01 -4.793508E-05
  9.200000E-01  9.135731E-05
  9.210000E-01  2.082770E-04
  9.220000E-01  2.999557E-04
  9.230000E-01  3.642432E-04
  9.240000E-01  3.997393E-04
  9.250000E-01  4.058070E-04
  9.260000E-01  3.825697E-04
  9.270000E-01  3.308918E-04
  9.280000E-01  2.523431E-04
  9.290000E-01  1.491503E-04
  9.300000E-01  2.413452E-05
  9.310000E-01 -1.193614E-04
  9.320000E-01 -2.775551E-04
  9.330000E-01 -4.463141E-04
  9.340000E-01 -6.212512E-04
  9.350000E-01 -7.978222E-04
  9.360000E-01 -9.714257E-04
  9.370000E-01 -1.137503E-03
  9.380000E-01 -1.291634E-03
  9.390000E-01 -1.429632E-03
  9.400000E-01 -1.547629E-03
  9.410000E-01 -1.642156E-03
  9.420000E-01 -1.710218E-03
  9.430000E-01 -1.749350E-03
  9.440000E-01 -1.757675E-03
  9.450000E-01 -1.733939E-03
  9.460000E-01 -1.677543E-03
  9.470000E-01 -1.588554E-03
  9.480000E-01 -1.467711E-03
  9.490000E-01 -1.316415E-03
  9.500000E-01 -1.136703E-03
  9.510000E-01 -9.312134E-04
  9.520000E-01 -7.031426E-04
  9.530000E-01 -4.561821E-04
  9.540000E-01 -1.944523E-04
  9.550000E-01  7.757540E-05
  9.560000E-01  3.551637E-04
  9.570000E-01  6.334013E-04
  9.580000E-01  9.072984E-04
  9.590000E-01  1.171886E-03
  9.600000E-01  1.422317E-03
  9.610000E-01  1.653963E-03
  9.620000E-01  1.862512E-03
  9.630000E-01  2.044060E-03
  9.640000E-01  2.195196E-03
  9.650000E-01  2.313073E-03
  9.660000E-01  2.395482E-03
  9.670000E-01  2.440895E-03
  9.680000E-01  2.448512E-03
  9.690000E-01  2.418281E-03
  9.700000E-01  2.350911E-03
  9.710000E-01  2.247862E-03
  9.720000E-01  2.111322E-03
  9.730000E-01  1.944169E-03
  9.740000E-01  1.749914E-03
  9.750000E-01  1.532630E-03
  9.760000E-01  1.296872E-03
  9.770000E-01  1.047575E-03
  9.780000E-01  7.899563E-04
  9.790000E-01  5.293936E-04
  9.800000E-01  2.713118E-04
  9.810000E-01  2.105932E-05
  9.820000E-01 -2.162131E-04
  9.830000E-01 -4.356705E-04
  9.840000E-01 -6.329064E-04
  9.850000E-01 -8.040466E-04
  9.860000E-01 -9.458418E-04
  9.870000E-01 -1.055746E-03
  9.880000E-01 -1.131982E-03
  9.890000E-01 -1.173581E-03
  9.900000E-01 -1.180419E-03
  9.910000E-01 -1.153212E-03
  9.920000E-01 -1.093512E-03
  9.930000E-01 -1.003666E-03
  9.940000E-01 -8.867689E-04
  9.950000E-01 -7.465842E-04
  9.960000E-01 -5.874594E-04
  9.970000E-01 -4.142192E-04
  9.980000E-01 -2.320486E-04
  9.990000E-01 -4.636563E-05
  1.000000E+00  1.373133E-04
  1.001000E+00  3.135109E-04
  1.002000E+00  4.769273E-04
  1.003000E+00  6.225747E-04
  1.004000E+00  7.459056E-04
  1.005000E+00  8.429315E-04
  1.006000E+00  9.103275E-04
  1.007000E+00  9.455225E-04
  1.008000E+00  9.467702E-04
  1.009000E+00  9.132009E-04
  1.010000E+00  8.448511E-04
  1.011000E+00  7.426710E-04
  1.012000E+00  6.085093E-04
  1.013000E+00  4.450751E-04
  1.014000E+00  2.558783E-04
  1.015000E+00  4.514972E-05
  1.016000E+00 -1.822579E-04
  1.017000E+00 -4.209843E-04
  1.018000E+00 -6.652902E-04
  1.019000E+00 -9.091956E-04
  1.020000E+00 -1.146625E-03
  1.021000E+00 -1.371558E-03
  1.022000E+00 -1.578172E-03
  1.023000E+00 -1.760996E-03
  1.024000E+00 -1.915038E-03
  1.025000E+00 -2.035917E-03
  1.026000E+00 -2.119973E-03
  1.027000E+00 -2.164360E-03
  1.028000E+00 -2.167126E-03
  1.029000E+00 -2.127266E-03
  1.030000E+00 -2.044751E-03
  1.031000E+00 -1.920544E-03
  1.032000E+00 -1.756580E-03
  1.033000E+00 -1.555732E-03
  1.034000E+00 -1.321751E-03
  1.035000E+00 -1.059184E-03
  1.036000E+00 -7.732795E-04
  1.037000E+00 -4.698657E-04
  1.038000E+00 -1.552270E-04
  1.039000E+00  1.640382E-04
  1.040000E+00  4.811647E-04
  1.041000E+00  7.893710E-04
  1.042000E+00  1.082011E-03
  1.043000E+00  1.352723E-03
  1.044000E+00  1.595570E-03
  1.045000E+00  1.805174E-03
  1.046000E+00  1.976836E-03
  1.047000E+00  2.106638E-03
  1.048000E+00  2.191533E-03
  1.049000E+00  2.229410E-03
  1.050000E+00  2.219143E-03
  1.051000E+00  2.160615E-03
  1.052000E+00  2.054722E-03
  1.053000E+00  1.903353E-03
  1.054000E+00  1.709351E-03
  1.055000E+00  1.476453E-03
  1.056000E+00  1.209208E-03
  1.057000E+00  9.128826E-04
  1.058000E+00  5.933468E-04
  1.059000E+00  2.569532E-04
  1.060000E+00 -8.959856E-05
  1.061000E+00 -4.394017E-04
  1.062000E+00 -7.854865E-04
  1.063000E+00 -1.120965E-03
  1.064000E+00 -1.439174E-03
  1.065000E+00 -1.733810E-03
  1.066000E+00 -1.999062E-03
  1.067000E+00 -2.229725E-03
  1.068000E+00 -2.421311E-03
  1.069000E+00 -2.570132E-03
  1.070000E+00 -2.673379E-03
  1.071000E+00 -2.729173E-03
  1.072000E+00 -2.736601E-03
  1.073000E+00 -2.695734E-03
  1.074000E+00 -2.607619E-03
  1.075000E+00 -2.474255E-03
  1.076000E+00 -2.298549E-03
  1.077000E+00 -2.084256E-03
  1.078000E+00 -1.835894E-03
  1.079000E+00 -1.558655E-03
  1.080000E+00 -1.258291E-03
  1.081000E+00 -9.409996E-04
  1.082000E+00 -6.132901E-04
  1.083000E+00 -2.818534E-04
  1.084000E+00  4.657852E-05
  1.085000E+00  3.653706E-04
  1.086000E+00  6.681216E-04
  1.087000E+00  9.487955E-04
  1.088000E+00  1.201845E-03
  1.089000E+00  1.422328E-03
  1.090000E+00  1.606003E-03
  1.091000E+00  1.749424E-03
  1.092000E+00  1.850004E-03
  1.093000E+00  1.906070E-03
  1.094000E+00  1.916897E-03
  1.095000E+00  1.882720E-03
  1.096000E+00  1.804728E-03
  1.097000E+00  1.685037E-03
  1.098000E+00  1.526643E-03
  1.099000E+00  1.333358E-03
  1.100000E+00  1.109723E-03
  1.101000E+00  8.609159E-04
  1.102000E+00  5.926315E-04
  1.103000E+00  3.109621E-04
  1.104000E+00  2.226242E-05
  1.105000E+00 -2.669895E-04
  1.106000E+00 -5.503343E-04
  1.107000E+00 -8.214740E-04
  1.108000E+00 -1.074411E-03
  1.109000E+00 -1.303581E-03
  1.110000E+00 -1.503978E-03
  1.111000E+00 -1.671263E-03
  1.112000E+00 -1.801863E-03
  1.113000E+00 -1.893053E-03
  1.114000E+00 -1.943011E-03
  1.115000E+00 -1.950865E-03
  1.116000E+00 -1.916709E-03
  1.117000E+00 -1.841599E-03
  1.118000E+00 -1.727529E-03
  1.119000E+00 -1.577384E-03
  1.120000E+00 -1.394873E-03
  1.121000E+00 -1.184439E-03
  1.122000E+00 -9.511545E-04
  1.123000E+00 -7.006051E-04
  1.124000E+00 -4.387533E-04
  1.125000E+00 -1.717984E-04
  1.126000E+00  9.397056E-05
  1.127000E+00  3.523257E-04
  1.128000E+00  5.972485E-04
  1.129000E+00  8.230738E-04
  1.130000E+00  1.024626E-03
  1.131000E+00  1.197343E-03
  1.132000E+00  1.337384E-03
  1.133000E+00  1.441726E-03
  1.134000E+00  1.508230E-03
  1.135000E+00  1.535695E-03
  1.136000E+00  1.523884E-03
  1.137000E+00  1.473528E-03
  1.138000E+00  1.386307E-03
  1.139000E+00  1.264802E-03
  1.140000E+00  1.112433E-03
  1.141000E+00  9.333715E-04
  1.142000E+00  7.324301E-04
  1.143000E+00  5.149460E-04
  1.144000E+00  2.866434E-04
  1.145000E+00  5.349015E-05
  1.146000E+00 -1.784524E-04
  1.147000E+00 -4.031816E-04
  1.148000E+00 -6.149034E-04
  1.149000E+00 -8.081767E-04
  1.150000E+00 -9.780479E-04
  1.151000E+00 -1.120173E-03
  1.152000E+00 -1.230923E-03
  1.153000E+00 -1.307470E-03
  1.154000E+00 -1.347857E-03
  1.155000E+00 -1.351034E-03
  1.156000E+00 -1.316883E-03
  1.157000E+00 -1.246214E-03
  1.158000E+00 -1.140731E-03
  1.159000E+00 -1.002986E-03
  1.160000E+00 -8.363016E-04
  1.161000E+00 -6.446828E-04
  1.162000E+00 -4.327034E-04
  1.163000E+00 -2.053850E-04
  1.164000E+00  3.193780E-05
  1.165000E+00  2.737580E-04
  1.166000E+00  5.145397E-04
  1.167000E+00  7.488617E-04
  1.168000E+00  9.715552E-04
  1.169000E+00  1.177834E-03
  1.170000E+00  1.363413E-03
  1.171000E+00  1.524612E-03
  1.172000E+00  1.658439E-03
  1.173000E+00  1.762662E-03
  1.174000E+00  1.835849E-03
  1.175000E+00  1.877394E-03
  1.176000E+00  1.887515E-03
  1.177000E+00  1.867238E-03
  1.178000E+00  1.818348E-03
  1.179000E+00  1.743329E-03
  1.180000E+00  1.645285E-03
  1.181000E+00  1.527838E-03
  1.182000E+00  1.395028E-03
  1.183000E+00  1.251186E-03
  1.184000E+00  1.100816E-03
  1.185000E+00  9.484667E-04
  1.186000E+00  7.986040E-04
  1.187000E+00  6.554917E-04
  1.188000E+00  5.230776E-04
  1.189000E+00  4.048908E-04
  1.190000E+00  3.039524E-04
  1.191000E+00  2.227021E-04
  1.192000E+00  1.629425E-04
  1.193000E+00  1.258015E-04
  1.194000E+00  1.117150E-04
  1.195000E+00  1.204288E-04
  1.196000E+00  1.510201E-04
  1.197000E+00  2.019367E-04
  1.198000E+00  2.710546E-04
  1.199000E+00  3.557484E-04
  1.200000E+00  4.529769E-04
  1.201000E+00  5.593772E-04
  1.202000E+00  6.713665E-04
  1.203000E+00  7.852490E-04
  1.204000E+00  8.973230E-04
  1.205000E+00  1.003987E-03
  1.206000E+00  1.101841E-03
  1.207000E+00  1.187778E-03
  1.208000E+00  1.259074E-03
  1.209000E+00  1.313450E-03
  1.210000E+00  1.349138E-03
  1.211000E+00  1.364921E-03
  1.212000E+00  1.360158E-03
  1.213000E+00  1.334794E-03
  1.214000E+00  1.289359E-03
  1.215000E+00  1.224936E-03
  1.216000E+00  1.143132E-03
  1.217000E+00  1.046026E-03
  1.218000E+00  9.361007E-04
  1.219000E+00  8.161768E-04
  1.220000E+00  6.893285E-04
  1.221000E+00  5.587990E-04
  1.222000E+00  4.279118E-04
  1.223000E+00  2.999816E-04
  1.224000E+00  1.782272E-04
  1.225000E+00  6.568840E-05
  1.226000E+00 -3.485062E-05
  1.227000E+00 -1.209298E-04
  1.228000E+00 -1.904724E-04
  1.229000E+00 -2.418322E-04
  1.230000E+00 -2.738304E-04
  1.231000E+00 -2.857788E-04
  1.232000E+00 -2.774904E-04
  1.233000E+00 -2.492784E-04
  1.234000E+00 -2.019417E-04
  1.235000E+00 -1.367400E-04
  1.236000E+00 -5.535771E-05
  1.237000E+00  4.014040E-05
  1.238000E+00  1.473625E-04
  1.239000E+00  2.636485E-04
  1.240000E+00  3.861339E-04
  1.241000E+00  5.118164E-04
  1.242000E+00  6.376238E-04
  1.243000E+00  7.604823E-04
  1.244000E+00  8.773821E-04
  1.245000E+00  9.854408E-04
  1.246000E+00  1.081961E-03
  1.247000E+00  1.164486E-03
  1.248000E+00  1.230842E-03
  1.249000E+00  1.279181E-03
  1.250000E+00  1.308015E-03
  1.251000E+00  1.316237E-03
  1.252000E+00  1.303137E-03
  1.253000E+00  1.268414E-03
  1.254000E+00  1.212178E-03
  1.255000E+00  1.134939E-03
  1.256000E+00  1.037599E-03
  1.257000E+00  9.214310E-04
  1.258000E+00  7.880539E-04
  1.259000E+00  6.394042E-04
  1.260000E+00  4.777005E-04
  1.261000E+00  3.054067E-04
  1.262000E+00  1.251901E-04
  1.263000E+00 -6.012163E-05
  1.264000E+00 -2.475856E-04
  1.265000E+00 -4.341907E-04
  1.266000E+00 -6.169048E-04
  1.267000E+00 -7.927222E-04
  1.268000E+00 -9.587111E-04
  1.269000E+00 -1.112060E-03
  1.270000E+00 -1.250123E-03
  1.271000E+00 -1.370462E-03
  1.272000E+00 -1.470890E-03
  1.273000E+00 -1.549508E-03
  1.274000E+00 -1.604737E-03
  1.275000E+00 -1.635355E-03
  1.276000E+00 -1.640516E-03
  1.277000E+00 -1.619779E-03
  1.278000E+00 -1.573117E-03
  1.279000E+00 -1.500928E-03
  1.280000E+00 -1.404044E-03
  1.281000E+00 -1.283717E-03
  1.282000E+00 -1.141618E-03
  1.283000E+00 -9.798096E-04
  1.284000E+00 -8.007263E-04
  1.285000E+00 -6.071372E-04
  1.286000E+00 -4.021058E-04
  1.287000E+00 -1.889420E-04
  1.288000E+00  2.885234E-05
  1.289000E+00  2.476438E-04
  1.290000E+00  4.637321E-04
  1.291000E+00  6.734185E-04
  1.292000E+00  8.730769E-04
  1.293000E+00  1.059226E-03
  1.294000E+00  1.228599E-03
  1.295000E+00  1.378217E-03
  1.296000E+00  1.505450E-03
  1.297000E+00  1.608078E-03
  1.298000E+00  1.684349E-03
  1.299000E+00  1.733016E-03
  1.300000E+00  1.753380E-03
  1.301000E+00  1.745308E-03
  1.302000E+00  1.709248E-03
  1.303000E+00  1.646226E-03
  1.304000E+00  1.557836E-03
  1.305000E+00  1.446208E-03
  1.306000E+00  1.313972E-03
  1.307000E+00  1.164201E-03
  1.308000E+00  1.000350E-03
  1.309000E+00  8.261800E-04
  1.310000E+00  6.456753E-04
  1.311000E+00  4.629520E-04
  1.312000E+00  2.821638E-04
  1.313000E+00  1.074039E-04
  1.314000E+00 -5.739237E-05
  1.315000E+00 -2.085435E-04
  1.316000E+00 -3.427119E-04
  1.317000E+00 -4.569877E-04
  1.318000E+00 -5.489620E-04
  1.319000E+00 -6.167892E-04
  1.320000E+00 -6.592354E-04
  1.321000E+00 -6.757120E-04
  1.322000E+00 -6.662932E-04
  1.323000E+00 -6.317163E-04
  1.324000E+00 -5.733655E-04
  1.325000E+00 -4.932382E-04
  1.326000E+00 -3.938954E-04
  1.327000E+00 -2.783966E-04
  1.328000E+00 -1.502215E-04
  1.329000E+00 -1.317969E-05
  1.330000E+00  1.286891E-04
  1.331000E+00  2.712211E-04
  1.332000E+00  4.102395E-04
  1.333000E+00  5.416657E-04
  1.334000E+00  6.616289E-04
  1.335000E+00  7.665712E-04
  1.336000E+00  8.533443E-04
  1.337000E+00  9.192959E-04
  1.338000E+00  9.623437E-04
  1.339000E+00  9.810334E-04
  1.340000E+00  9.745808E-04
  1.341000E+00  9.428955E-04
  1.342000E+00  8.865860E-04
  1.343000E+00  8.069459E-04
  1.344000E+00  7.059210E-04
  1.345000E+00  5.860591E-04
  1.346000E+00  4.504426E-04
  1.347000E+00  3.026069E-04
  1.348000E+00  1.464452E-04
  1.349000E+00 -1.389552E-05
  1.350000E+00 -1.741267E-04
  1.351000E+00 -3.299342E-04
  1.352000E+00 -4.770956E-04
  1.353000E+00 -6.115945E-04
  1.354000E+00 -7.297302E-04
  1.355000E+00 -8.282186E-04
  1.356000E+00 -9.042821E-04
  1.357000E+00 -9.557250E-04
  1.358000E+00 -9.809944E-04
  1.359000E+00 -9.792223E-04
  1.360000E+00 -9.502501E-04
  1.361000E+00 -8.946333E-04
  1.362000E+00 -8.136266E-04
  1.363000E+00 -7.091509E-04
  1.364000E+00 -5.837414E-04
  1.365000E+00 -4.404798E-04
  1.366000E+00 -2.829116E-04
  1.367000E+00 -1.149514E-04
  1.368000E+00  5.922139E-05
  1.369000E+00  2.352736E-04
  1.370000E+00  4.088330E-04
  1.371000E+00  5.756029E-04
  1.372000E+00  7.314743E-04
  1.373000E+00  8.726325E-04
  1.374000E+00  9.956539E-04
  1.375000E+00  1.097593E-03
  1.376000E+00  1.176052E-03
  1.377000E+00  1.229244E-03
  1.378000E+00  1.256025E-03
  1.379000E+00  1.255921E-03
  1.380000E+00  1.229130E-03
  1.381000E+00  1.176511E-03
  1.382000E+00  1.099545E-03
  1.383000E+00  1.000293E-03
  1.384000E+00  8.813302E-04
  1.385000E+00  7.456713E-04
  1.386000E+00  5.966812E-04
  1.387000E+00  4.379824E-04
  1.388000E+00  2.733541E-04
  1.389000E+00  1.066299E-04
  1.390000E+00 -5.840423E-05
  1.391000E+00 -2.181085E-04
  1.392000E+00 -3.690819E-04
  1.393000E+00 -5.082465E-04
  1.394000E+00 -6.329207E-04
  1.395000E+00 -7.408800E-04
  1.396000E+00 -8.304041E-04
  1.397000E+00 -9.003085E-04
  1.398000E+00 -9.499613E-04
  1.399000E+00 -9.792832E-04
  1.400000E+00 -9.887335E-04
  1.401000E+00 -9.792804E-04
  1.402000E+00 -9.523588E-04
  1.403000E+00 -9.098157E-04
  1.404000E+00 -8.538461E-04
  1.405000E+00 -7.869209E-04
  1.406000E+00 -7.117089E-04
  1.407000E+00 -6.309962E-04
  1.408000E+00 -5.476043E-04
  1.409000E+00 -4.643100E-04
  1.410000E+00 -3.837690E-04
  1.411000E+00 -3.084453E-04
  1.412000E+00 -2.405490E-04
  1.413000E+00 -1.819819E-04
  1.414000E+00 -1.342955E-04
  1.415000E+00 -9.865903E-05
  1.416000E+00 -7.584001E-05
  1.417000E+00 -6.619686E-05
  1.418000E+00 -6.968341E-05
  1.419000E+00 -8.586484E-05
  1.420000E+00 -1.139442E-04
  1.421000E+00 -1.527982E-04
  1.422000E+00 -2.010213E-04
  1.423000E+00 -2.569761E-04
  1.424000E+00 -3.188487E-04
  1.425000E+00 -3.847067E-04
  1.426000E+00 -4.525592E-04
  1.427000E+00 -5.204155E-04
  1.428000E+00 -5.863421E-04
  1.429000E+00 -6.485155E-04
  1.430000E+00 -7.052701E-04
  1.431000E+00 -7.551395E-04
  1.432000E+00 -7.968911E-04
  1.433000E+00 -8.295516E-04
  1.434000E+00 -8.524252E-04
  1.435000E+00 -8.651025E-04
  1.436000E+00 -8.674611E-04
  1.437000E+00 -8.596586E-04
  1.438000E+00 -8.421173E-04
  1.439000E+00 -8.155031E-04
  1.440000E+00 -7.806975E-04
  1.441000E+00 -7.387664E-04
  1.442000E+00 -6.909242E-04
  1.443000E+00 -6.384963E-04
  1.444000E+00 -5.828803E-04
  1.445000E+00 -5.255074E-04
  1.446000E+00 -4.678048E-04
  1.447000E+00 -4.111612E-04
  1.448000E+00 -3.568938E-04
  1.449000E+00 -3.062210E-04
  1.450000E+00 -2.602382E-04
  1.451000E+00 -2.198985E-04
  1.452000E+00 -1.859991E-04
  1.453000E+00 -1.591718E-04
  1.454000E+00 -1.398789E-04
  1.455000E+00 -1.284131E-04
  1.456000E+00 -1.249025E-04
  1.457000E+00 -1.293182E-04
  1.458000E+00 -1.414857E-04
  1.459000E+00 -1.610979E-04
  1.460000E+00 -1.877312E-04
  1.461000E+00 -2.208610E-04
  1.462000E+00 -2.598792E-04
  1.463000E+00 -3.041106E-04
  1.464000E+00 -3.528291E-04
  1.465000E+00 -4.052730E-04
  1.466000E+00 -4.606587E-04
  1.467000E+00 -5.181930E-04
  1.468000E+00 -5.770839E-04
  1.469000E+00 -6.365493E-04
  1.470000E+00 -6.958245E-04
  1.471000E+00 -7.541682E-04
  1.472000E+00 -8.108674E-04
  1.473000E+00 -8.652411E-04
  1.474000E+00 -9.166435E-04
  1.475000E+00 -9.644673E-04
  1.476000E+00 -1.008147E-03
  1.477000E+00 -1.047160E-03
  1.478000E+00 -1.081036E-03
  1.479000E+00 -1.109353E-03
  1.480000E+00 -1.131752E-03
  1.481000E+00 -1.147935E-03
  1.482000E+00 -1.157679E-03
  1.483000E+00 -1.160837E-03
  1.484000E+00 -1.157349E-03
  1.485000E+00 -1.147249E-03
  1.486000E+00 -1.130673E-03
  1.487000E+00 -1.107862E-03
  1.488000E+00 -1.079169E-03
  1.489000E+00 -1.045060E-03
  1.490000E+00 -1.006118E-03
  1.491000E+00 -9.630338E-04
  1.492000E+00 -9.166067E-04
  1.493000E+00 -8.677316E-04
  1.494000E+00 -8.173879E-04
  1.495000E+00 -7.666229E-04
  1.496000E+00 -7.165323E-04
  1.497000E+00 -6.682378E-04
  1.498000E+00 -6.228613E-04
  1.499000E+00 -5.814979E-04
  1.500000E+00 -5.451863E-04
  1.501000E+00 -5.148799E-04
  1.502000E+00 -4.914164E-04
  1.503000E+00 -4.754903E-04
  1.504000E+00 -4.676257E-04
  1.505000E+00 -4.681536E-04
  1.506000E+00 -4.771921E-04
  1.507000E+00 -4.946318E-04
  1.508000E+00 -5.201267E-04
  1.509000E+00 -5.530910E-04
  1.510000E+00 -5.927026E-04
  1.511000E+00 -6.379137E-04
  1.512000E+00 -6.874672E-04
  1.513000E+00 -7.399216E-04
  1.514000E+00 -7.936806E-04
  1.515000E+00 -8.470293E-04
  1.516000E+00 -8.981757E-04
  1.517000E+00 -9.452957E-04
  1.518000E+00 -9.865811E-04
  1.519000E+00 -1.020290E-03
  1.520000E+00 -1.044796E-03
  1.521000E+00 -1.058638E-03
  1.522000E+00 -1.060568E-03
  1.523000E+00 -1.049591E-03
  1.524000E+00 -1.025005E-03
  1.525000E+00 -9.864302E-04
  1.526000E+00 -9.338317E-04
  1.527000E+00 -8.675365E-04
  1.528000E+00 -7.882369E-04
  1.529000E+00 -6.969868E-04
  1.530000E+00 -5.951878E-04
  1.531000E+00 -4.845654E-04
  1.532000E+00 -3.671356E-04
  1.533000E+00 -2.451637E-04
  1.534000E+00 -1.211140E-04
  1.535000E+00  2.405797E-06
  1.536000E+00  1.227060E-04
  1.537000E+00  2.370800E-04
  1.538000E+00  3.428714E-04
  1.539000E+00  4.375408E-04
  1.540000E+00  5.187319E-04
  1.541000E+00  5.843332E-04
  1.542000E+00  6.325351E-04
  1.543000E+00  6.618807E-04
  1.544000E+00  6.713073E-04
  1.545000E+00  6.601791E-04
  1.546000E+00  6.283100E-04
  1.547000E+00  5.759741E-04
  1.548000E+00  5.039055E-04
  1.549000E+00  4.132860E-04
  1.550000E+00  3.057214E-04
  1.551000E+00  1.832072E-04
  1.552000E+00  4.808344E-05
  1.553000E+00 -9.701869E-05
  1.554000E+00 -2.492383E-04
  1.555000E+00 -4.055523E-04
  1.556000E+00 -5.628470E-04
  1.557000E+00 -7.179923E-04
  1.558000E+00 -8.679163E-04
  1.559000E+00 -1.009678E-03
  1.560000E+00 -1.140539E-03
  1.561000E+00 -1.258025E-03
  1.562000E+00 -1.359984E-03
  1.563000E+00 -1.444638E-03
  1.564000E+00 -1.510621E-03
  1.565000E+00 -1.557004E-03
  1.566000E+00 -1.583319E-03
  1.567000E+00 -1.589558E-03
  1.568000E+00 -1.576172E-03
  1.569000E+00 -1.544048E-03
  1.570000E+00 -1.494482E-03
  1.571000E+00 -1.429143E-03
  1.572000E+00 -1.350017E-03
  1.573000E+00 -1.259357E-03
  1.574000E+00 -1.159619E-03
  1.575000E+00 -1.053395E-03
  1.576000E+00 -9.433465E-04
  1.577000E+00 -8.321293E-04
  1.578000E+00 -7.223307E-04
  1.579000E+00 -6.164019E-04
  1.580000E+00 -5.165975E-04
  1.581000E+00 -4.249223E-04
  1.582000E+00 -3.430844E-04
  1.583000E+00 -2.724587E-04
  1.584000E+00 -2.140594E-04
  1.585000E+00 -1.685232E-04
  1.586000E+00 -1.361032E-04
  1.587000E+00 -1.166741E-04
  1.588000E+00 -1.097472E-04
  1.589000E+00 -1.144954E-04
  1.590000E+00 -1.297880E-04
  1.591000E+00 -1.542319E-04
  1.592000E+00 -1.862207E-04
  1.593000E+00 -2.239879E-04
  1.594000E+00 -2.656643E-04
  1.595000E+00 -3.093362E-04
  1.596000E+00 -3.531039E-04
  1.597000E+00 -3.951390E-04
  1.598000E+00 -4.337373E-04
  1.599000E+00 -4.673676E-04
  1.600000E+00 -4.947138E-04
  1.601000E+00 -5.147097E-04
  1.602000E+00 -5.265658E-04
  1.603000E+00 -5.297866E-04
  1.604000E+00 -5.241792E-04
  1.605000E+00 -5.098519E-04
  1.606000E+00 -4.872042E-04
  1.607000E+00 -4.569073E-04
  1.608000E+00 -4.198770E-04
  1.609000E+00 -3.772395E-04
  1.610000E+00 -3.302905E-04
  1.611000E+00 -2.804507E-04
  1.612000E+00 -2.292168E-04
  1.613000E+00 -1.781112E-04
  1.614000E+00 -1.286317E-04
  1.615000E+00 -8.220174E-05
  1.616000E+00 -4.012355E-05
  1.617000E+00 -3.535675E-06
  1.618000E+00  2.662470E-05
  1.619000E+00  4.965280E-05
  1.620000E+00  6.510016E-05
  1.621000E+00  7.279059E-05
  1.622000E+00  7.282787E-05
  1.623000E+00  6.559484E-05
  1.624000E+00  5.174409E-05
  1.625000E+00  3.218041E-05
  1.626000E+00  8.035681E-06
  1.627000E+00 -1.936319E-05
  1.628000E+00 -4.853230E-05
  1.629000E+00 -7.787357E-05
  1.630000E+00 -1.057213E-04
  1.631000E+00 -1.303909E-04
  1.632000E+00 -1.502287E-04
  1.633000E+00 -1.636611E-04
  1.634000E+00 -1.692421E-04
  1.635000E+00 -1.656973E-04
  1.636000E+00 -1.519639E-04
  1.637000E+00 -1.272249E-04
  1.638000E+00 -9.093703E-05
  1.639000E+00 -4.285152E-05
  1.640000E+00  1.697308E-05
  1.641000E+00  8.816597E-05
  1.642000E+00  1.700474E-04
  1.643000E+00  2.616401E-04
  1.644000E+00  3.616885E-04
  1.645000E+00  4.686851E-04
  1.646000E+00  5.809037E-04
  1.647000E+00  6.964374E-04
  1.648000E+00  8.132425E-04
  1.649000E+00  9.291847E-04
  1.650000E+00  1.042088E-03
  1.651000E+00  1.149786E-03
  1.652000E+00  1.250168E-03
  1.653000E+00  1.341231E-03
  1.654000E+00  1.421125E-03
  1.655000E+00  1.488189E-03
  1.656000E+00  1.540996E-03
  1.657000E+00  1.578378E-03
  1.658000E+00  1.599452E-03
  1.659000E+00  1.603642E-03
  1.660000E+00  1.590684E-03
  1.661000E+00  1.560632E-03
  1.662000E+00  1.513859E-03
  1.663000E+00  1.451037E-03
  1.664000E+00  1.373131E-03
  1.665000E+00  1.281366E-03
  1.666000E+00  1.177208E-03
  1.667000E+00  1.062323E-03
  1.668000E+00  9.385469E-04
  1.669000E+00  8.078443E-04
  1.670000E+00  6.722677E-04
  1.671000E+00  5.339172E-04
  1.672000E+00  3.948993E-04
  1.673000E+00  2.572872E-04
  1.674000E+00  1.230833E-04
  1.675000E+00 -5.815540E-06
  1.676000E+00 -1.276496E-04
  1.677000E+00 -2.408232E-04
  1.678000E+00 -3.439277E-04
  1.679000E+00 -4.357594E-04
  1.680000E+00 -5.153330E-04
  1.681000E+00 -5.818891E-04
  1.682000E+00 -6.348982E-04
  1.683000E+00 -6.740586E-04
  1.684000E+00 -6.992907E-04
  1.685000E+00 -7.107272E-04
  1.686000E+00 -7.086998E-04
  1.687000E+00 -6.937221E-04
  1.688000E+00 -6.664715E-04
  1.689000E+00 -6.277678E-04
  1.690000E+00 -5.785515E-04
  1.691000E+00 -5.198610E-04
  1.692000E+00 -4.528099E-04
  1.693000E+00 -3.785645E-04
  1.694000E+00 -2.983222E-04
  1.695000E+00 -2.132918E-04
  1.696000E+00 -1.246746E-04
  1.697000E+00 -3.364774E-05
  1.698000E+00  5.865019E-05
  1.699000E+00  1.511316E-04
  1.700000E+00  2.427699E-04
  1.701000E+00  3.326079E-04
  1.702000E+00  4.197630E-04
  1.703000E+00  5.034318E-04
  1.704000E+00  5.828917E-04
  1.705000E+00  6.575021E-04
  1.706000E+00  7.267032E-04
  1.707000E+00  7.900151E-04
  1.708000E+00  8.470349E-04
  1.709000E+00  8.974341E-04
  1.710000E+00  9.409555E-04
  1.711000E+00  9.774102E-04
  1.712000E+00  1.006674E-03
  1.713000E+00  1.028687E-03
  1.714000E+00  1.043446E-03
  1.715000E+00  1.051010E-03
  1.716000E+00  1.051491E-03
  1.717000E+00  1.045059E-03
  1.718000E+00  1.031938E-03
  1.719000E+00  1.012404E-03
  1.720000E+00  9.867896E-04
  1.721000E+00  9.554766E-04
  1.722000E+00  9.188997E-04
  1.723000E+00  8.775436E-04
  1.724000E+00  8.319407E-04
  1.725000E+00  7.826684E-04
  1.726000E+00  7.303458E-04
  1.727000E+00  6.756289E-04
  1.728000E+00  6.192049E-04
  1.729000E+00  5.617858E-04
  1.730000E+00  5.041003E-04
  1.731000E+00  4.468855E-04
  1.732000E+00  3.908772E-04
  1.733000E+00  3.367996E-04
  1.734000E+00  2.853550E-04
  1.735000E+00  2.372120E-04
  1.736000E+00  1.929954E-04
  1.737000E+00  1.532745E-04
  1.738000E+00  1.185536E-04
  1.739000E+00  8.926191E-05
  1.740000E+00  6.574580E-05
  1.741000E+00  4.826148E-05
  1.742000E+00  3.696982E-05
  1.743000E+00  3.193284E-05
  1.744000E+00  3.311215E-05
  1.745000E+00  4.036958E-05
  1.746000E+00  5.346990E-05
  1.747000E+00  7.208576E-05
  1.748000E+00  9.580466E-05
  1.749000E+00  1.241380E-04
  1.750000E+00  1.565321E-04
  1.751000E+00  1.923802E-04
  1.752000E+00  2.310367E-04
  1.753000E+00  2.718315E-04
  1.754000E+00  3.140854E-04
  1.755000E+00  3.571257E-04
  1.756000E+00  4.003015E-04
  1.757000E+00  4.429982E-04
  1.758000E+00  4.846513E-04
  1.759000E+00  5.247588E-04
  1.760000E+00  5.628912E-04
  1.761000E+00  5.987007E-04
  1.762000E+00  6.319265E-04
  1.763000E+00  6.623993E-04
  1.764000E+00  6.900416E-04
  1.765000E+00  7.148667E-04
  1.766000E+00  7.369741E-04
  1.767000E+00  7.565430E-04
  1.768000E+00  7.738233E-04
  1.769000E+00  7.891244E-04
  1.770000E+00  8.028026E-04
  1.771000E+00  8.152465E-04
  1.772000E+00  8.268626E-04
  1.773000E+00  8.380588E-04
  1.774000E+00  8.492292E-04
  1.775000E+00  8.607390E-04
  1.776000E+00  8.729094E-04
  1.777000E+00  8.860052E-04
  1.778000E+00  9.002231E-04
  1.779000E+00  9.156826E-04
  1.780000E+00  9.324190E-04
  1.781000E+00  9.503788E-04
  1.782000E+00  9.694187E-04
  1.783000E+00  9.893066E-04
  1.784000E+00  1.009726E-03
  1.785000E+00  1.030281E-03
  1.786000E+00  1.050510E-03
  1.787000E+00  1.069893E-03
  1.788000E+00  1.087869E-03
  1.789000E+00  1.103849E-03
  1.790000E+00  1.117235E-03
  1.791000E+00  1.127436E-03
  1.792000E+00  1.133888E-03
  1.793000E+00  1.136071E-03
  1.794000E+00  1.133525E-03
  1.795000E+00  1.125869E-03
  1.796000E+00  1.112814E-03
  1.797000E+00  1.094172E-03
  1.798000E+00  1.069874E-03
  1.799000E+00  1.039969E-03
  1.800000E+00  1.004633E-03
  1.801000E+00  9.641699E-04
  1.802000E+00  9.190061E-04
  1.803000E+00  8.696880E-04
  1.804000E+00  8.168720E-04
  1.805000E+00  7.613128E-04
  1.806000E+00  7.038486E-04
  1.807000E+00  6.453848E-04
  1.808000E+00  5.868737E-04
  1.809000E+00  5.292949E-04
  1.810000E+00  4.736326E-04
  1.811000E+00  4.208537E-04
  1.812000E+00  3.718852E-04
  1.813000E+00  3.275919E-04
  1.814000E+00  2.887563E-04
  1.815000E+00  2.560588E-04
  1.816000E+00  2.300610E-04
  1.817000E+00  2.111907E-04
  1.818000E+00  1.997308E-04
  1.819000E+00  1.958105E-04
  1.820000E+00  1.994007E-04
  1.821000E+00  2.103125E-04
  1.822000E+00  2.281997E-04
  1.823000E+00  2.525648E-04
  1.824000E+00  2.827686E-04
  1.825000E+00  3.180432E-04
  1.826000E+00  3.575081E-04
  1.827000E+00  4.001885E-04
  1.828000E+00  4.450369E-04
  1.829000E+00  4.909551E-04
  1.830000E+00  5.368190E-04
  1.831000E+00  5.815030E-04
  1.832000E+00  6.239052E-04
  1.833000E+00  6.629716E-04
  1.834000E+00  6.977204E-04
  1.835000E+00  7.272633E-04
  1.836000E+00  7.508262E-04
  1.837000E+00  7.677665E-04
  1.838000E+00  7.775882E-04
  1.839000E+00  7.799530E-04
  1.840000E+00  7.746886E-04
  1.841000E+00  7.617932E-04
  1.842000E+00  7.414357E-04
  1.843000E+00  7.139529E-04
  1.844000E+00  6.798423E-04
  1.845000E+00  6.397517E-04
  1.846000E+00  5.944648E-04
  1.847000E+00  5.448848E-04
  1.848000E+00  4.920140E-04
  1.849000E+00  4.369320E-04
  1.850000E+00  3.807715E-04
  1.851000E+00  3.246932E-04
  1.852000E+00  2.698594E-04
  1.853000E+00  2.174080E-04
  1.854000E+00  1.684257E-04
  1.855000E+00  1.239237E-04
  1.856000E+00  8.481336E-05
  1.857000E+00  5.188447E-05
  1.858000E+00  2.578611E-05
  1.859000E+00  7.010038E-06
  1.860000E+00 -4.122534E-06
  1.861000E+00 -7.470532E-06
  1.862000E+00 -3.078850E-06
  1.863000E+00  8.819832E-06
  1.864000E+00  2.780730E-05
  1.865000E+00  5.328615E-05
  1.866000E+00  8.449011E-05
  1.867000E+00  1.204982E-04
  1.868000E+00  1.602525E-04
  1.869000E+00  2.025792E-04
  1.870000E+00  2.462125E-04
  1.871000E+00  2.898211E-04
  1.872000E+00  3.320362E-04
  1.873000E+00  3.714817E-04
  1.874000E+00  4.068041E-04
  1.875000E+00  4.367035E-04
  1.876000E+00  4.599637E-04
  1.877000E+00  4.754811E-04
  1.878000E+00  4.822923E-04
  1.879000E+00  4.795987E-04
  1.880000E+00  4.667891E-04
  1.881000E+00  4.434575E-04
  1.882000E+00  4.094182E-04
  1.883000E+00  3.647161E-04
  1.884000E+00  3.096315E-04
  1.885000E+00  2.446817E-04
  1.886000E+00  1.706153E-04
  1.887000E+00  8.840343E-05
  1.888000E+00 -7.756683E-07
  1.889000E+00 -9.555617E-05
  1.890000E+00 -1.944090E-04
  1.891000E+00 -2.956707E-04
  1.892000E+00 -3.975753E-04
  1.893000E+00 -4.982902E-04
  1.894000E+00 -5.959539E-04
  1.895000E+00 -6.887155E-04
  1.896000E+00 -7.747752E-04
  1.897000E+00 -8.524244E-04
  1.898000E+00 -9.200851E-04
  1.899000E+00 -9.763473E-04
  1.900000E+00 -1.020004E-03
  1.901000E+00 -1.050080E-03
  1.902000E+00 -1.065863E-03
  1.903000E+00 -1.066918E-03
  1.904000E+00 -1.053110E-03
  1.905000E+00 -1.024606E-03
  1.906000E+00 -9.818832E-04
  1.907000E+00 -9.257185E-04
  1.908000E+00 -8.571806E-04
  1.909000E+00 -7.776095E-04
  1.910000E+00 -6.885911E-04
  1.911000E+00 -5.919249E-04
  1.912000E+00 -4.895874E-04
  1.913000E+00 -3.836891E-04
  1.914000E+00 -2.764286E-04
  1.915000E+00 -1.700433E-04
  1.916000E+00 -6.675886E-05
  1.917000E+00  3.126222E-05
  1.918000E+00  1.219714E-04
  1.919000E+00  2.034824E-04
  1.920000E+00  2.741169E-04
  1.921000E+00  3.324452E-04
  1.922000E+00  3.773216E-04
  1.923000E+00  4.079134E-04
  1.924000E+00  4.237225E-04
  1.925000E+00  4.245985E-04
  1.926000E+00  4.107437E-04
  1.927000E+00  3.827095E-04
  1.928000E+00  3.413834E-04
  1.929000E+00  2.879679E-04
  1.930000E+00  2.239508E-04
  1.931000E+00  1.510683E-04
  1.932000E+00  7.126080E-05
  1.933000E+00 -1.337621E-05
  1.934000E+00 -1.006463E-04
  1.935000E+00 -1.883090E-04
  1.936000E+00 -2.741388E-04
  1.937000E+00 -3.559833E-04
  1.938000E+00 -4.318210E-04
  1.939000E+00 -4.998156E-04
  1.940000E+00 -5.583654E-04
  1.941000E+00 -6.061474E-04
  1.942000E+00 -6.421539E-04
  1.943000E+00 -6.657212E-04
  1.944000E+00 -6.765485E-04
  1.945000E+00 -6.747081E-04
  1.946000E+00 -6.606442E-04
  1.947000E+00 -6.351627E-04
  1.948000E+00 -5.994098E-04
  1.949000E+00 -5.548420E-04
  1.950000E+00 -5.031863E-04
  1.951000E+00 -4.463933E-04
  1.952000E+00 -3.865833E-04
  1.953000E+00 -3.259869E-04
  1.954000E+00 -2.668823E-04
  1.955000E+00 -2.115305E-04
  1.956000E+00 -1.621107E-04
  1.957000E+00 -1.206565E-04
  1.958000E+00 -8.899624E-05
  1.959000E+00 -6.869841E-05
  1.960000E+00 -6.102340E-05
  1.961000E+00 -6.688363E-05
  1.962000E+00 -8.681296E-05
  1.963000E+00 -1.209463E-04
  1.964000E+00 -1.690103E-04
  1.965000E+00 -2.303250E-04
  1.966000E+00 -3.038172E-04
  1.967000E+00 -3.880446E-04
  1.968000E+00 -4.812308E-04
  1.969000E+00 -5.813094E-04
  1.970000E+00 -6.859770E-04
  1.971000E+00 -7.927529E-04
  1.972000E+00 -8.990449E-04
  1.973000E+00 -1.002218E-03
  1.974000E+00 -1.099664E-03
  1.975000E+00 -1.188876E-03
  1.976000E+00 -1.267511E-03
  1.977000E+00 -1.333461E-03
  1.978000E+00 -1.384906E-03
  1.979000E+00 -1.420370E-03
  1.980000E+00 -1.438759E-03
  1.981000E+00 -1.439396E-03
  1.982000E+00 -1.422044E-03
  1.983000E+00 -1.386911E-03
  1.984000E+00 -1.334652E-03
  1.985000E+00 -1.266351E-03
  1.986000E+00 -1.183498E-03
  1.987000E+00 -1.087952E-03
  1.988000E+00 -9.818933E-04
  1.989000E+00 -8.677691E-04
  1.990000E+00 -7.482302E-04
  1.991000E+00 -6.260635E-04
  1.992000E+00 -5.041205E-04
  1.993000E+00 -3.852437E-04
  1.994000E+00 -2.721940E-04
  1.995000E+00 -1.675794E-04
  1.996000E+00 -7.378917E-05
  1.997000E+00  7.067188E-06
  1.998000E+00  7.321261E-05
  1.999000E+00  1.232464E-04
  2.000000E+00  3.583111E-02
