; material = LLZO                                                       
Zr            2000  7.74524601E+00          580.000000
  0.000000E+00  1.000000E+00
  1.000000E-03  9.975557E-01
  2.000000E-03  9.902553E-01
  3.000000E-03  9.781955E-01
  4.000000E-03  9.615351E-01
  5.000000E-03  9.404916E-01
  6.000000E-03  9.153369E-01
  7.000000E-03  8.863907E-01
  8.000000E-03  8.540146E-01
  9.000000E-03  8.186041E-01
  1.000000E-02  7.805808E-01
  1.100000E-02  7.403837E-01
  1.200000E-02  6.984608E-01
  1.300000E-02  6.552606E-01
  1.400000E-02  6.112235E-01
  1.500000E-02  5.667746E-01
  1.600000E-02  5.223161E-01
  1.700000E-02  4.782212E-01
  1.800000E-02  4.348287E-01
  1.900000E-02  3.924387E-01
  2.000000E-02  3.513095E-01
  2.100000E-02  3.116554E-01
  2.200000E-02  2.736458E-01
  2.300000E-02  2.374059E-01
  2.400000E-02  2.030174E-01
  2.500000E-02  1.705216E-01
  2.600000E-02  1.399221E-01
  2.700000E-02  1.111890E-01
  2.800000E-02  8.426370E-02
  2.900000E-02  5.906383E-02
  3.000000E-02  3.548875E-02
  3.100000E-02  1.342509E-02
  3.200000E-02 -7.247812E-03
  3.300000E-02 -2.665255E-02
  3.400000E-02 -4.490876E-02
  3.500000E-02 -6.212865E-02
  3.600000E-02 -7.841312E-02
  3.700000E-02 -9.384867E-02
  3.800000E-02 -1.085050E-01
  3.900000E-02 -1.224333E-01
  4.000000E-02 -1.356658E-01
  4.100000E-02 -1.482156E-01
  4.200000E-02 -1.600777E-01
  4.300000E-02 -1.712306E-01
  4.400000E-02 -1.816383E-01
  4.500000E-02 -1.912538E-01
  4.600000E-02 -2.000216E-01
  4.700000E-02 -2.078818E-01
  4.800000E-02 -2.147740E-01
  4.900000E-02 -2.206406E-01
  5.000000E-02 -2.254309E-01
  5.100000E-02 -2.291050E-01
  5.200000E-02 -2.316362E-01
  5.300000E-02 -2.330145E-01
  5.400000E-02 -2.332483E-01
  5.500000E-02 -2.323663E-01
  5.600000E-02 -2.304184E-01
  5.700000E-02 -2.274757E-01
  5.800000E-02 -2.236303E-01
  5.900000E-02 -2.189938E-01
  6.000000E-02 -2.136956E-01
  6.100000E-02 -2.078804E-01
  6.200000E-02 -2.017052E-01
  6.300000E-02 -1.953358E-01
  6.400000E-02 -1.889430E-01
  6.500000E-02 -1.826985E-01
  6.600000E-02 -1.767709E-01
  6.700000E-02 -1.713216E-01
  6.800000E-02 -1.665007E-01
  6.900000E-02 -1.624433E-01
  7.000000E-02 -1.592663E-01
  7.100000E-02 -1.570652E-01
  7.200000E-02 -1.559121E-01
  7.300000E-02 -1.558538E-01
  7.400000E-02 -1.569106E-01
  7.500000E-02 -1.590760E-01
  7.600000E-02 -1.623171E-01
  7.700000E-02 -1.665751E-01
  7.800000E-02 -1.717675E-01
  7.900000E-02 -1.777897E-01
  8.000000E-02 -1.845180E-01
  8.100000E-02 -1.918127E-01
  8.200000E-02 -1.995215E-01
  8.300000E-02 -2.074832E-01
  8.400000E-02 -2.155317E-01
  8.500000E-02 -2.234999E-01
  8.600000E-02 -2.312234E-01
  8.700000E-02 -2.385442E-01
  8.800000E-02 -2.453145E-01
  8.900000E-02 -2.513991E-01
  9.000000E-02 -2.566787E-01
  9.100000E-02 -2.610515E-01
  9.200000E-02 -2.644355E-01
  9.300000E-02 -2.667690E-01
  9.400000E-02 -2.680116E-01
  9.500000E-02 -2.681440E-01
  9.600000E-02 -2.671675E-01
  9.700000E-02 -2.651030E-01
  9.800000E-02 -2.619894E-01
  9.900000E-02 -2.578823E-01
  1.000000E-01 -2.528509E-01
  1.010000E-01 -2.469763E-01
  1.020000E-01 -2.403489E-01
  1.030000E-01 -2.330651E-01
  1.040000E-01 -2.252254E-01
  1.050000E-01 -2.169312E-01
  1.060000E-01 -2.082825E-01
  1.070000E-01 -1.993760E-01
  1.080000E-01 -1.903024E-01
  1.090000E-01 -1.811453E-01
  1.100000E-01 -1.719796E-01
  1.110000E-01 -1.628706E-01
  1.120000E-01 -1.538731E-01
  1.130000E-01 -1.450315E-01
  1.140000E-01 -1.363798E-01
  1.150000E-01 -1.279419E-01
  1.160000E-01 -1.197324E-01
  1.170000E-01 -1.117577E-01
  1.180000E-01 -1.040168E-01
  1.190000E-01 -9.650325E-02
  1.200000E-01 -8.920592E-02
  1.210000E-01 -8.211093E-02
  1.220000E-01 -7.520288E-02
  1.230000E-01 -6.846635E-02
  1.240000E-01 -6.188708E-02
  1.250000E-01 -5.545320E-02
  1.260000E-01 -4.915607E-02
  1.270000E-01 -4.299104E-02
  1.280000E-01 -3.695798E-02
  1.290000E-01 -3.106146E-02
  1.300000E-01 -2.531083E-02
  1.310000E-01 -1.971998E-02
  1.320000E-01 -1.430692E-02
  1.330000E-01 -9.093176E-03
  1.340000E-01 -4.103005E-03
  1.350000E-01  6.374780E-04
  1.360000E-01  5.101294E-03
  1.370000E-01  9.261622E-03
  1.380000E-01  1.309284E-02
  1.390000E-01  1.657151E-02
  1.400000E-01  1.967735E-02
  1.410000E-01  2.239403E-02
  1.420000E-01  2.470990E-02
  1.430000E-01  2.661854E-02
  1.440000E-01  2.811913E-02
  1.450000E-01  2.921668E-02
  1.460000E-01  2.992204E-02
  1.470000E-01  3.025171E-02
  1.480000E-01  3.022754E-02
  1.490000E-01  2.987624E-02
  1.500000E-01  2.922870E-02
  1.510000E-01  2.831931E-02
  1.520000E-01  2.718505E-02
  1.530000E-01  2.586465E-02
  1.540000E-01  2.439764E-02
  1.550000E-01  2.282343E-02
  1.560000E-01  2.118040E-02
  1.570000E-01  1.950510E-02
  1.580000E-01  1.783146E-02
  1.590000E-01  1.619016E-02
  1.600000E-01  1.460807E-02
  1.610000E-01  1.310789E-02
  1.620000E-01  1.170788E-02
  1.630000E-01  1.042171E-02
  1.640000E-01  9.258501E-03
  1.650000E-01  8.222989E-03
  1.660000E-01  7.315763E-03
  1.670000E-01  6.533657E-03
  1.680000E-01  5.870202E-03
  1.690000E-01  5.316156E-03
  1.700000E-01  4.860067E-03
  1.710000E-01  4.488875E-03
  1.720000E-01  4.188495E-03
  1.730000E-01  3.944397E-03
  1.740000E-01  3.742140E-03
  1.750000E-01  3.567850E-03
  1.760000E-01  3.408630E-03
  1.770000E-01  3.252898E-03
  1.780000E-01  3.090626E-03
  1.790000E-01  2.913504E-03
  1.800000E-01  2.715007E-03
  1.810000E-01  2.490382E-03
  1.820000E-01  2.236555E-03
  1.830000E-01  1.951975E-03
  1.840000E-01  1.636398E-03
  1.850000E-01  1.290633E-03
  1.860000E-01  9.162575E-04
  1.870000E-01  5.153250E-04
  1.880000E-01  9.007190E-05
  1.890000E-01 -3.573575E-04
  1.900000E-01 -8.251578E-04
  1.910000E-01 -1.312069E-03
  1.920000E-01 -1.817536E-03
  1.930000E-01 -2.341815E-03
  1.940000E-01 -2.886023E-03
  1.950000E-01 -3.452128E-03
  1.960000E-01 -4.042894E-03
  1.970000E-01 -4.661767E-03
  1.980000E-01 -5.312725E-03
  1.990000E-01 -6.000095E-03
  2.000000E-01 -6.728349E-03
  2.010000E-01 -7.501884E-03
  2.020000E-01 -8.324812E-03
  2.030000E-01 -9.200756E-03
  2.040000E-01 -1.013267E-02
  2.050000E-01 -1.112271E-02
  2.060000E-01 -1.217209E-02
  2.070000E-01 -1.328108E-02
  2.080000E-01 -1.444896E-02
  2.090000E-01 -1.567408E-02
  2.100000E-01 -1.695394E-02
  2.110000E-01 -1.828537E-02
  2.120000E-01 -1.966466E-02
  2.130000E-01 -2.108782E-02
  2.140000E-01 -2.255078E-02
  2.150000E-01 -2.404966E-02
  2.160000E-01 -2.558099E-02
  2.170000E-01 -2.714193E-02
  2.180000E-01 -2.873053E-02
  2.190000E-01 -3.034579E-02
  2.200000E-01 -3.198787E-02
  2.210000E-01 -3.365806E-02
  2.220000E-01 -3.535884E-02
  2.230000E-01 -3.709372E-02
  2.240000E-01 -3.886717E-02
  2.250000E-01 -4.068436E-02
  2.260000E-01 -4.255088E-02
  2.270000E-01 -4.447242E-02
  2.280000E-01 -4.645438E-02
  2.290000E-01 -4.850149E-02
  2.300000E-01 -5.061733E-02
  2.310000E-01 -5.280394E-02
  2.320000E-01 -5.506139E-02
  2.330000E-01 -5.738740E-02
  2.340000E-01 -5.977701E-02
  2.350000E-01 -6.222232E-02
  2.360000E-01 -6.471224E-02
  2.370000E-01 -6.723246E-02
  2.380000E-01 -6.976541E-02
  2.390000E-01 -7.229033E-02
  2.400000E-01 -7.478353E-02
  2.410000E-01 -7.721864E-02
  2.420000E-01 -7.956706E-02
  2.430000E-01 -8.179844E-02
  2.440000E-01 -8.388126E-02
  2.450000E-01 -8.578347E-02
  2.460000E-01 -8.747318E-02
  2.470000E-01 -8.891938E-02
  2.480000E-01 -9.009266E-02
  2.490000E-01 -9.096591E-02
  2.500000E-01 -9.151500E-02
  2.510000E-01 -9.171938E-02
  2.520000E-01 -9.156262E-02
  2.530000E-01 -9.103285E-02
  2.540000E-01 -9.012304E-02
  2.550000E-01 -8.883125E-02
  2.560000E-01 -8.716070E-02
  2.570000E-01 -8.511966E-02
  2.580000E-01 -8.272127E-02
  2.590000E-01 -7.998326E-02
  2.600000E-01 -7.692741E-02
  2.610000E-01 -7.357909E-02
  2.620000E-01 -6.996654E-02
  2.630000E-01 -6.612020E-02
  2.640000E-01 -6.207191E-02
  2.650000E-01 -5.785416E-02
  2.660000E-01 -5.349927E-02
  2.670000E-01 -4.903862E-02
  2.680000E-01 -4.450198E-02
  2.690000E-01 -3.991682E-02
  2.700000E-01 -3.530776E-02
  2.710000E-01 -3.069619E-02
  2.720000E-01 -2.609988E-02
  2.730000E-01 -2.153284E-02
  2.740000E-01 -1.700527E-02
  2.750000E-01 -1.252365E-02
  2.760000E-01 -8.091010E-03
  2.770000E-01 -3.707223E-03
  2.780000E-01  6.304574E-04
  2.790000E-01  4.926852E-03
  2.800000E-01  9.188202E-03
  2.810000E-01  1.342147E-02
  2.820000E-01  1.763361E-02
  2.830000E-01  2.183082E-02
  2.840000E-01  2.601788E-02
  2.850000E-01  3.019743E-02
  2.860000E-01  3.436947E-02
  2.870000E-01  3.853082E-02
  2.880000E-01  4.267479E-02
  2.890000E-01  4.679095E-02
  2.900000E-01  5.086505E-02
  2.910000E-01  5.487909E-02
  2.920000E-01  5.881153E-02
  2.930000E-01  6.263768E-02
  2.940000E-01  6.633020E-02
  2.950000E-01  6.985977E-02
  2.960000E-01  7.319577E-02
  2.970000E-01  7.630718E-02
  2.980000E-01  7.916345E-02
  2.990000E-01  8.173539E-02
  3.000000E-01  8.399616E-02
  3.010000E-01  8.592213E-02
  3.020000E-01  8.749373E-02
  3.030000E-01  8.869622E-02
  3.040000E-01  8.952033E-02
  3.050000E-01  8.996278E-02
  3.060000E-01  9.002663E-02
  3.070000E-01  8.972147E-02
  3.080000E-01  8.906348E-02
  3.090000E-01  8.807517E-02
  3.100000E-01  8.678512E-02
  3.110000E-01  8.522740E-02
  3.120000E-01  8.344091E-02
  3.130000E-01  8.146855E-02
  3.140000E-01  7.935624E-02
  3.150000E-01  7.715191E-02
  3.160000E-01  7.490436E-02
  3.170000E-01  7.266212E-02
  3.180000E-01  7.047227E-02
  3.190000E-01  6.837935E-02
  3.200000E-01  6.642428E-02
  3.210000E-01  6.464338E-02
  3.220000E-01  6.306751E-02
  3.230000E-01  6.172141E-02
  3.240000E-01  6.062309E-02
  3.250000E-01  5.978352E-02
  3.260000E-01  5.920642E-02
  3.270000E-01  5.888830E-02
  3.280000E-01  5.881865E-02
  3.290000E-01  5.898035E-02
  3.300000E-01  5.935025E-02
  3.310000E-01  5.989986E-02
  3.320000E-01  6.059620E-02
  3.330000E-01  6.140282E-02
  3.340000E-01  6.228075E-02
  3.350000E-01  6.318966E-02
  3.360000E-01  6.408890E-02
  3.370000E-01  6.493864E-02
  3.380000E-01  6.570084E-02
  3.390000E-01  6.634023E-02
  3.400000E-01  6.682516E-02
  3.410000E-01  6.712832E-02
  3.420000E-01  6.722731E-02
  3.430000E-01  6.710504E-02
  3.440000E-01  6.674997E-02
  3.450000E-01  6.615619E-02
  3.460000E-01  6.532331E-02
  3.470000E-01  6.425619E-02
  3.480000E-01  6.296449E-02
  3.490000E-01  6.146216E-02
  3.500000E-01  5.976671E-02
  3.510000E-01  5.789850E-02
  3.520000E-01  5.587989E-02
  3.530000E-01  5.373434E-02
  3.540000E-01  5.148563E-02
  3.550000E-01  4.915693E-02
  3.560000E-01  4.677006E-02
  3.570000E-01  4.434473E-02
  3.580000E-01  4.189797E-02
  3.590000E-01  3.944362E-02
  3.600000E-01  3.699193E-02
  3.610000E-01  3.454939E-02
  3.620000E-01  3.211865E-02
  3.630000E-01  2.969858E-02
  3.640000E-01  2.728454E-02
  3.650000E-01  2.486869E-02
  3.660000E-01  2.244057E-02
  3.670000E-01  1.998761E-02
  3.680000E-01  1.749587E-02
  3.690000E-01  1.495075E-02
  3.700000E-01  1.233781E-02
  3.710000E-01  9.643506E-03
  3.720000E-01  6.855987E-03
  3.730000E-01  3.965814E-03
  3.740000E-01  9.666082E-04
  3.750000E-01 -2.144393E-03
  3.760000E-01 -5.365890E-03
  3.770000E-01 -8.692202E-03
  3.780000E-01 -1.211309E-02
  3.790000E-01 -1.561374E-02
  3.800000E-01 -1.917487E-02
  3.810000E-01 -2.277298E-02
  3.820000E-01 -2.638080E-02
  3.830000E-01 -2.996782E-02
  3.840000E-01 -3.350089E-02
  3.850000E-01 -3.694504E-02
  3.860000E-01 -4.026421E-02
  3.870000E-01 -4.342221E-02
  3.880000E-01 -4.638351E-02
  3.890000E-01 -4.911418E-02
  3.900000E-01 -5.158272E-02
  3.910000E-01 -5.376087E-02
  3.920000E-01 -5.562428E-02
  3.930000E-01 -5.715319E-02
  3.940000E-01 -5.833287E-02
  3.950000E-01 -5.915402E-02
  3.960000E-01 -5.961297E-02
  3.970000E-01 -5.971179E-02
  3.980000E-01 -5.945817E-02
  3.990000E-01 -5.886523E-02
  4.000000E-01 -5.795118E-02
  4.010000E-01 -5.673879E-02
  4.020000E-01 -5.525484E-02
  4.030000E-01 -5.352941E-02
  4.040000E-01 -5.159513E-02
  4.050000E-01 -4.948635E-02
  4.060000E-01 -4.723836E-02
  4.070000E-01 -4.488647E-02
  4.080000E-01 -4.246530E-02
  4.090000E-01 -4.000792E-02
  4.100000E-01 -3.754522E-02
  4.110000E-01 -3.510523E-02
  4.120000E-01 -3.271269E-02
  4.130000E-01 -3.038855E-02
  4.140000E-01 -2.814979E-02
  4.150000E-01 -2.600920E-02
  4.160000E-01 -2.397538E-02
  4.170000E-01 -2.205285E-02
  4.180000E-01 -2.024226E-02
  4.190000E-01 -1.854074E-02
  4.200000E-01 -1.694227E-02
  4.210000E-01 -1.543824E-02
  4.220000E-01 -1.401797E-02
  4.230000E-01 -1.266933E-02
  4.240000E-01 -1.137937E-02
  4.250000E-01 -1.013490E-02
  4.260000E-01 -8.923149E-03
  4.270000E-01 -7.732268E-03
  4.280000E-01 -6.551878E-03
  4.290000E-01 -5.373480E-03
  4.300000E-01 -4.190809E-03
  4.310000E-01 -3.000092E-03
  4.320000E-01 -1.800196E-03
  4.330000E-01 -5.926840E-04
  4.340000E-01  6.182335E-04
  4.350000E-01  1.825850E-03
  4.360000E-01  3.021202E-03
  4.370000E-01  4.193390E-03
  4.380000E-01  5.329966E-03
  4.390000E-01  6.417386E-03
  4.400000E-01  7.441488E-03
  4.410000E-01  8.388002E-03
  4.420000E-01  9.243059E-03
  4.430000E-01  9.993695E-03
  4.440000E-01  1.062832E-02
  4.450000E-01  1.113713E-02
  4.460000E-01  1.151252E-02
  4.470000E-01  1.174933E-02
  4.480000E-01  1.184508E-02
  4.490000E-01  1.180014E-02
  4.500000E-01  1.161775E-02
  4.510000E-01  1.130396E-02
  4.520000E-01  1.086754E-02
  4.530000E-01  1.031976E-02
  4.540000E-01  9.674062E-03
  4.550000E-01  8.945768E-03
  4.560000E-01  8.151630E-03
  4.570000E-01  7.309402E-03
  4.580000E-01  6.437364E-03
  4.590000E-01  5.553835E-03
  4.600000E-01  4.676695E-03
  4.610000E-01  3.822924E-03
  4.620000E-01  3.008169E-03
  4.630000E-01  2.246361E-03
  4.640000E-01  1.549388E-03
  4.650000E-01  9.268282E-04
  4.660000E-01  3.857648E-04
  4.670000E-01 -6.933223E-05
  4.680000E-01 -4.366377E-04
  4.690000E-01 -7.169272E-04
  4.700000E-01 -9.134557E-04
  4.710000E-01 -1.031766E-03
  4.720000E-01 -1.079432E-03
  4.730000E-01 -1.065748E-03
  4.740000E-01 -1.001374E-03
  4.750000E-01 -8.979485E-04
  4.760000E-01 -7.676796E-04
  4.770000E-01 -6.229317E-04
  4.780000E-01 -4.758173E-04
  4.790000E-01 -3.378072E-04
  4.800000E-01 -2.193713E-04
  4.810000E-01 -1.296604E-04
  4.820000E-01 -7.623791E-05
  4.830000E-01 -6.486928E-05
  4.840000E-01 -9.937418E-05
  4.850000E-01 -1.815453E-04
  4.860000E-01 -3.111346E-04
  4.870000E-01 -4.859072E-04
  4.880000E-01 -7.017584E-04
  4.890000E-01 -9.528912E-04
  4.900000E-01 -1.232045E-03
  4.910000E-01 -1.530773E-03
  4.920000E-01 -1.839747E-03
  4.930000E-01 -2.149097E-03
  4.940000E-01 -2.448763E-03
  4.950000E-01 -2.728840E-03
  4.960000E-01 -2.979932E-03
  4.970000E-01 -3.193476E-03
  4.980000E-01 -3.362042E-03
  4.990000E-01 -3.479591E-03
  5.000000E-01 -3.541702E-03
  5.010000E-01 -3.545727E-03
  5.020000E-01 -3.490913E-03
  5.030000E-01 -3.378447E-03
  5.040000E-01 -3.211456E-03
  5.050000E-01 -2.994936E-03
  5.060000E-01 -2.735638E-03
  5.070000E-01 -2.441886E-03
  5.080000E-01 -2.123367E-03
  5.090000E-01 -1.790861E-03
  5.100000E-01 -1.455956E-03
  5.110000E-01 -1.130732E-03
  5.120000E-01 -8.274273E-04
  5.130000E-01 -5.581068E-04
  5.140000E-01 -3.343326E-04
  5.150000E-01 -1.668467E-04
  5.160000E-01 -6.527840E-05
  5.170000E-01 -3.788125E-05
  5.180000E-01 -9.130724E-05
  5.190000E-01 -2.304246E-04
  5.200000E-01 -4.581827E-04
  5.210000E-01 -7.755285E-04
  5.220000E-01 -1.181374E-03
  5.230000E-01 -1.672620E-03
  5.240000E-01 -2.244222E-03
  5.250000E-01 -2.889321E-03
  5.260000E-01 -3.599400E-03
  5.270000E-01 -4.364497E-03
  5.280000E-01 -5.173443E-03
  5.290000E-01 -6.014127E-03
  5.300000E-01 -6.873787E-03
  5.310000E-01 -7.739305E-03
  5.320000E-01 -8.597514E-03
  5.330000E-01 -9.435497E-03
  5.340000E-01 -1.024087E-02
  5.350000E-01 -1.100207E-02
  5.360000E-01 -1.170858E-02
  5.370000E-01 -1.235113E-02
  5.380000E-01 -1.292193E-02
  5.390000E-01 -1.341475E-02
  5.400000E-01 -1.382506E-02
  5.410000E-01 -1.415006E-02
  5.420000E-01 -1.438868E-02
  5.430000E-01 -1.454160E-02
  5.440000E-01 -1.461110E-02
  5.450000E-01 -1.460099E-02
  5.460000E-01 -1.451648E-02
  5.470000E-01 -1.436392E-02
  5.480000E-01 -1.415071E-02
  5.490000E-01 -1.388496E-02
  5.500000E-01 -1.357533E-02
  5.510000E-01 -1.323075E-02
  5.520000E-01 -1.286019E-02
  5.530000E-01 -1.247241E-02
  5.540000E-01 -1.207572E-02
  5.550000E-01 -1.167779E-02
  5.560000E-01 -1.128547E-02
  5.570000E-01 -1.090457E-02
  5.580000E-01 -1.053981E-02
  5.590000E-01 -1.019466E-02
  5.600000E-01 -9.871305E-03
  5.610000E-01 -9.570608E-03
  5.620000E-01 -9.292138E-03
  5.630000E-01 -9.034205E-03
  5.640000E-01 -8.793946E-03
  5.650000E-01 -8.567442E-03
  5.660000E-01 -8.349859E-03
  5.670000E-01 -8.135617E-03
  5.680000E-01 -7.918580E-03
  5.690000E-01 -7.692257E-03
  5.700000E-01 -7.450018E-03
  5.710000E-01 -7.185309E-03
  5.720000E-01 -6.891864E-03
  5.730000E-01 -6.563920E-03
  5.740000E-01 -6.196401E-03
  5.750000E-01 -5.785104E-03
  5.760000E-01 -5.326841E-03
  5.770000E-01 -4.819572E-03
  5.780000E-01 -4.262493E-03
  5.790000E-01 -3.656101E-03
  5.800000E-01 -3.002215E-03
  5.810000E-01 -2.303966E-03
  5.820000E-01 -1.565749E-03
  5.830000E-01 -7.931399E-04
  5.840000E-01  7.225217E-06
  5.850000E-01  8.277945E-04
  5.860000E-01  1.660278E-03
  5.870000E-01  2.495848E-03
  5.880000E-01  3.325351E-03
  5.890000E-01  4.139543E-03
  5.900000E-01  4.929319E-03
  5.910000E-01  5.685957E-03
  5.920000E-01  6.401338E-03
  5.930000E-01  7.068172E-03
  5.940000E-01  7.680192E-03
  5.950000E-01  8.232335E-03
  5.960000E-01  8.720880E-03
  5.970000E-01  9.143571E-03
  5.980000E-01  9.499682E-03
  5.990000E-01  9.790064E-03
  6.000000E-01  1.001713E-02
  6.010000E-01  1.018482E-02
  6.020000E-01  1.029850E-02
  6.030000E-01  1.036484E-02
  6.040000E-01  1.039164E-02
  6.050000E-01  1.038767E-02
  6.060000E-01  1.036238E-02
  6.070000E-01  1.032571E-02
  6.080000E-01  1.028779E-02
  6.090000E-01  1.025867E-02
  6.100000E-01  1.024806E-02
  6.110000E-01  1.026504E-02
  6.120000E-01  1.031781E-02
  6.130000E-01  1.041344E-02
  6.140000E-01  1.055767E-02
  6.150000E-01  1.075470E-02
  6.160000E-01  1.100710E-02
  6.170000E-01  1.131564E-02
  6.180000E-01  1.167931E-02
  6.190000E-01  1.209523E-02
  6.200000E-01  1.255878E-02
  6.210000E-01  1.306361E-02
  6.220000E-01  1.360182E-02
  6.230000E-01  1.416414E-02
  6.240000E-01  1.474010E-02
  6.250000E-01  1.531835E-02
  6.260000E-01  1.588688E-02
  6.270000E-01  1.643337E-02
  6.280000E-01  1.694543E-02
  6.290000E-01  1.741097E-02
  6.300000E-01  1.781850E-02
  6.310000E-01  1.815740E-02
  6.320000E-01  1.841820E-02
  6.330000E-01  1.859285E-02
  6.340000E-01  1.867489E-02
  6.350000E-01  1.865963E-02
  6.360000E-01  1.854429E-02
  6.370000E-01  1.832802E-02
  6.380000E-01  1.801197E-02
  6.390000E-01  1.759923E-02
  6.400000E-01  1.709472E-02
  6.410000E-01  1.650509E-02
  6.420000E-01  1.583852E-02
  6.430000E-01  1.510449E-02
  6.440000E-01  1.431351E-02
  6.450000E-01  1.347688E-02
  6.460000E-01  1.260632E-02
  6.470000E-01  1.171371E-02
  6.480000E-01  1.081073E-02
  6.490000E-01  9.908588E-03
  6.500000E-01  9.017689E-03
  6.510000E-01  8.147395E-03
  6.520000E-01  7.305778E-03
  6.530000E-01  6.499426E-03
  6.540000E-01  5.733295E-03
  6.550000E-01  5.010602E-03
  6.560000E-01  4.332784E-03
  6.570000E-01  3.699499E-03
  6.580000E-01  3.108686E-03
  6.590000E-01  2.556678E-03
  6.600000E-01  2.038360E-03
  6.610000E-01  1.547373E-03
  6.620000E-01  1.076358E-03
  6.630000E-01  6.172223E-04
  6.640000E-01  1.614400E-04
  6.650000E-01 -2.996441E-04
  6.660000E-01 -7.745004E-04
  6.670000E-01 -1.271107E-03
  6.680000E-01 -1.796659E-03
  6.690000E-01 -2.357292E-03
  6.700000E-01 -2.957851E-03
  6.710000E-01 -3.601683E-03
  6.720000E-01 -4.290488E-03
  6.730000E-01 -5.024204E-03
  6.740000E-01 -5.800959E-03
  6.750000E-01 -6.617072E-03
  6.760000E-01 -7.467105E-03
  6.770000E-01 -8.343972E-03
  6.780000E-01 -9.239104E-03
  6.790000E-01 -1.014264E-02
  6.800000E-01 -1.104370E-02
  6.810000E-01 -1.193063E-02
  6.820000E-01 -1.279131E-02
  6.830000E-01 -1.361350E-02
  6.840000E-01 -1.438515E-02
  6.850000E-01 -1.509470E-02
  6.860000E-01 -1.573142E-02
  6.870000E-01 -1.628571E-02
  6.880000E-01 -1.674934E-02
  6.890000E-01 -1.711565E-02
  6.900000E-01 -1.737980E-02
  6.910000E-01 -1.753885E-02
  6.920000E-01 -1.759185E-02
  6.930000E-01 -1.753990E-02
  6.940000E-01 -1.738606E-02
  6.950000E-01 -1.713535E-02
  6.960000E-01 -1.679454E-02
  6.970000E-01 -1.637202E-02
  6.980000E-01 -1.587759E-02
  6.990000E-01 -1.532214E-02
  7.000000E-01 -1.471743E-02
  7.010000E-01 -1.407576E-02
  7.020000E-01 -1.340966E-02
  7.030000E-01 -1.273158E-02
  7.040000E-01 -1.205355E-02
  7.050000E-01 -1.138696E-02
  7.060000E-01 -1.074219E-02
  7.070000E-01 -1.012846E-02
  7.080000E-01 -9.553599E-03
  7.090000E-01 -9.023868E-03
  7.100000E-01 -8.543875E-03
  7.110000E-01 -8.116506E-03
  7.120000E-01 -7.742908E-03
  7.130000E-01 -7.422530E-03
  7.140000E-01 -7.153205E-03
  7.150000E-01 -6.931276E-03
  7.160000E-01 -6.751769E-03
  7.170000E-01 -6.608583E-03
  7.180000E-01 -6.494725E-03
  7.190000E-01 -6.402553E-03
  7.200000E-01 -6.324033E-03
  7.210000E-01 -6.251004E-03
  7.220000E-01 -6.175431E-03
  7.230000E-01 -6.089656E-03
  7.240000E-01 -5.986621E-03
  7.250000E-01 -5.860072E-03
  7.260000E-01 -5.704729E-03
  7.270000E-01 -5.516422E-03
  7.280000E-01 -5.292189E-03
  7.290000E-01 -5.030332E-03
  7.300000E-01 -4.730432E-03
  7.310000E-01 -4.393325E-03
  7.320000E-01 -4.021038E-03
  7.330000E-01 -3.616686E-03
  7.340000E-01 -3.184346E-03
  7.350000E-01 -2.728894E-03
  7.360000E-01 -2.255827E-03
  7.370000E-01 -1.771066E-03
  7.380000E-01 -1.280757E-03
  7.390000E-01 -7.910636E-04
  7.400000E-01 -3.079681E-04
  7.410000E-01  1.629178E-04
  7.420000E-01  6.165233E-04
  7.430000E-01  1.048469E-03
  7.440000E-01  1.455188E-03
  7.450000E-01  1.834020E-03
  7.460000E-01  2.183274E-03
  7.470000E-01  2.502248E-03
  7.480000E-01  2.791232E-03
  7.490000E-01  3.051463E-03
  7.500000E-01  3.285056E-03
  7.510000E-01  3.494906E-03
  7.520000E-01  3.684568E-03
  7.530000E-01  3.858112E-03
  7.540000E-01  4.019971E-03
  7.550000E-01  4.174775E-03
  7.560000E-01  4.327180E-03
  7.570000E-01  4.481702E-03
  7.580000E-01  4.642562E-03
  7.590000E-01  4.813534E-03
  7.600000E-01  4.997820E-03
  7.610000E-01  5.197939E-03
  7.620000E-01  5.415644E-03
  7.630000E-01  5.651866E-03
  7.640000E-01  5.906683E-03
  7.650000E-01  6.179317E-03
  7.660000E-01  6.468168E-03
  7.670000E-01  6.770859E-03
  7.680000E-01  7.084321E-03
  7.690000E-01  7.404887E-03
  7.700000E-01  7.728412E-03
  7.710000E-01  8.050404E-03
  7.720000E-01  8.366161E-03
  7.730000E-01  8.670918E-03
  7.740000E-01  8.959990E-03
  7.750000E-01  9.228910E-03
  7.760000E-01  9.473557E-03
  7.770000E-01  9.690276E-03
  7.780000E-01  9.875974E-03
  7.790000E-01  1.002820E-02
  7.800000E-01  1.014520E-02
  7.810000E-01  1.022596E-02
  7.820000E-01  1.027021E-02
  7.830000E-01  1.027840E-02
  7.840000E-01  1.025168E-02
  7.850000E-01  1.019184E-02
  7.860000E-01  1.010124E-02
  7.870000E-01  9.982708E-03
  7.880000E-01  9.839428E-03
  7.890000E-01  9.674856E-03
  7.900000E-01  9.492586E-03
  7.910000E-01  9.296235E-03
  7.920000E-01  9.089333E-03
  7.930000E-01  8.875218E-03
  7.940000E-01  8.656934E-03
  7.950000E-01  8.437155E-03
  7.960000E-01  8.218119E-03
  7.970000E-01  8.001573E-03
  7.980000E-01  7.788751E-03
  7.990000E-01  7.580360E-03
  8.000000E-01  7.376589E-03
  8.010000E-01  7.177139E-03
  8.020000E-01  6.981265E-03
  8.030000E-01  6.787840E-03
  8.040000E-01  6.595425E-03
  8.050000E-01  6.402349E-03
  8.060000E-01  6.206804E-03
  8.070000E-01  6.006935E-03
  8.080000E-01  5.800929E-03
  8.090000E-01  5.587110E-03
  8.100000E-01  5.364016E-03
  8.110000E-01  5.130477E-03
  8.120000E-01  4.885674E-03
  8.130000E-01  4.629188E-03
  8.140000E-01  4.361029E-03
  8.150000E-01  4.081658E-03
  8.160000E-01  3.791981E-03
  8.170000E-01  3.493336E-03
  8.180000E-01  3.187457E-03
  8.190000E-01  2.876429E-03
  8.200000E-01  2.562626E-03
  8.210000E-01  2.248643E-03
  8.220000E-01  1.937216E-03
  8.230000E-01  1.631142E-03
  8.240000E-01  1.333187E-03
  8.250000E-01  1.046007E-03
  8.260000E-01  7.720669E-04
  8.270000E-01  5.135598E-04
  8.280000E-01  2.723474E-04
  8.290000E-01  4.990205E-05
  8.300000E-01 -1.527343E-04
  8.310000E-01 -3.349783E-04
  8.320000E-01 -4.967176E-04
  8.330000E-01 -6.383085E-04
  8.340000E-01 -7.605580E-04
  8.350000E-01 -8.646918E-04
  8.360000E-01 -9.523089E-04
  8.370000E-01 -1.025324E-03
  8.380000E-01 -1.085902E-03
  8.390000E-01 -1.136382E-03
  8.400000E-01 -1.179200E-03
  8.410000E-01 -1.216806E-03
  8.420000E-01 -1.251586E-03
  8.430000E-01 -1.285780E-03
  8.440000E-01 -1.321414E-03
  8.450000E-01 -1.360234E-03
  8.460000E-01 -1.403650E-03
  8.470000E-01 -1.452698E-03
  8.480000E-01 -1.508004E-03
  8.490000E-01 -1.569775E-03
  8.500000E-01 -1.637788E-03
  8.510000E-01 -1.711412E-03
  8.520000E-01 -1.789625E-03
  8.530000E-01 -1.871057E-03
  8.540000E-01 -1.954037E-03
  8.550000E-01 -2.036651E-03
  8.560000E-01 -2.116812E-03
  8.570000E-01 -2.192326E-03
  8.580000E-01 -2.260971E-03
  8.590000E-01 -2.320572E-03
  8.600000E-01 -2.369072E-03
  8.610000E-01 -2.404604E-03
  8.620000E-01 -2.425557E-03
  8.630000E-01 -2.430625E-03
  8.640000E-01 -2.418860E-03
  8.650000E-01 -2.389706E-03
  8.660000E-01 -2.343021E-03
  8.670000E-01 -2.279088E-03
  8.680000E-01 -2.198618E-03
  8.690000E-01 -2.102731E-03
  8.700000E-01 -1.992935E-03
  8.710000E-01 -1.871087E-03
  8.720000E-01 -1.739349E-03
  8.730000E-01 -1.600136E-03
  8.740000E-01 -1.456051E-03
  8.750000E-01 -1.309823E-03
  8.760000E-01 -1.164239E-03
  8.770000E-01 -1.022076E-03
  8.780000E-01 -8.860326E-04
  8.790000E-01 -7.586655E-04
  8.800000E-01 -6.423300E-04
  8.810000E-01 -5.391264E-04
  8.820000E-01 -4.508546E-04
  8.830000E-01 -3.789765E-04
  8.840000E-01 -3.245882E-04
  8.850000E-01 -2.884019E-04
  8.860000E-01 -2.707379E-04
  8.870000E-01 -2.715258E-04
  8.880000E-01 -2.903159E-04
  8.890000E-01 -3.262992E-04
  8.900000E-01 -3.783353E-04
  8.910000E-01 -4.449868E-04
  8.920000E-01 -5.245605E-04
  8.930000E-01 -6.151521E-04
  8.940000E-01 -7.146947E-04
  8.950000E-01 -8.210080E-04
  8.960000E-01 -9.318495E-04
  8.970000E-01 -1.044963E-03
  8.980000E-01 -1.158127E-03
  8.990000E-01 -1.269198E-03
  9.000000E-01 -1.376151E-03
  9.010000E-01 -1.477113E-03
  9.020000E-01 -1.570397E-03
  9.030000E-01 -1.654523E-03
  9.040000E-01 -1.728235E-03
  9.050000E-01 -1.790515E-03
  9.060000E-01 -1.840590E-03
  9.070000E-01 -1.877929E-03
  9.080000E-01 -1.902242E-03
  9.090000E-01 -1.913464E-03
  9.100000E-01 -1.911751E-03
  9.110000E-01 -1.897451E-03
  9.120000E-01 -1.871092E-03
  9.130000E-01 -1.833357E-03
  9.140000E-01 -1.785059E-03
  9.150000E-01 -1.727117E-03
  9.160000E-01 -1.660529E-03
  9.170000E-01 -1.586353E-03
  9.180000E-01 -1.505675E-03
  9.190000E-01 -1.419592E-03
  9.200000E-01 -1.329192E-03
  9.210000E-01 -1.235528E-03
  9.220000E-01 -1.139607E-03
  9.230000E-01 -1.042374E-03
  9.240000E-01 -9.446969E-04
  9.250000E-01 -8.473579E-04
  9.260000E-01 -7.510447E-04
  9.270000E-01 -6.563442E-04
  9.280000E-01 -5.637389E-04
  9.290000E-01 -4.736050E-04
  9.300000E-01 -3.862119E-04
  9.310000E-01 -3.017251E-04
  9.320000E-01 -2.202091E-04
  9.330000E-01 -1.416332E-04
  9.340000E-01 -6.587882E-05
  9.350000E-01  7.252136E-06
  9.360000E-01  7.802695E-05
  9.370000E-01  1.467706E-04
  9.380000E-01  2.138531E-04
  9.390000E-01  2.796756E-04
  9.400000E-01  3.446555E-04
  9.410000E-01  4.092115E-04
  9.420000E-01  4.737472E-04
  9.430000E-01  5.386355E-04
  9.440000E-01  6.042026E-04
  9.450000E-01  6.707131E-04
  9.460000E-01  7.383551E-04
  9.470000E-01  8.072277E-04
  9.480000E-01  8.773297E-04
  9.490000E-01  9.485500E-04
  9.500000E-01  1.020662E-03
  9.510000E-01  1.093318E-03
  9.520000E-01  1.166052E-03
  9.530000E-01  1.238279E-03
  9.540000E-01  1.309301E-03
  9.550000E-01  1.378322E-03
  9.560000E-01  1.444454E-03
  9.570000E-01  1.506742E-03
  9.580000E-01  1.564176E-03
  9.590000E-01  1.615719E-03
  9.600000E-01  1.660331E-03
  9.610000E-01  1.696994E-03
  9.620000E-01  1.724741E-03
  9.630000E-01  1.742685E-03
  9.640000E-01  1.750045E-03
  9.650000E-01  1.746174E-03
  9.660000E-01  1.730581E-03
  9.670000E-01  1.702955E-03
  9.680000E-01  1.663181E-03
  9.690000E-01  1.611356E-03
  9.700000E-01  1.547793E-03
  9.710000E-01  1.473031E-03
  9.720000E-01  1.387825E-03
  9.730000E-01  1.293145E-03
  9.740000E-01  1.190159E-03
  9.750000E-01  1.080213E-03
  9.760000E-01  9.648079E-04
  9.770000E-01  8.455705E-04
  9.780000E-01  7.242183E-04
  9.790000E-01  6.025245E-04
  9.800000E-01  4.822783E-04
  9.810000E-01  3.652449E-04
  9.820000E-01  2.531252E-04
  9.830000E-01  1.475155E-04
  9.840000E-01  4.987059E-05
  9.850000E-01 -3.853137E-05
  9.860000E-01 -1.166194E-04
  9.870000E-01 -1.835553E-04
  9.880000E-01 -2.387538E-04
  9.890000E-01 -2.818960E-04
  9.900000E-01 -3.129363E-04
  9.910000E-01 -3.321023E-04
  9.920000E-01 -3.398878E-04
  9.930000E-01 -3.370380E-04
  9.940000E-01 -3.245293E-04
  9.950000E-01 -3.035423E-04
  9.960000E-01 -2.754300E-04
  9.970000E-01 -2.416808E-04
  9.980000E-01 -2.038791E-04
  9.990000E-01 -1.636629E-04
  1.000000E+00 -1.226807E-04
  1.001000E+00 -8.254846E-05
  1.002000E+00 -4.480800E-05
  1.003000E+00 -1.088770E-05
  1.004000E+00  1.793287E-05
  1.005000E+00  4.055376E-05
  1.006000E+00  5.608000E-05
  1.007000E+00  6.384079E-05
  1.008000E+00  6.340198E-05
  1.009000E+00  5.457167E-05
  1.010000E+00  3.739877E-05
  1.011000E+00  1.216461E-05
  1.012000E+00 -2.063186E-05
  1.013000E+00 -6.029506E-05
  1.014000E+00 -1.059589E-04
  1.015000E+00 -1.566175E-04
  1.016000E+00 -2.111593E-04
  1.017000E+00 -2.684036E-04
  1.018000E+00 -3.271381E-04
  1.019000E+00 -3.861571E-04
  1.020000E+00 -4.442983E-04
  1.021000E+00 -5.004771E-04
  1.022000E+00 -5.537189E-04
  1.023000E+00 -6.031862E-04
  1.024000E+00 -6.482015E-04
  1.025000E+00 -6.882651E-04
  1.026000E+00 -7.230662E-04
  1.027000E+00 -7.524896E-04
  1.028000E+00 -7.766146E-04
  1.029000E+00 -7.957093E-04
  1.030000E+00 -8.102190E-04
  1.031000E+00 -8.207497E-04
  1.032000E+00 -8.280469E-04
  1.033000E+00 -8.329715E-04
  1.034000E+00 -8.364725E-04
  1.035000E+00 -8.395577E-04
  1.036000E+00 -8.432644E-04
  1.037000E+00 -8.486291E-04
  1.038000E+00 -8.566593E-04
  1.039000E+00 -8.683063E-04
  1.040000E+00 -8.844408E-04
  1.041000E+00 -9.058323E-04
  1.042000E+00 -9.331313E-04
  1.043000E+00 -9.668565E-04
  1.044000E+00 -1.007386E-03
  1.045000E+00 -1.054952E-03
  1.046000E+00 -1.109641E-03
  1.047000E+00 -1.171400E-03
  1.048000E+00 -1.240039E-03
  1.049000E+00 -1.315247E-03
  1.050000E+00 -1.396600E-03
  1.051000E+00 -1.483582E-03
  1.052000E+00 -1.575597E-03
  1.053000E+00 -1.671989E-03
  1.054000E+00 -1.772058E-03
  1.055000E+00 -1.875076E-03
  1.056000E+00 -1.980305E-03
  1.057000E+00 -2.087006E-03
  1.058000E+00 -2.194457E-03
  1.059000E+00 -2.301958E-03
  1.060000E+00 -2.408839E-03
  1.061000E+00 -2.514466E-03
  1.062000E+00 -2.618242E-03
  1.063000E+00 -2.719609E-03
  1.064000E+00 -2.818044E-03
  1.065000E+00 -2.913061E-03
  1.066000E+00 -3.004203E-03
  1.067000E+00 -3.091041E-03
  1.068000E+00 -3.173168E-03
  1.069000E+00 -3.250198E-03
  1.070000E+00 -3.321761E-03
  1.071000E+00 -3.387506E-03
  1.072000E+00 -3.447095E-03
  1.073000E+00 -3.500214E-03
  1.074000E+00 -3.546571E-03
  1.075000E+00 -3.585903E-03
  1.076000E+00 -3.617988E-03
  1.077000E+00 -3.642648E-03
  1.078000E+00 -3.659764E-03
  1.079000E+00 -3.669285E-03
  1.080000E+00 -3.671240E-03
  1.081000E+00 -3.665744E-03
  1.082000E+00 -3.653014E-03
  1.083000E+00 -3.633370E-03
  1.084000E+00 -3.607244E-03
  1.085000E+00 -3.575177E-03
  1.086000E+00 -3.537822E-03
  1.087000E+00 -3.495937E-03
  1.088000E+00 -3.450373E-03
  1.089000E+00 -3.402064E-03
  1.090000E+00 -3.352008E-03
  1.091000E+00 -3.301245E-03
  1.092000E+00 -3.250833E-03
  1.093000E+00 -3.201821E-03
  1.094000E+00 -3.155221E-03
  1.095000E+00 -3.111974E-03
  1.096000E+00 -3.072922E-03
  1.097000E+00 -3.038777E-03
  1.098000E+00 -3.010093E-03
  1.099000E+00 -2.987242E-03
  1.100000E+00 -2.970388E-03
  1.101000E+00 -2.959477E-03
  1.102000E+00 -2.954218E-03
  1.103000E+00 -2.954086E-03
  1.104000E+00 -2.958315E-03
  1.105000E+00 -2.965915E-03
  1.106000E+00 -2.975683E-03
  1.107000E+00 -2.986227E-03
  1.108000E+00 -2.995996E-03
  1.109000E+00 -3.003315E-03
  1.110000E+00 -3.006425E-03
  1.111000E+00 -3.003530E-03
  1.112000E+00 -2.992840E-03
  1.113000E+00 -2.972628E-03
  1.114000E+00 -2.941273E-03
  1.115000E+00 -2.897312E-03
  1.116000E+00 -2.839483E-03
  1.117000E+00 -2.766770E-03
  1.118000E+00 -2.678438E-03
  1.119000E+00 -2.574058E-03
  1.120000E+00 -2.453535E-03
  1.121000E+00 -2.317117E-03
  1.122000E+00 -2.165399E-03
  1.123000E+00 -1.999314E-03
  1.124000E+00 -1.820121E-03
  1.125000E+00 -1.629376E-03
  1.126000E+00 -1.428902E-03
  1.127000E+00 -1.220738E-03
  1.128000E+00 -1.007095E-03
  1.129000E+00 -7.903007E-04
  1.130000E+00 -5.727351E-04
  1.131000E+00 -3.567712E-04
  1.132000E+00 -1.447104E-04
  1.133000E+00  6.127964E-05
  1.134000E+00  2.592240E-04
  1.135000E+00  4.473957E-04
  1.136000E+00  6.243630E-04
  1.137000E+00  7.890302E-04
  1.138000E+00  9.406684E-04
  1.139000E+00  1.078936E-03
  1.140000E+00  1.203887E-03
  1.141000E+00  1.315971E-03
  1.142000E+00  1.416020E-03
  1.143000E+00  1.505218E-03
  1.144000E+00  1.585074E-03
  1.145000E+00  1.657369E-03
  1.146000E+00  1.724107E-03
  1.147000E+00  1.787450E-03
  1.148000E+00  1.849657E-03
  1.149000E+00  1.913007E-03
  1.150000E+00  1.979738E-03
  1.151000E+00  2.051968E-03
  1.152000E+00  2.131633E-03
  1.153000E+00  2.220423E-03
  1.154000E+00  2.319726E-03
  1.155000E+00  2.430582E-03
  1.156000E+00  2.553647E-03
  1.157000E+00  2.689164E-03
  1.158000E+00  2.836950E-03
  1.159000E+00  2.996394E-03
  1.160000E+00  3.166469E-03
  1.161000E+00  3.345754E-03
  1.162000E+00  3.532464E-03
  1.163000E+00  3.724504E-03
  1.164000E+00  3.919514E-03
  1.165000E+00  4.114936E-03
  1.166000E+00  4.308083E-03
  1.167000E+00  4.496207E-03
  1.168000E+00  4.676577E-03
  1.169000E+00  4.846549E-03
  1.170000E+00  5.003640E-03
  1.171000E+00  5.145596E-03
  1.172000E+00  5.270451E-03
  1.173000E+00  5.376579E-03
  1.174000E+00  5.462739E-03
  1.175000E+00  5.528109E-03
  1.176000E+00  5.572303E-03
  1.177000E+00  5.595384E-03
  1.178000E+00  5.597858E-03
  1.179000E+00  5.580661E-03
  1.180000E+00  5.545127E-03
  1.181000E+00  5.492959E-03
  1.182000E+00  5.426173E-03
  1.183000E+00  5.347047E-03
  1.184000E+00  5.258058E-03
  1.185000E+00  5.161818E-03
  1.186000E+00  5.061000E-03
  1.187000E+00  4.958271E-03
  1.188000E+00  4.856225E-03
  1.189000E+00  4.757313E-03
  1.190000E+00  4.663787E-03
  1.191000E+00  4.577642E-03
  1.192000E+00  4.500574E-03
  1.193000E+00  4.433941E-03
  1.194000E+00  4.378737E-03
  1.195000E+00  4.335578E-03
  1.196000E+00  4.304694E-03
  1.197000E+00  4.285937E-03
  1.198000E+00  4.278795E-03
  1.199000E+00  4.282422E-03
  1.200000E+00  4.295669E-03
  1.201000E+00  4.317127E-03
  1.202000E+00  4.345177E-03
  1.203000E+00  4.378040E-03
  1.204000E+00  4.413835E-03
  1.205000E+00  4.450636E-03
  1.206000E+00  4.486527E-03
  1.207000E+00  4.519657E-03
  1.208000E+00  4.548291E-03
  1.209000E+00  4.570854E-03
  1.210000E+00  4.585973E-03
  1.211000E+00  4.592508E-03
  1.212000E+00  4.589573E-03
  1.213000E+00  4.576559E-03
  1.214000E+00  4.553133E-03
  1.215000E+00  4.519243E-03
  1.216000E+00  4.475104E-03
  1.217000E+00  4.421184E-03
  1.218000E+00  4.358178E-03
  1.219000E+00  4.286982E-03
  1.220000E+00  4.208652E-03
  1.221000E+00  4.124370E-03
  1.222000E+00  4.035405E-03
  1.223000E+00  3.943068E-03
  1.224000E+00  3.848673E-03
  1.225000E+00  3.753496E-03
  1.226000E+00  3.658743E-03
  1.227000E+00  3.565509E-03
  1.228000E+00  3.474756E-03
  1.229000E+00  3.387290E-03
  1.230000E+00  3.303737E-03
  1.231000E+00  3.224539E-03
  1.232000E+00  3.149945E-03
  1.233000E+00  3.080011E-03
  1.234000E+00  3.014609E-03
  1.235000E+00  2.953436E-03
  1.236000E+00  2.896033E-03
  1.237000E+00  2.841803E-03
  1.238000E+00  2.790036E-03
  1.239000E+00  2.739934E-03
  1.240000E+00  2.690639E-03
  1.241000E+00  2.641259E-03
  1.242000E+00  2.590900E-03
  1.243000E+00  2.538686E-03
  1.244000E+00  2.483790E-03
  1.245000E+00  2.425451E-03
  1.246000E+00  2.362999E-03
  1.247000E+00  2.295867E-03
  1.248000E+00  2.223604E-03
  1.249000E+00  2.145888E-03
  1.250000E+00  2.062528E-03
  1.251000E+00  1.973465E-03
  1.252000E+00  1.878777E-03
  1.253000E+00  1.778667E-03
  1.254000E+00  1.673463E-03
  1.255000E+00  1.563606E-03
  1.256000E+00  1.449639E-03
  1.257000E+00  1.332198E-03
  1.258000E+00  1.211995E-03
  1.259000E+00  1.089811E-03
  1.260000E+00  9.664782E-04
  1.261000E+00  8.428676E-04
  1.262000E+00  7.198792E-04
  1.263000E+00  5.984286E-04
  1.264000E+00  4.794365E-04
  1.265000E+00  3.638185E-04
  1.266000E+00  2.524762E-04
  1.267000E+00  1.462886E-04
  1.268000E+00  4.610372E-05
  1.269000E+00 -4.726824E-05
  1.270000E+00 -1.330626E-04
  1.271000E+00 -2.105672E-04
  1.272000E+00 -2.791291E-04
  1.273000E+00 -3.381621E-04
  1.274000E+00 -3.871541E-04
  1.275000E+00 -4.256741E-04
  1.276000E+00 -4.533805E-04
  1.277000E+00 -4.700279E-04
  1.278000E+00 -4.754752E-04
  1.279000E+00 -4.696925E-04
  1.280000E+00 -4.527670E-04
  1.281000E+00 -4.249093E-04
  1.282000E+00 -3.864566E-04
  1.283000E+00 -3.378756E-04
  1.284000E+00 -2.797625E-04
  1.285000E+00 -2.128414E-04
  1.286000E+00 -1.379593E-04
  1.287000E+00 -5.607864E-05
  1.288000E+00  3.173296E-05
  1.289000E+00  1.243164E-04
  1.290000E+00  2.204377E-04
  1.291000E+00  3.188069E-04
  1.292000E+00  4.181003E-04
  1.293000E+00  5.169846E-04
  1.294000E+00  6.141421E-04
  1.295000E+00  7.082981E-04
  1.296000E+00  7.982480E-04
  1.297000E+00  8.828844E-04
  1.298000E+00  9.612229E-04
  1.299000E+00  1.032427E-03
  1.300000E+00  1.095828E-03
  1.301000E+00  1.150946E-03
  1.302000E+00  1.197502E-03
  1.303000E+00  1.235428E-03
  1.304000E+00  1.264872E-03
  1.305000E+00  1.286199E-03
  1.306000E+00  1.299977E-03
  1.307000E+00  1.306976E-03
  1.308000E+00  1.308139E-03
  1.309000E+00  1.304566E-03
  1.310000E+00  1.297483E-03
  1.311000E+00  1.288210E-03
  1.312000E+00  1.278125E-03
  1.313000E+00  1.268628E-03
  1.314000E+00  1.261096E-03
  1.315000E+00  1.256849E-03
  1.316000E+00  1.257110E-03
  1.317000E+00  1.262962E-03
  1.318000E+00  1.275323E-03
  1.319000E+00  1.294909E-03
  1.320000E+00  1.322212E-03
  1.321000E+00  1.357484E-03
  1.322000E+00  1.400721E-03
  1.323000E+00  1.451661E-03
  1.324000E+00  1.509787E-03
  1.325000E+00  1.574337E-03
  1.326000E+00  1.644320E-03
  1.327000E+00  1.718547E-03
  1.328000E+00  1.795654E-03
  1.329000E+00  1.874146E-03
  1.330000E+00  1.952436E-03
  1.331000E+00  2.028886E-03
  1.332000E+00  2.101860E-03
  1.333000E+00  2.169769E-03
  1.334000E+00  2.231115E-03
  1.335000E+00  2.284539E-03
  1.336000E+00  2.328862E-03
  1.337000E+00  2.363120E-03
  1.338000E+00  2.386593E-03
  1.339000E+00  2.398830E-03
  1.340000E+00  2.399667E-03
  1.341000E+00  2.389227E-03
  1.342000E+00  2.367925E-03
  1.343000E+00  2.336455E-03
  1.344000E+00  2.295770E-03
  1.345000E+00  2.247057E-03
  1.346000E+00  2.191701E-03
  1.347000E+00  2.131245E-03
  1.348000E+00  2.067345E-03
  1.349000E+00  2.001718E-03
  1.350000E+00  1.936089E-03
  1.351000E+00  1.872142E-03
  1.352000E+00  1.811461E-03
  1.353000E+00  1.755486E-03
  1.354000E+00  1.705463E-03
  1.355000E+00  1.662403E-03
  1.356000E+00  1.627049E-03
  1.357000E+00  1.599849E-03
  1.358000E+00  1.580936E-03
  1.359000E+00  1.570122E-03
  1.360000E+00  1.566896E-03
  1.361000E+00  1.570435E-03
  1.362000E+00  1.579623E-03
  1.363000E+00  1.593083E-03
  1.364000E+00  1.609208E-03
  1.365000E+00  1.626208E-03
  1.366000E+00  1.642158E-03
  1.367000E+00  1.655055E-03
  1.368000E+00  1.662869E-03
  1.369000E+00  1.663605E-03
  1.370000E+00  1.655359E-03
  1.371000E+00  1.636371E-03
  1.372000E+00  1.605082E-03
  1.373000E+00  1.560169E-03
  1.374000E+00  1.500597E-03
  1.375000E+00  1.425638E-03
  1.376000E+00  1.334902E-03
  1.377000E+00  1.228347E-03
  1.378000E+00  1.106280E-03
  1.379000E+00  9.693533E-04
  1.380000E+00  8.185482E-04
  1.381000E+00  6.551479E-04
  1.382000E+00  4.807054E-04
  1.383000E+00  2.970018E-04
  1.384000E+00  1.059998E-04
  1.385000E+00 -9.020774E-05
  1.386000E+00 -2.894527E-04
  1.387000E+00 -4.895473E-04
  1.388000E+00 -6.883404E-04
  1.389000E+00 -8.837707E-04
  1.390000E+00 -1.073918E-03
  1.391000E+00 -1.257049E-03
  1.392000E+00 -1.431655E-03
  1.393000E+00 -1.596487E-03
  1.394000E+00 -1.750576E-03
  1.395000E+00 -1.893255E-03
  1.396000E+00 -2.024157E-03
  1.397000E+00 -2.143219E-03
  1.398000E+00 -2.250668E-03
  1.399000E+00 -2.346999E-03
  1.400000E+00 -2.432953E-03
  1.401000E+00 -2.509479E-03
  1.402000E+00 -2.577694E-03
  1.403000E+00 -2.638843E-03
  1.404000E+00 -2.694250E-03
  1.405000E+00 -2.745272E-03
  1.406000E+00 -2.793248E-03
  1.407000E+00 -2.839461E-03
  1.408000E+00 -2.885090E-03
  1.409000E+00 -2.931173E-03
  1.410000E+00 -2.978577E-03
  1.411000E+00 -3.027970E-03
  1.412000E+00 -3.079806E-03
  1.413000E+00 -3.134308E-03
  1.414000E+00 -3.191472E-03
  1.415000E+00 -3.251066E-03
  1.416000E+00 -3.312647E-03
  1.417000E+00 -3.375574E-03
  1.418000E+00 -3.439041E-03
  1.419000E+00 -3.502100E-03
  1.420000E+00 -3.563702E-03
  1.421000E+00 -3.622730E-03
  1.422000E+00 -3.678041E-03
  1.423000E+00 -3.728506E-03
  1.424000E+00 -3.773046E-03
  1.425000E+00 -3.810673E-03
  1.426000E+00 -3.840520E-03
  1.427000E+00 -3.861871E-03
  1.428000E+00 -3.874186E-03
  1.429000E+00 -3.877116E-03
  1.430000E+00 -3.870519E-03
  1.431000E+00 -3.854460E-03
  1.432000E+00 -3.829213E-03
  1.433000E+00 -3.795248E-03
  1.434000E+00 -3.753222E-03
  1.435000E+00 -3.703956E-03
  1.436000E+00 -3.648409E-03
  1.437000E+00 -3.587651E-03
  1.438000E+00 -3.522831E-03
  1.439000E+00 -3.455143E-03
  1.440000E+00 -3.385792E-03
  1.441000E+00 -3.315964E-03
  1.442000E+00 -3.246786E-03
  1.443000E+00 -3.179306E-03
  1.444000E+00 -3.114462E-03
  1.445000E+00 -3.053059E-03
  1.446000E+00 -2.995759E-03
  1.447000E+00 -2.943063E-03
  1.448000E+00 -2.895310E-03
  1.449000E+00 -2.852675E-03
  1.450000E+00 -2.815178E-03
  1.451000E+00 -2.782689E-03
  1.452000E+00 -2.754949E-03
  1.453000E+00 -2.731588E-03
  1.454000E+00 -2.712149E-03
  1.455000E+00 -2.696109E-03
  1.456000E+00 -2.682912E-03
  1.457000E+00 -2.671993E-03
  1.458000E+00 -2.662803E-03
  1.459000E+00 -2.654837E-03
  1.460000E+00 -2.647655E-03
  1.461000E+00 -2.640900E-03
  1.462000E+00 -2.634318E-03
  1.463000E+00 -2.627764E-03
  1.464000E+00 -2.621210E-03
  1.465000E+00 -2.614749E-03
  1.466000E+00 -2.608587E-03
  1.467000E+00 -2.603039E-03
  1.468000E+00 -2.598510E-03
  1.469000E+00 -2.595489E-03
  1.470000E+00 -2.594516E-03
  1.471000E+00 -2.596170E-03
  1.472000E+00 -2.601041E-03
  1.473000E+00 -2.609704E-03
  1.474000E+00 -2.622694E-03
  1.475000E+00 -2.640486E-03
  1.476000E+00 -2.663469E-03
  1.477000E+00 -2.691926E-03
  1.478000E+00 -2.726025E-03
  1.479000E+00 -2.765798E-03
  1.480000E+00 -2.811139E-03
  1.481000E+00 -2.861800E-03
  1.482000E+00 -2.917395E-03
  1.483000E+00 -2.977401E-03
  1.484000E+00 -3.041178E-03
  1.485000E+00 -3.107977E-03
  1.486000E+00 -3.176964E-03
  1.487000E+00 -3.247240E-03
  1.488000E+00 -3.317870E-03
  1.489000E+00 -3.387904E-03
  1.490000E+00 -3.456408E-03
  1.491000E+00 -3.522487E-03
  1.492000E+00 -3.585317E-03
  1.493000E+00 -3.644161E-03
  1.494000E+00 -3.698394E-03
  1.495000E+00 -3.747520E-03
  1.496000E+00 -3.791184E-03
  1.497000E+00 -3.829180E-03
  1.498000E+00 -3.861457E-03
  1.499000E+00 -3.888114E-03
  1.500000E+00 -3.909398E-03
  1.501000E+00 -3.925690E-03
  1.502000E+00 -3.937492E-03
  1.503000E+00 -3.945404E-03
  1.504000E+00 -3.950110E-03
  1.505000E+00 -3.952342E-03
  1.506000E+00 -3.952864E-03
  1.507000E+00 -3.952440E-03
  1.508000E+00 -3.951809E-03
  1.509000E+00 -3.951658E-03
  1.510000E+00 -3.952598E-03
  1.511000E+00 -3.955148E-03
  1.512000E+00 -3.959710E-03
  1.513000E+00 -3.966564E-03
  1.514000E+00 -3.975852E-03
  1.515000E+00 -3.987577E-03
  1.516000E+00 -4.001606E-03
  1.517000E+00 -4.017673E-03
  1.518000E+00 -4.035391E-03
  1.519000E+00 -4.054267E-03
  1.520000E+00 -4.073719E-03
  1.521000E+00 -4.093101E-03
  1.522000E+00 -4.111727E-03
  1.523000E+00 -4.128896E-03
  1.524000E+00 -4.143920E-03
  1.525000E+00 -4.156150E-03
  1.526000E+00 -4.165004E-03
  1.527000E+00 -4.169990E-03
  1.528000E+00 -4.170724E-03
  1.529000E+00 -4.166954E-03
  1.530000E+00 -4.158566E-03
  1.531000E+00 -4.145600E-03
  1.532000E+00 -4.128250E-03
  1.533000E+00 -4.106862E-03
  1.534000E+00 -4.081931E-03
  1.535000E+00 -4.054086E-03
  1.536000E+00 -4.024077E-03
  1.537000E+00 -3.992754E-03
  1.538000E+00 -3.961042E-03
  1.539000E+00 -3.929913E-03
  1.540000E+00 -3.900362E-03
  1.541000E+00 -3.873372E-03
  1.542000E+00 -3.849888E-03
  1.543000E+00 -3.830783E-03
  1.544000E+00 -3.816833E-03
  1.545000E+00 -3.808691E-03
  1.546000E+00 -3.806865E-03
  1.547000E+00 -3.811698E-03
  1.548000E+00 -3.823356E-03
  1.549000E+00 -3.841818E-03
  1.550000E+00 -3.866873E-03
  1.551000E+00 -3.898123E-03
  1.552000E+00 -3.934986E-03
  1.553000E+00 -3.976715E-03
  1.554000E+00 -4.022409E-03
  1.555000E+00 -4.071037E-03
  1.556000E+00 -4.121466E-03
  1.557000E+00 -4.172482E-03
  1.558000E+00 -4.222830E-03
  1.559000E+00 -4.271237E-03
  1.560000E+00 -4.316450E-03
  1.561000E+00 -4.357264E-03
  1.562000E+00 -4.392556E-03
  1.563000E+00 -4.421307E-03
  1.564000E+00 -4.442635E-03
  1.565000E+00 -4.455807E-03
  1.566000E+00 -4.460263E-03
  1.567000E+00 -4.455623E-03
  1.568000E+00 -4.441698E-03
  1.569000E+00 -4.418488E-03
  1.570000E+00 -4.386179E-03
  1.571000E+00 -4.345136E-03
  1.572000E+00 -4.295888E-03
  1.573000E+00 -4.239109E-03
  1.574000E+00 -4.175600E-03
  1.575000E+00 -4.106259E-03
  1.576000E+00 -4.032058E-03
  1.577000E+00 -3.954013E-03
  1.578000E+00 -3.873155E-03
  1.579000E+00 -3.790499E-03
  1.580000E+00 -3.707019E-03
  1.581000E+00 -3.623620E-03
  1.582000E+00 -3.541115E-03
  1.583000E+00 -3.460204E-03
  1.584000E+00 -3.381457E-03
  1.585000E+00 -3.305303E-03
  1.586000E+00 -3.232023E-03
  1.587000E+00 -3.161743E-03
  1.588000E+00 -3.094440E-03
  1.589000E+00 -3.029944E-03
  1.590000E+00 -2.967953E-03
  1.591000E+00 -2.908042E-03
  1.592000E+00 -2.849686E-03
  1.593000E+00 -2.792276E-03
  1.594000E+00 -2.735144E-03
  1.595000E+00 -2.677589E-03
  1.596000E+00 -2.618896E-03
  1.597000E+00 -2.558368E-03
  1.598000E+00 -2.495343E-03
  1.599000E+00 -2.429223E-03
  1.600000E+00 -2.359486E-03
  1.601000E+00 -2.285712E-03
  1.602000E+00 -2.207590E-03
  1.603000E+00 -2.124930E-03
  1.604000E+00 -2.037673E-03
  1.605000E+00 -1.945889E-03
  1.606000E+00 -1.849775E-03
  1.607000E+00 -1.749653E-03
  1.608000E+00 -1.645955E-03
  1.609000E+00 -1.539214E-03
  1.610000E+00 -1.430046E-03
  1.611000E+00 -1.319132E-03
  1.612000E+00 -1.207197E-03
  1.613000E+00 -1.094986E-03
  1.614000E+00 -9.832446E-04
  1.615000E+00 -8.726959E-04
  1.616000E+00 -7.640167E-04
  1.617000E+00 -6.578185E-04
  1.618000E+00 -5.546290E-04
  1.619000E+00 -4.548755E-04
  1.620000E+00 -3.588725E-04
  1.621000E+00 -2.668117E-04
  1.622000E+00 -1.787557E-04
  1.623000E+00 -9.463596E-05
  1.624000E+00 -1.425422E-05
  1.625000E+00  6.271238E-05
  1.626000E+00  1.367023E-04
  1.627000E+00  2.082573E-04
  1.628000E+00  2.780074E-04
  1.629000E+00  3.466524E-04
  1.630000E+00  4.149427E-04
  1.631000E+00  4.836569E-04
  1.632000E+00  5.535799E-04
  1.633000E+00  6.254796E-04
  1.634000E+00  7.000842E-04
  1.635000E+00  7.780608E-04
  1.636000E+00  8.599945E-04
  1.637000E+00  9.463705E-04
  1.638000E+00  1.037557E-03
  1.639000E+00  1.133795E-03
  1.640000E+00  1.235183E-03
  1.641000E+00  1.341675E-03
  1.642000E+00  1.453077E-03
  1.643000E+00  1.569045E-03
  1.644000E+00  1.689092E-03
  1.645000E+00  1.812593E-03
  1.646000E+00  1.938800E-03
  1.647000E+00  2.066850E-03
  1.648000E+00  2.195786E-03
  1.649000E+00  2.324576E-03
  1.650000E+00  2.452131E-03
  1.651000E+00  2.577326E-03
  1.652000E+00  2.699026E-03
  1.653000E+00  2.816107E-03
  1.654000E+00  2.927476E-03
  1.655000E+00  3.032094E-03
  1.656000E+00  3.128998E-03
  1.657000E+00  3.217316E-03
  1.658000E+00  3.296284E-03
  1.659000E+00  3.365259E-03
  1.660000E+00  3.423733E-03
  1.661000E+00  3.471336E-03
  1.662000E+00  3.507843E-03
  1.663000E+00  3.533178E-03
  1.664000E+00  3.547408E-03
  1.665000E+00  3.550742E-03
  1.666000E+00  3.543523E-03
  1.667000E+00  3.526219E-03
  1.668000E+00  3.499412E-03
  1.669000E+00  3.463782E-03
  1.670000E+00  3.420093E-03
  1.671000E+00  3.369181E-03
  1.672000E+00  3.311929E-03
  1.673000E+00  3.249256E-03
  1.674000E+00  3.182101E-03
  1.675000E+00  3.111399E-03
  1.676000E+00  3.038075E-03
  1.677000E+00  2.963020E-03
  1.678000E+00  2.887086E-03
  1.679000E+00  2.811068E-03
  1.680000E+00  2.735700E-03
  1.681000E+00  2.661643E-03
  1.682000E+00  2.589481E-03
  1.683000E+00  2.519721E-03
  1.684000E+00  2.452784E-03
  1.685000E+00  2.389013E-03
  1.686000E+00  2.328672E-03
  1.687000E+00  2.271951E-03
  1.688000E+00  2.218972E-03
  1.689000E+00  2.169795E-03
  1.690000E+00  2.124424E-03
  1.691000E+00  2.082823E-03
  1.692000E+00  2.044915E-03
  1.693000E+00  2.010600E-03
  1.694000E+00  1.979760E-03
  1.695000E+00  1.952267E-03
  1.696000E+00  1.927995E-03
  1.697000E+00  1.906823E-03
  1.698000E+00  1.888646E-03
  1.699000E+00  1.873377E-03
  1.700000E+00  1.860952E-03
  1.701000E+00  1.851334E-03
  1.702000E+00  1.844512E-03
  1.703000E+00  1.840502E-03
  1.704000E+00  1.839348E-03
  1.705000E+00  1.841117E-03
  1.706000E+00  1.845892E-03
  1.707000E+00  1.853777E-03
  1.708000E+00  1.864882E-03
  1.709000E+00  1.879322E-03
  1.710000E+00  1.897208E-03
  1.711000E+00  1.918644E-03
  1.712000E+00  1.943718E-03
  1.713000E+00  1.972495E-03
  1.714000E+00  2.005015E-03
  1.715000E+00  2.041285E-03
  1.716000E+00  2.081274E-03
  1.717000E+00  2.124914E-03
  1.718000E+00  2.172095E-03
  1.719000E+00  2.222665E-03
  1.720000E+00  2.276429E-03
  1.721000E+00  2.333155E-03
  1.722000E+00  2.392570E-03
  1.723000E+00  2.454370E-03
  1.724000E+00  2.518223E-03
  1.725000E+00  2.583773E-03
  1.726000E+00  2.650649E-03
  1.727000E+00  2.718472E-03
  1.728000E+00  2.786859E-03
  1.729000E+00  2.855437E-03
  1.730000E+00  2.923845E-03
  1.731000E+00  2.991742E-03
  1.732000E+00  3.058818E-03
  1.733000E+00  3.124794E-03
  1.734000E+00  3.189433E-03
  1.735000E+00  3.252538E-03
  1.736000E+00  3.313963E-03
  1.737000E+00  3.373608E-03
  1.738000E+00  3.431422E-03
  1.739000E+00  3.487404E-03
  1.740000E+00  3.541599E-03
  1.741000E+00  3.594096E-03
  1.742000E+00  3.645024E-03
  1.743000E+00  3.694546E-03
  1.744000E+00  3.742850E-03
  1.745000E+00  3.790150E-03
  1.746000E+00  3.836670E-03
  1.747000E+00  3.882641E-03
  1.748000E+00  3.928292E-03
  1.749000E+00  3.973841E-03
  1.750000E+00  4.019492E-03
  1.751000E+00  4.065421E-03
  1.752000E+00  4.111778E-03
  1.753000E+00  4.158673E-03
  1.754000E+00  4.206180E-03
  1.755000E+00  4.254329E-03
  1.756000E+00  4.303106E-03
  1.757000E+00  4.352450E-03
  1.758000E+00  4.402258E-03
  1.759000E+00  4.452386E-03
  1.760000E+00  4.502647E-03
  1.761000E+00  4.552825E-03
  1.762000E+00  4.602671E-03
  1.763000E+00  4.651915E-03
  1.764000E+00  4.700271E-03
  1.765000E+00  4.747444E-03
  1.766000E+00  4.793137E-03
  1.767000E+00  4.837062E-03
  1.768000E+00  4.878939E-03
  1.769000E+00  4.918513E-03
  1.770000E+00  4.955550E-03
  1.771000E+00  4.989849E-03
  1.772000E+00  5.021243E-03
  1.773000E+00  5.049603E-03
  1.774000E+00  5.074839E-03
  1.775000E+00  5.096901E-03
  1.776000E+00  5.115778E-03
  1.777000E+00  5.131498E-03
  1.778000E+00  5.144123E-03
  1.779000E+00  5.153745E-03
  1.780000E+00  5.160481E-03
  1.781000E+00  5.164471E-03
  1.782000E+00  5.165868E-03
  1.783000E+00  5.164833E-03
  1.784000E+00  5.161527E-03
  1.785000E+00  5.156109E-03
  1.786000E+00  5.148725E-03
  1.787000E+00  5.139506E-03
  1.788000E+00  5.128562E-03
  1.789000E+00  5.115978E-03
  1.790000E+00  5.101810E-03
  1.791000E+00  5.086086E-03
  1.792000E+00  5.068803E-03
  1.793000E+00  5.049927E-03
  1.794000E+00  5.029399E-03
  1.795000E+00  5.007130E-03
  1.796000E+00  4.983013E-03
  1.797000E+00  4.956923E-03
  1.798000E+00  4.928722E-03
  1.799000E+00  4.898268E-03
  1.800000E+00  4.865420E-03
  1.801000E+00  4.830045E-03
  1.802000E+00  4.792023E-03
  1.803000E+00  4.751257E-03
  1.804000E+00  4.707674E-03
  1.805000E+00  4.661237E-03
  1.806000E+00  4.611942E-03
  1.807000E+00  4.559830E-03
  1.808000E+00  4.504982E-03
  1.809000E+00  4.447525E-03
  1.810000E+00  4.387629E-03
  1.811000E+00  4.325508E-03
  1.812000E+00  4.261417E-03
  1.813000E+00  4.195648E-03
  1.814000E+00  4.128522E-03
  1.815000E+00  4.060388E-03
  1.816000E+00  3.991614E-03
  1.817000E+00  3.922574E-03
  1.818000E+00  3.853651E-03
  1.819000E+00  3.785216E-03
  1.820000E+00  3.717630E-03
  1.821000E+00  3.651229E-03
  1.822000E+00  3.586318E-03
  1.823000E+00  3.523164E-03
  1.824000E+00  3.461992E-03
  1.825000E+00  3.402976E-03
  1.826000E+00  3.346237E-03
  1.827000E+00  3.291840E-03
  1.828000E+00  3.239793E-03
  1.829000E+00  3.190046E-03
  1.830000E+00  3.142495E-03
  1.831000E+00  3.096984E-03
  1.832000E+00  3.053308E-03
  1.833000E+00  3.011220E-03
  1.834000E+00  2.970439E-03
  1.835000E+00  2.930656E-03
  1.836000E+00  2.891541E-03
  1.837000E+00  2.852755E-03
  1.838000E+00  2.813959E-03
  1.839000E+00  2.774818E-03
  1.840000E+00  2.735016E-03
  1.841000E+00  2.694263E-03
  1.842000E+00  2.652300E-03
  1.843000E+00  2.608908E-03
  1.844000E+00  2.563915E-03
  1.845000E+00  2.517197E-03
  1.846000E+00  2.468683E-03
  1.847000E+00  2.418360E-03
  1.848000E+00  2.366267E-03
  1.849000E+00  2.312497E-03
  1.850000E+00  2.257195E-03
  1.851000E+00  2.200550E-03
  1.852000E+00  2.142794E-03
  1.853000E+00  2.084191E-03
  1.854000E+00  2.025028E-03
  1.855000E+00  1.965612E-03
  1.856000E+00  1.906254E-03
  1.857000E+00  1.847259E-03
  1.858000E+00  1.788923E-03
  1.859000E+00  1.731513E-03
  1.860000E+00  1.675265E-03
  1.861000E+00  1.620371E-03
  1.862000E+00  1.566972E-03
  1.863000E+00  1.515149E-03
  1.864000E+00  1.464925E-03
  1.865000E+00  1.416249E-03
  1.866000E+00  1.369007E-03
  1.867000E+00  1.323009E-03
  1.868000E+00  1.278002E-03
  1.869000E+00  1.233665E-03
  1.870000E+00  1.189620E-03
  1.871000E+00  1.145436E-03
  1.872000E+00  1.100638E-03
  1.873000E+00  1.054722E-03
  1.874000E+00  1.007159E-03
  1.875000E+00  9.574170E-04
  1.876000E+00  9.049663E-04
  1.877000E+00  8.492995E-04
  1.878000E+00  7.899435E-04
  1.879000E+00  7.264736E-04
  1.880000E+00  6.585276E-04
  1.881000E+00  5.858179E-04
  1.882000E+00  5.081429E-04
  1.883000E+00  4.253969E-04
  1.884000E+00  3.375775E-04
  1.885000E+00  2.447914E-04
  1.886000E+00  1.472575E-04
  1.887000E+00  4.530758E-05
  1.888000E+00 -6.061572E-05
  1.889000E+00 -1.699637E-04
  1.890000E+00 -2.820890E-04
  1.891000E+00 -3.962558E-04
  1.892000E+00 -5.116519E-04
  1.893000E+00 -6.274040E-04
  1.894000E+00 -7.425942E-04
  1.895000E+00 -8.562781E-04
  1.896000E+00 -9.675046E-04
  1.897000E+00 -1.075336E-03
  1.898000E+00 -1.178869E-03
  1.899000E+00 -1.277255E-03
  1.900000E+00 -1.369719E-03
  1.901000E+00 -1.455580E-03
  1.902000E+00 -1.534267E-03
  1.903000E+00 -1.605332E-03
  1.904000E+00 -1.668465E-03
  1.905000E+00 -1.723504E-03
  1.906000E+00 -1.770436E-03
  1.907000E+00 -1.809404E-03
  1.908000E+00 -1.840706E-03
  1.909000E+00 -1.864787E-03
  1.910000E+00 -1.882235E-03
  1.911000E+00 -1.893766E-03
  1.912000E+00 -1.900207E-03
  1.913000E+00 -1.902485E-03
  1.914000E+00 -1.901598E-03
  1.915000E+00 -1.898597E-03
  1.916000E+00 -1.894560E-03
  1.917000E+00 -1.890567E-03
  1.918000E+00 -1.887676E-03
  1.919000E+00 -1.886892E-03
  1.920000E+00 -1.889148E-03
  1.921000E+00 -1.895283E-03
  1.922000E+00 -1.906015E-03
  1.923000E+00 -1.921930E-03
  1.924000E+00 -1.943466E-03
  1.925000E+00 -1.970900E-03
  1.926000E+00 -2.004345E-03
  1.927000E+00 -2.043745E-03
  1.928000E+00 -2.088882E-03
  1.929000E+00 -2.139378E-03
  1.930000E+00 -2.194708E-03
  1.931000E+00 -2.254218E-03
  1.932000E+00 -2.317137E-03
  1.933000E+00 -2.382607E-03
  1.934000E+00 -2.449703E-03
  1.935000E+00 -2.517461E-03
  1.936000E+00 -2.584903E-03
  1.937000E+00 -2.651071E-03
  1.938000E+00 -2.715048E-03
  1.939000E+00 -2.775990E-03
  1.940000E+00 -2.833149E-03
  1.941000E+00 -2.885895E-03
  1.942000E+00 -2.933732E-03
  1.943000E+00 -2.976320E-03
  1.944000E+00 -3.013479E-03
  1.945000E+00 -3.045197E-03
  1.946000E+00 -3.071634E-03
  1.947000E+00 -3.093113E-03
  1.948000E+00 -3.110114E-03
  1.949000E+00 -3.123260E-03
  1.950000E+00 -3.133298E-03
  1.951000E+00 -3.141078E-03
  1.952000E+00 -3.147528E-03
  1.953000E+00 -3.153622E-03
  1.954000E+00 -3.160357E-03
  1.955000E+00 -3.168715E-03
  1.956000E+00 -3.179637E-03
  1.957000E+00 -3.193991E-03
  1.958000E+00 -3.212544E-03
  1.959000E+00 -3.235933E-03
  1.960000E+00 -3.264649E-03
  1.961000E+00 -3.299014E-03
  1.962000E+00 -3.339165E-03
  1.963000E+00 -3.385053E-03
  1.964000E+00 -3.436430E-03
  1.965000E+00 -3.492860E-03
  1.966000E+00 -3.553722E-03
  1.967000E+00 -3.618223E-03
  1.968000E+00 -3.685419E-03
  1.969000E+00 -3.754238E-03
  1.970000E+00 -3.823505E-03
  1.971000E+00 -3.891971E-03
  1.972000E+00 -3.958353E-03
  1.973000E+00 -4.021360E-03
  1.974000E+00 -4.079734E-03
  1.975000E+00 -4.132281E-03
  1.976000E+00 -4.177906E-03
  1.977000E+00 -4.215645E-03
  1.978000E+00 -4.244689E-03
  1.979000E+00 -4.264412E-03
  1.980000E+00 -4.274384E-03
  1.981000E+00 -4.274391E-03
  1.982000E+00 -4.264439E-03
  1.983000E+00 -4.244753E-03
  1.984000E+00 -4.215779E-03
  1.985000E+00 -4.178168E-03
  1.986000E+00 -4.132762E-03
  1.987000E+00 -4.080573E-03
  1.988000E+00 -4.022755E-03
  1.989000E+00 -3.960574E-03
  1.990000E+00 -3.895378E-03
  1.991000E+00 -3.828556E-03
  1.992000E+00 -3.761509E-03
  1.993000E+00 -3.695605E-03
  1.994000E+00 -3.632150E-03
  1.995000E+00 -3.572350E-03
  1.996000E+00 -3.517284E-03
  1.997000E+00 -3.467875E-03
  1.998000E+00 -3.424868E-03
  1.999000E+00 -3.388811E-03
  2.000000E+00  3.227009E-02
