0.0000000	155.42049
0.020000000	155.42049
0.040000000	157.07596
0.060000000	161.39302
0.080000000	164.14695
0.10000000	166.99221
0.12000000	168.76584
0.14000000	171.04555
0.16000000	172.15646
0.18000000	173.36035
0.20000000	175.42987
0.22000000	177.47658
0.24000000	181.16030
0.26000000	185.24775
0.28000000	190.51451
0.30000000	198.61420
0.32000000	220.84806
0.34000000	251.76091
0.36000000	311.09396
0.38000000	386.06098
0.40000000	453.43106
0.42000000	541.73012
0.44000000	599.36386
0.46000000	665.94645
0.48000000	720.50509
0.50000000	774.60294
0.52000000	821.74371
0.54000000	875.75652
0.56000000	912.35108
0.58000000	949.34592
0.60000000	988.49209
0.62000000	1019.9995
0.64000000	1055.5736
0.66000000	1083.3645
0.68000000	1113.8145
0.70000000	1138.6601
0.72000000	1165.8565
0.74000000	1186.2407
0.76000000	1210.0656
0.78000000	1227.9245
0.80000000	1243.4815
0.82000000	1259.0196
0.84000000	1273.1984
0.86000000	1286.5713
0.88000000	1295.5524
0.90000000	1301.7256
0.92000000	1306.8538
0.94000000	1310.2447
0.96000000	1313.7906
0.98000000	1314.2541
1.0000000	1315.2457
1.0200000	1313.4954
1.0400000	1310.5834
1.0600000	1305.9375
1.0800000	1300.4524
1.1000000	1295.3134
1.1200000	1289.0886
1.1400000	1284.4990
1.1600000	1276.9674
1.1800000	1272.2067
1.2000000	1264.9241
1.2200000	1260.2598
1.2400000	1253.0788
1.2600000	1246.8498
1.2800000	1240.5301
1.3000000	1233.3765
1.3200000	1225.0133
1.3400000	1215.7732
1.3600000	1209.0236
1.3800000	1200.0380
1.4000000	1192.9962
1.4200000	1185.2771
1.4400000	1178.2184
1.4600000	1169.2783
1.4800000	1160.9600
1.5000000	1152.8284
1.5200000	1144.5640
1.5400000	1136.1533
1.5600000	1126.2106
1.5800000	1118.0073
1.6000000	1108.9750
1.6200000	1101.7520
1.6400000	1093.6404
1.6600000	1085.4175
1.6800000	1075.4885
1.7000000	1067.4743
1.7200000	1058.6883
1.7400000	1050.9165
1.7600000	1043.5871
1.7800000	1035.3502
1.8000000	1027.4197
1.8200000	1018.8573
1.8400000	1010.2701
1.8600000	1001.4998
1.8800000	993.88296
1.9000000	984.66464
1.9200000	976.72499
1.9400000	968.37522
1.9600000	959.60342
1.9800000	951.32808
2.0000000	942.15057
2.0200000	933.28502
2.0400000	923.90814
2.0600000	915.06235
2.0800000	905.20794
2.1000000	897.87150
2.1200000	889.60184
2.1400000	882.17948
2.1600000	874.00678
2.1800000	865.98854
2.2000000	857.87955
2.2200000	849.90015
2.2400000	841.85762
2.2600000	833.52213
2.2800000	825.34451
2.3000000	815.25439
2.3200000	805.77573
2.3400000	795.30519
2.3600000	784.38030
2.3800000	774.83692
2.4000000	766.95930
2.4200000	761.55888
2.4400000	757.15027
2.4600000	753.05363
2.4800000	747.02762
2.5000000	741.36249
2.5200000	733.89440
2.5400000	727.23665
2.5600000	719.51857
2.5800000	711.50726
2.6000000	702.02409
2.6200000	693.60971
2.6400000	685.61431
2.6600000	679.30684
2.6800000	674.39536
2.7000000	669.02522
2.7200000	664.26171
2.7400000	658.67109
2.7600000	653.38825
2.7800000	647.66785
2.8000000	641.93911
2.8200000	634.74945
2.8400000	628.61966
2.8600000	622.27425
2.8800000	616.40592
2.9000000	610.81999
2.9200000	605.34159
2.9400000	599.95211
2.9600000	594.04962
2.9800000	587.57403
3.0000000	580.76750
3.0200000	574.52071
3.0400000	568.46112
3.0600000	563.58190
3.0800000	559.01184
3.1000000	554.24336
3.1200000	549.39593
3.1400000	544.39622
3.1600000	539.15620
3.1800000	533.51654
3.2000000	528.23776
3.2200000	522.52409
3.2400000	517.97819
3.2600000	513.76032
3.2800000	509.53430
3.3000000	504.35191
3.3200000	499.04180
3.3400000	492.94820
3.3600000	487.44168
3.3800000	482.51261
3.4000000	478.36636
3.4200000	474.57989
3.4400000	470.55427
3.4600000	467.39100
3.4800000	464.55286
3.5000000	461.83791
3.5200000	458.85274
3.5400000	455.92263
3.5600000	452.53773
3.5800000	448.96797
3.6000000	445.08968
3.6200000	441.10210
3.6400000	437.56836
3.6600000	433.97310
3.6800000	430.72350
3.7000000	427.35018
3.7200000	424.07806
3.7400000	420.77859
3.7600000	417.90088
3.7800000	414.90704
3.8000000	411.73574
3.8200000	408.43529
3.8400000	404.89868
3.8600000	401.40800
3.8800000	398.24032
3.9000000	395.30744
3.9200000	392.34294
3.9400000	389.95426
3.9600000	387.18756
3.9800000	384.59245
4.0000000	381.69151
4.0200000	379.19004
4.0400000	376.53827
4.0600000	374.19455
4.0800000	371.73038
4.1000000	369.70249
4.1200000	367.49602
4.1400000	365.12257
4.1600000	362.62998
4.1800000	359.61370
4.2000000	356.59280
4.2200000	353.86158
4.2400000	351.44694
4.2600000	349.09071
4.2800000	347.18654
4.3000000	345.33359
4.3200000	343.66294
4.3400000	341.64925
4.3600000	338.98876
4.3800000	336.07577
4.4000000	333.70422
4.4200000	331.90772
4.4400000	330.12584
4.4600000	328.53917
4.4800000	326.54343
4.5000000	324.56767
4.5200000	322.55107
4.5400000	321.06054
4.5600000	319.85270
4.5800000	318.53972
4.6000000	316.62145
4.6200000	314.51173
4.6400000	312.47607
4.6600000	311.03646
4.6800000	310.11626
4.7000000	309.35551
4.7200000	308.35035
4.7400000	307.59454
4.7600000	306.29814
4.7800000	304.93328
4.8000000	303.58106
4.8200000	302.09301
4.8400000	300.25018
4.8600000	298.30630
4.8800000	296.66812
4.9000000	295.65868
4.9200000	294.58483
4.9400000	293.31041
4.9600000	291.66656
4.9800000	290.14539
5.0000000	288.82300
5.0200000	287.85217
5.0400000	287.25268
5.0600000	286.85356
5.0800000	286.33388
5.1000000	285.64370
5.1200000	284.54802
5.1400000	283.43943
5.1600000	282.30491
5.1800000	280.99706
5.2000000	279.76650
5.2200000	278.41864
5.2400000	277.29164
5.2600000	276.26831
5.2800000	275.42960
5.3000000	274.34978
5.3200000	273.10222
5.3400000	271.98857
5.3600000	270.66262
5.3800000	269.28937
5.4000000	267.58327
5.4200000	266.36843
5.4400000	265.24690
5.4600000	264.27773
5.4800000	263.17553
5.5000000	262.33732
5.5200000	261.62060
5.5400000	261.24301
5.5600000	261.14629
5.5800000	261.28186
5.6000000	261.33746
5.6200000	261.17857
5.6400000	260.65624
5.6600000	259.84476
5.6800000	258.74593
5.7000000	257.75768
5.7200000	256.77554
5.7400000	255.43246
5.7600000	254.06528
5.7800000	253.13444
5.8000000	252.78790
5.8200000	252.19286
5.8400000	251.93825
5.8600000	251.67459
5.8800000	251.65127
5.9000000	251.49475
5.9200000	251.34632
5.9400000	250.74431
5.9600000	250.10740
5.9800000	249.39421
6.0000000	248.81457
6.0200000	248.55978
6.0400000	248.20726
6.0600000	247.80257
6.0800000	247.40181
6.1000000	246.67216
6.1200000	245.94419
6.1400000	245.13836
6.1600000	244.22493
6.1800000	242.98793
6.2000000	241.85211
6.2200000	240.97155
6.2400000	240.72179
6.2600000	240.76916
6.2800000	241.02091
6.3000000	240.86156
6.3200000	240.48674
6.3400000	239.95730
6.3600000	239.59250
6.3800000	239.34737
6.4000000	239.13411
6.4200000	238.81209
6.4400000	238.46464
6.4600000	238.27007
6.4800000	238.20335
6.5000000	238.15565
6.5200000	237.68700
6.5400000	237.13666
6.5600000	236.53240
6.5800000	235.97906
6.6000000	235.59499
6.6200000	235.14752
6.6400000	234.61902
6.6600000	234.21771
6.6800000	233.91559
6.7000000	233.75982
6.7200000	233.50749
6.7400000	233.39125
6.7600000	233.20519
6.7800000	232.88725
6.8000000	232.26362
6.8200000	231.47598
6.8400000	230.98609
6.8600000	230.44451
6.8800000	229.87517
6.9000000	229.42575
6.9200000	229.28709
6.9400000	229.25280
6.9600000	229.03113
6.9800000	228.48156
7.0000000	227.69002
7.0200000	227.03042
7.0400000	227.16880
7.0600000	227.85604
7.0800000	228.37950
7.1000000	228.51453
7.1200000	228.33950
7.1400000	228.14282
7.1600000	227.75760
7.1800000	227.38272
7.2000000	226.86219
7.2200000	226.59678
7.2400000	226.61298
7.2600000	226.76595
7.2800000	226.62757
7.3000000	226.32142
7.3200000	226.08911
7.3400000	226.01861
7.3600000	225.91859
7.3800000	225.84859
7.4000000	225.46974
7.4200000	224.95693
7.4400000	224.45034
7.4600000	224.00062
7.4800000	223.62251
7.5000000	223.36402
7.5200000	223.30962
7.5400000	222.99897
7.5600000	222.57480
7.5800000	221.92799
7.6000000	221.45074
7.6200000	221.18065
7.6400000	221.33061
7.6600000	221.49552
7.6800000	221.81952
7.7000000	221.88212
7.7200000	221.72587
7.7400000	221.34390
7.7600000	221.03155
7.7800000	220.86682
7.8000000	220.78493
7.8200000	220.64861
7.8400000	220.29767
7.8600000	219.92431
7.8800000	219.67216
7.9000000	219.77345
7.9200000	219.77232
7.9400000	219.66982
7.9600000	219.66446
7.9800000	219.65427
8.0000000	219.56092
8.0200000	219.27818
8.0400000	219.07267
8.0600000	218.87545
8.0800000	218.62180
8.1000000	218.51219
8.1200000	218.48089
8.1400000	218.19685
8.1600000	217.88449
8.1800000	217.65894
8.2000000	217.53816
8.2200000	217.80598
8.2400000	217.87259
8.2600000	217.91989
8.2800000	217.52245
8.3000000	217.19154
8.3200000	216.70171
8.3400000	216.35258
8.3600000	215.83844
8.3800000	215.65673
8.4000000	215.50554
8.4200000	215.53685
8.4400000	215.38675
8.4600000	215.25314
8.4800000	215.15587
8.5000000	215.13167
8.5200000	215.14911
8.5400000	214.93358
8.5600000	214.67980
8.5800000	214.40423
8.6000000	214.22687
8.6200000	213.98594
8.6400000	213.95020
8.6600000	213.80758
8.6800000	213.78571
8.7000000	213.59919
8.7200000	213.48495
8.7400000	213.33114
8.7600000	213.28961
8.7800000	213.17156
8.8000000	213.02673
8.8200000	212.96365
8.8400000	212.80963
8.8600000	212.69700
8.8800000	212.56793
8.9000000	212.35546
8.9200000	212.29266
8.9400000	212.40176
8.9600000	212.63200
8.9800000	212.68765
9.0000000	212.65190
9.0200000	212.22447
9.0400000	211.70343
9.0600000	211.33437
9.0800000	211.31096
9.1000000	211.23472
9.1200000	211.12759
9.1400000	211.08649
9.1600000	211.12813
9.1800000	210.88447
9.2000000	210.76627
9.2200000	210.60862
9.2400000	210.63255
9.2600000	210.51239
9.2800000	210.42031
9.3000000	210.27620
9.3200000	210.19690
9.3400000	210.01578
9.3600000	209.80373
9.3800000	209.59820
9.4000000	209.49590
9.4200000	209.38234
9.4400000	209.38650
9.4600000	209.31824
9.4800000	209.37990
9.5000000	209.38561
9.5200000	209.34957
9.5400000	209.17626
9.5600000	209.00002
9.5800000	209.07161
9.6000000	208.99297
9.6200000	208.92324
9.6400000	208.89002
9.6600000	208.82482
9.6800000	208.83904
9.7000000	208.85081
9.7200000	209.07367
9.7400000	208.87623
9.7600000	208.62290
9.7800000	208.27839
9.8000000	208.06625
9.8200000	208.00933
9.8400000	208.01882
9.8600000	207.98570
9.8800000	207.99655
9.9000000	208.03778
9.9200000	207.90988
9.9400000	207.76841
9.9600000	207.59176
9.9800000	207.63534
10.000000	207.59258
10.020000	207.57601
10.040000	207.37287
10.060000	207.40417
10.080000	207.30891
10.100000	207.12322
10.120000	207.03539
10.140000	206.89668
10.160000	206.80545
10.180000	206.47020
10.200000	206.45228
10.220000	206.34201
10.240000	206.53612
10.260000	206.65277
10.280000	206.88535
10.300000	206.99606
10.320000	207.00262
10.340000	206.89963
10.360000	206.96000
10.380000	207.05978
10.400000	207.01377
10.420000	206.83009
10.440000	206.67871
10.460000	206.50922
10.480000	206.32174
10.500000	206.20543
10.520000	205.91700
10.540000	205.77022
10.560000	205.42641
10.580000	205.25342
10.600000	205.12162
10.620000	205.22085
10.640000	205.28126
10.660000	205.29752
10.680000	205.29567
10.700000	205.34290
10.720000	205.22030
10.740000	205.00700
10.760000	204.89274
10.780000	204.97352
10.800000	204.99699
10.820000	204.92617
10.840000	204.87913
10.860000	204.75024
10.880000	204.64071
10.900000	204.47602
10.920000	204.40436
10.940000	204.47290
10.960000	204.49058
10.980000	204.41740
11.000000	204.28805
11.020000	204.29950
11.040000	204.36131
11.060000	204.25734
11.080000	204.00894
11.100000	203.94301
11.120000	203.86148
11.140000	203.82877
11.160000	203.80777
11.180000	203.65826
11.200000	203.58670
11.220000	203.49486
11.240000	203.57976
11.260000	203.48182
11.280000	203.36984
11.300000	203.19825
11.320000	203.21418
11.340000	203.13279
11.360000	202.97595
11.380000	202.84913
11.400000	202.77312
11.420000	202.79938
11.440000	202.92404
11.460000	202.91451
11.480000	202.91465
11.500000	202.82868
11.520000	202.68616
11.540000	202.61124
11.560000	202.65838
11.580000	202.77162
11.600000	202.66329
11.620000	202.56992
11.640000	202.43826
11.660000	202.33710
11.680000	202.18277
11.700000	202.14863
11.720000	202.19243
11.740000	202.36816
11.760000	202.33109
11.780000	202.22501
11.800000	201.97673
11.820000	201.71613
11.840000	201.57764
11.860000	201.64925
11.880000	201.79389
11.900000	201.73092
11.920000	201.61445
11.940000	201.41929
11.960000	201.29012
11.980000	201.43847
12.000000	201.58066
12.020000	201.57271
12.040000	201.52407
12.060000	201.56097
12.080000	201.59691
12.100000	201.50921
12.120000	201.30145
12.140000	201.14222
12.160000	201.11474
12.180000	201.17089
12.200000	201.12827
12.220000	201.07106
12.240000	200.93966
12.260000	200.85810
12.280000	200.83371
12.300000	200.68863
12.320000	200.69303
12.340000	200.69558
12.360000	200.86669
12.380000	200.93294
12.400000	200.92859
12.420000	200.73122
12.440000	200.64713
12.460000	200.61496
12.480000	200.61974
12.500000	200.48652
12.520000	200.33007
12.540000	200.08373
12.560000	199.92422
12.580000	199.93512
12.600000	200.22011
12.620000	200.45379
12.640000	200.43010
12.660000	200.36194
12.680000	200.32796
12.700000	200.37857
12.720000	200.32257
12.740000	200.19658
12.760000	200.17223
12.780000	200.18406
12.800000	200.21576
12.820000	200.11730
12.840000	200.01772
12.860000	199.80067
12.880000	199.68051
12.900000	199.59314
12.920000	199.61658
12.940000	199.65907
12.960000	199.74475
12.980000	199.80949
13.000000	199.76521
13.020000	199.62369
13.040000	199.52856
13.060000	199.46034
13.080000	199.47062
13.100000	199.50049
13.120000	199.49601
13.140000	199.49491
13.160000	199.27126
13.180000	199.01320
13.200000	198.98040
13.220000	199.17824
13.240000	199.31264
13.260000	199.29407
13.280000	199.16182
13.300000	199.00655
13.320000	198.98117
13.340000	198.97901
13.360000	199.01045
13.380000	199.00462
13.400000	198.91746
13.420000	198.85239
13.440000	198.80941
13.460000	198.67102
13.480000	198.68231
13.500000	198.82161
13.520000	198.94873
13.540000	198.89275
13.560000	198.78947
13.580000	198.65243
13.600000	198.46182
13.620000	198.29894
13.640000	198.44824
13.660000	198.63662
13.680000	198.90853
13.700000	198.98283
13.720000	198.96831
13.740000	198.85710
13.760000	199.02223
13.780000	199.05385
13.800000	198.88470
13.820000	198.67449
13.840000	198.59741
13.860000	198.60483
13.880000	198.62290
13.900000	198.54527
13.920000	198.53820
13.940000	198.49121
13.960000	198.38352
13.980000	198.19469
14.000000	198.22703
14.020000	198.28137
14.040000	198.23994
14.060000	198.17978
14.080000	198.11949
14.100000	197.97474
14.120000	197.91243
14.140000	197.99619
14.160000	198.15682
14.180000	198.33235
14.200000	198.46432
14.220000	198.53087
14.240000	198.45481
14.260000	198.36032
14.280000	198.24454
14.300000	198.32870
14.320000	198.22356
14.340000	198.17171
14.360000	198.07626
14.380000	198.23099
14.400000	198.24466
14.420000	198.12185
14.440000	197.98871
14.460000	197.98386
14.480000	198.00480
14.500000	198.03626
14.520000	198.16746
14.540000	198.16972
14.560000	198.04835
14.580000	198.02646
14.600000	197.92859
14.620000	197.82216
14.640000	197.81850
14.660000	197.80363
14.680000	197.81524
14.700000	197.83982
14.720000	197.77402
14.740000	197.76111
14.760000	197.93824
14.780000	197.98240
14.800000	197.81571
14.820000	197.61925
14.840000	197.52727
14.860000	197.75184
14.880000	197.91140
14.900000	197.80491
14.920000	197.70697
14.940000	197.70489
14.960000	197.67051
14.980000	197.72716
15.000000	197.76204
15.020000	197.76214
15.040000	197.73376
15.060000	197.89239
15.080000	197.96297
15.100000	197.95607
15.120000	197.84072
15.140000	197.77614
15.160000	197.77746
15.180000	197.84698
15.200000	198.00821
15.220000	198.12889
15.240000	198.06517
15.260000	198.02758
15.280000	198.02259
15.300000	198.04832
15.320000	197.93048
15.340000	197.84883
15.360000	197.66220
15.380000	197.59894
15.400000	197.56067
15.420000	197.60544
15.440000	197.63491
15.460000	197.76876
15.480000	197.80583
15.500000	197.80351
15.520000	197.73634
15.540000	197.74475
15.560000	197.69135
15.580000	197.72982
15.600000	197.71871
15.620000	197.65063
15.640000	197.53542
15.660000	197.34647
15.680000	197.27205
15.700000	197.34485
15.720000	197.49376
15.740000	197.52503
15.760000	197.63169
15.780000	197.56169
15.800000	197.55661
15.820000	197.62974
15.840000	197.60615
15.860000	197.49044
15.880000	197.55150
15.900000	197.65821
15.920000	197.73432
15.940000	197.72938
15.960000	197.68389
15.980000	197.70245
16.000000	197.70745
16.020000	197.71260
16.040000	197.65961
16.060000	197.53694
16.080000	197.44710
16.100000	197.39726
16.120000	197.41483
16.140000	197.51307
16.160000	197.56835
16.180000	197.53519
16.200000	197.45797
16.220000	197.50203
16.240000	197.61716
16.260000	197.45753
16.280000	197.34534
16.300000	197.31936
16.320000	197.32270
16.340000	197.45186
16.360000	197.51602
16.380000	197.45021
16.400000	197.27907
16.420000	197.37740
16.440000	197.55494
16.460000	197.62995
16.480000	197.63455
16.500000	197.67387
16.520000	197.70177
16.540000	197.74504
16.560000	197.72778
16.580000	197.67963
16.600000	197.58801
16.620000	197.61841
16.640000	197.68680
16.660000	197.78368
16.680000	197.90491
16.700000	197.91335
16.720000	197.89403
16.740000	197.91895
16.760000	197.92693
16.780000	197.87366
16.800000	197.90994
16.820000	197.88998
16.840000	197.78490
16.860000	197.71784
16.880000	197.67189
16.900000	197.78255
16.920000	197.89652
16.940000	198.05122
16.960000	198.05858
16.980000	198.02319
17.000000	197.85633
17.020000	197.79151
17.040000	197.69318
17.060000	197.79129
17.080000	197.97084
17.100000	197.98707
17.120000	197.99466
17.140000	197.95129
17.160000	197.90241
17.180000	197.88091
17.200000	197.86281
17.220000	197.80540
17.240000	197.74151
17.260000	197.78338
17.280000	197.86409
17.300000	198.08952
17.320000	198.14551
17.340000	198.16266
17.360000	198.12265
17.380000	198.09244
17.400000	197.96696
17.420000	197.90633
17.440000	197.97138
17.460000	198.04866
17.480000	198.08247
17.500000	198.01363
17.520000	198.05390
17.540000	198.10374
17.560000	198.12333
17.580000	198.14966
17.600000	198.19098
17.620000	198.15182
17.640000	198.08650
17.660000	198.18602
17.680000	198.21992
17.700000	198.24638
17.720000	198.35914
17.740000	198.37692
17.760000	198.33947
17.780000	198.25203
17.800000	198.16622
17.820000	198.17795
17.840000	198.21307
17.860000	198.15366
17.880000	198.05507
17.900000	198.04403
17.920000	198.13218
17.940000	198.22452
17.960000	198.33827
17.980000	198.32120
18.000000	198.38503
18.020000	198.43381
18.040000	198.48217
18.060000	198.47206
18.080000	198.52452
18.100000	198.53704
18.120000	198.55196
18.140000	198.50571
18.160000	198.45216
18.180000	198.36036
18.200000	198.37177
18.220000	198.51150
18.240000	198.49108
18.260000	198.52715
18.280000	198.51222
18.300000	198.53224
18.320000	198.60266
18.340000	198.66028
18.360000	198.71303
18.380000	198.69617
18.400000	198.52958
18.420000	198.52079
18.440000	198.59593
18.460000	198.70095
18.480000	198.57874
18.500000	198.48341
18.520000	198.50860
18.540000	198.66712
18.560000	198.81734
18.580000	198.86076
18.600000	198.85182
18.620000	198.81661
18.640000	198.72689
18.660000	198.64972
18.680000	198.66813
18.700000	198.63748
18.720000	198.73409
18.740000	198.68814
18.760000	198.69096
18.780000	198.64740
18.800000	198.68948
18.820000	198.79744
18.840000	198.74304
18.860000	198.76333
18.880000	198.91281
18.900000	199.02348
18.920000	198.97601
18.940000	198.95539
18.960000	198.92516
18.980000	198.96736
19.000000	199.14577
19.020000	199.32459
19.040000	199.38325
19.060000	199.23316
19.080000	199.27778
19.100000	199.31514
19.120000	199.21137
19.140000	198.99208
19.160000	198.88284
19.180000	198.94399
19.200000	199.05374
19.220000	198.99817
19.240000	199.00617
19.260000	199.11727
19.280000	199.29724
19.300000	199.39940
19.320000	199.44458
19.340000	199.32993
19.360000	199.22329
19.380000	199.31138
19.400000	199.41214
19.420000	199.44426
19.440000	199.33690
19.460000	199.28072
19.480000	199.34257
19.500000	199.42572
19.520000	199.51426
19.540000	199.47690
19.560000	199.37372
19.580000	199.29357
19.600000	199.32501
19.620000	199.36782
19.640000	199.29486
19.660000	199.17846
19.680000	199.25630
19.700000	199.35532
19.720000	199.52757
19.740000	199.64367
19.760000	199.71158
19.780000	199.61866
19.800000	199.57680
19.820000	199.54097
19.840000	199.61639
19.860000	199.71079
19.880000	199.83616
19.900000	199.76899
19.920000	199.76665
19.940000	199.96266
19.960000	200.05939
19.980000	200.00116
20.000000	199.80634
20.020000	199.71213
20.040000	199.70039
20.060000	199.84085
20.080000	199.79262
20.100000	199.78384
20.120000	199.73269
20.140000	199.68039
20.160000	199.61199
20.180000	199.50086
20.200000	199.59272
20.220000	199.70254
20.240000	199.99394
20.260000	200.12337
20.280000	200.14142
20.300000	200.03554
20.320000	199.97840
20.340000	199.95971
20.360000	200.08414
20.380000	200.07203
20.400000	200.18357
20.420000	200.02430
20.440000	199.90782
20.460000	199.89443
20.480000	200.00971
20.500000	200.13835
20.520000	200.29661
20.540000	200.32135
20.560000	200.34957
20.580000	200.26467
20.600000	200.29345
20.620000	200.28285
20.640000	200.27514
20.660000	200.32644
20.680000	200.29951
20.700000	200.27402
20.720000	200.35291
20.740000	200.36431
20.760000	200.43406
20.780000	200.58940
20.800000	200.61708
20.820000	200.53702
20.840000	200.58122
20.860000	200.53011
20.880000	200.52521
20.900000	200.48460
20.920000	200.53139
20.940000	200.54773
20.960000	200.61051
20.980000	200.60064
21.000000	200.62590
21.020000	200.60601
21.040000	200.73397
21.060000	200.87291
21.080000	200.94385
21.100000	200.79755
21.120000	200.82450
21.140000	200.82405
21.160000	200.78868
21.180000	200.72240
21.200000	200.71709
21.220000	200.69980
21.240000	200.85388
21.260000	201.04578
21.280000	200.94956
21.300000	200.81544
21.320000	200.81214
21.340000	200.78706
21.360000	200.77103
21.380000	200.80285
21.400000	200.95102
21.420000	200.95077
21.440000	200.92524
21.460000	200.84786
21.480000	200.84862
21.500000	200.82983
21.520000	200.93294
21.540000	200.98240
21.560000	201.09270
21.580000	201.21556
21.600000	201.32221
21.620000	201.38103
21.640000	201.38533
21.660000	201.29799
21.680000	201.23540
21.700000	201.22712
21.720000	201.26467
21.740000	201.32211
21.760000	201.34124
21.780000	201.25153
21.800000	201.15674
21.820000	201.15631
21.840000	201.30045
21.860000	201.46410
21.880000	201.47947
21.900000	201.52729
21.920000	201.45932
21.940000	201.39478
21.960000	201.28033
21.980000	201.25974
22.000000	201.46799
22.020000	201.59041
22.040000	201.47475
22.060000	201.53536
22.080000	201.59498
22.100000	201.69723
22.120000	201.77416
22.140000	201.89392
22.160000	201.92811
22.180000	201.83230
22.200000	201.81501
22.220000	201.86136
22.240000	201.86340
22.260000	201.88501
22.280000	201.98540
22.300000	201.90339
22.320000	202.00464
22.340000	202.09726
22.360000	202.16431
22.380000	202.06683
22.400000	201.98149
22.420000	201.87667
22.440000	201.78999
22.460000	201.86863
22.480000	201.93084
22.500000	202.01815
22.520000	202.02174
22.540000	202.06822
22.560000	202.13603
22.580000	202.19750
22.600000	202.29526
22.620000	202.41341
22.640000	202.48569
22.660000	202.42232
22.680000	202.27139
22.700000	202.19257
22.720000	202.36887
22.740000	202.53721
22.760000	202.63304
22.780000	202.58693
22.800000	202.48053
22.820000	202.42897
22.840000	202.40395
22.860000	202.37377
22.880000	202.44262
22.900000	202.53074
22.920000	202.70641
22.940000	202.73057
22.960000	202.64526
22.980000	202.60356
23.000000	202.58905
23.020000	202.58498
23.040000	202.65569
23.060000	202.59110
23.080000	202.56887
23.100000	202.59213
23.120000	202.52151
23.140000	202.57986
23.160000	202.68855
23.180000	202.81474
23.200000	202.86565
23.220000	202.88618
23.240000	202.96490
23.260000	202.92756
23.280000	202.94254
23.300000	202.95629
23.320000	202.89874
23.340000	202.78570
23.360000	202.82310
23.380000	202.93014
23.400000	202.97978
23.420000	203.04854
23.440000	203.02541
23.460000	203.10800
23.480000	203.22117
23.500000	203.26757
23.520000	203.19585
23.540000	203.17006
23.560000	203.30882
23.580000	203.48868
23.600000	203.43341
23.620000	203.30078
23.640000	203.33991
23.660000	203.42581
23.680000	203.42812
23.700000	203.42543
23.720000	203.44800
23.740000	203.44580
23.760000	203.49222
23.780000	203.48742
23.800000	203.47539
23.820000	203.58283
23.840000	203.62716
23.860000	203.62713
23.880000	203.66160
23.900000	203.65117
23.920000	203.72187
23.940000	203.60888
23.960000	203.48599
23.980000	203.44776
24.000000	203.59133
24.020000	203.76749
24.040000	203.85541
24.060000	203.93331
24.080000	203.89789
24.100000	204.04934
24.120000	204.20995
24.140000	204.13410
24.160000	204.06564
24.180000	204.11384
24.200000	204.13830
24.220000	204.06443
24.240000	203.98146
24.260000	203.96247
24.280000	204.03008
24.300000	204.11304
24.320000	204.20039
24.340000	204.29342
24.360000	204.42387
24.380000	204.49241
24.400000	204.57284
24.420000	204.51163
24.440000	204.42665
24.460000	204.36143
24.480000	204.32799
24.500000	204.31294
24.520000	204.43931
24.540000	204.44625
24.560000	204.44852
24.580000	204.52213
24.600000	204.51915
24.620000	204.49962
24.640000	204.50290
24.660000	204.56913
24.680000	204.57721
24.700000	204.58443
24.720000	204.68171
24.740000	204.69476
24.760000	204.74136
24.780000	204.89007
24.800000	204.88473
24.820000	204.79829
24.840000	204.91469
24.860000	205.01776
24.880000	204.99004
24.900000	205.08486
24.920000	205.19529
24.940000	205.24026
24.960000	205.24147
24.980000	205.21199
25.000000	205.16330
25.020000	205.24544
25.040000	205.30883
25.060000	205.37710
25.080000	205.42244
25.100000	205.41289
25.120000	205.40517
25.140000	205.29581
25.160000	205.17138
25.180000	205.11132
25.200000	205.11349
25.220000	205.23860
25.240000	205.34463
25.260000	205.33377
25.280000	205.36870
25.300000	205.53433
25.320000	205.65634
25.340000	205.71970
25.360000	205.75699
25.380000	205.75852
25.400000	205.59402
25.420000	205.43814
25.440000	205.51455
25.460000	205.52874
25.480000	205.54674
25.500000	205.66297
25.520000	205.79513
25.540000	205.75931
25.560000	205.76080
25.580000	205.91368
25.600000	206.00071
25.620000	206.01356
25.640000	206.07129
25.660000	206.10379
25.680000	206.12081
25.700000	206.15662
25.720000	206.16808
25.740000	206.19674
25.760000	206.19916
25.780000	206.23566
25.800000	206.07647
25.820000	205.94460
25.840000	206.15314
25.860000	206.42790
25.880000	206.49177
25.900000	206.51750
25.920000	206.50091
25.940000	206.54475
25.960000	206.67896
25.980000	206.65549
26.000000	206.47903
26.020000	206.41351
26.040000	206.42544
26.060000	206.56111
26.080000	206.72085
26.100000	206.62691
26.120000	206.47964
26.140000	206.50074
26.160000	206.57831
26.180000	206.58686
26.200000	206.71169
26.220000	206.93493
26.240000	207.07473
26.260000	206.98048
26.280000	206.85461
26.300000	206.96240
26.320000	206.99573
26.340000	206.99411
26.360000	206.97986
26.380000	206.89119
26.400000	206.85977
26.420000	206.82301
26.440000	206.89121
26.460000	207.04229
26.480000	207.12779
26.500000	207.06646
26.520000	207.12227
26.540000	207.27743
26.560000	207.46673
26.580000	207.52595
26.600000	207.48540
26.620000	207.40043
26.640000	207.37591
26.660000	207.50510
26.680000	207.55842
26.700000	207.52701
26.720000	207.53197
26.740000	207.55258
26.760000	207.45042
26.780000	207.35353
26.800000	207.34961
26.820000	207.47291
26.840000	207.58291
26.860000	207.55167
26.880000	207.52757
26.900000	207.56581
26.920000	207.60534
26.940000	207.58522
26.960000	207.56751
26.980000	207.53545
27.000000	207.60046
27.020000	207.79130
27.040000	207.80694
27.060000	207.92032
27.080000	208.03220
27.100000	207.94957
27.120000	207.75655
27.140000	207.82598
27.160000	208.06552
27.180000	208.15922
27.200000	208.10156
27.220000	208.09825
27.240000	208.18907
27.260000	208.19784
27.280000	208.20550
27.300000	208.23700
27.320000	208.22893
27.340000	208.21489
27.360000	208.24516
27.380000	208.33673
27.400000	208.29985
27.420000	208.39270
27.440000	208.50226
27.460000	208.50917
27.480000	208.59779
27.500000	208.66548
27.520000	208.61278
27.540000	208.56583
27.560000	208.53076
27.580000	208.58260
27.600000	208.65339
27.620000	208.63859
27.640000	208.62489
27.660000	208.65389
27.680000	208.86165
27.700000	208.97791
27.720000	208.88747
27.740000	208.89183
27.760000	208.74562
27.780000	208.71940
27.800000	208.77036
27.820000	208.93395
27.840000	209.18991
27.860000	209.30810
27.880000	209.31595
27.900000	209.24012
27.920000	209.16243
27.940000	209.06895
27.960000	209.09479
27.980000	209.18892
28.000000	209.39138
28.020000	209.43837
28.040000	209.29643
28.060000	209.35577
28.080000	209.49246
28.100000	209.58602
28.120000	209.46877
28.140000	209.26655
28.160000	209.25118
28.180000	209.35244
28.200000	209.46355
28.220000	209.53768
28.240000	209.64926
28.260000	209.67643
28.280000	209.73718
28.300000	209.77489
28.320000	209.64334
28.340000	209.71047
28.360000	209.87605
28.380000	209.82712
28.400000	209.82476
28.420000	209.91913
28.440000	210.00354
28.460000	210.03510
28.480000	210.12809
28.500000	210.15362
28.520000	210.01395
28.540000	209.96190
28.560000	209.99691
28.580000	210.13247
28.600000	210.18592
28.620000	210.15700
28.640000	210.08094
28.660000	210.12985
28.680000	210.08124
28.700000	210.02552
28.720000	210.11957
28.740000	210.22481
28.760000	210.39109
28.780000	210.43493
28.800000	210.27935
28.820000	210.31699
28.840000	210.39791
28.860000	210.36755
28.880000	210.34994
28.900000	210.30309
28.920000	210.27981
28.940000	210.36146
28.960000	210.37067
28.980000	210.33796
29.000000	210.30818
29.020000	210.36754
29.040000	210.47150
29.060000	210.51239
29.080000	210.54707
29.100000	210.55684
29.120000	210.65214
29.140000	210.74078
29.160000	210.78313
29.180000	210.77786
29.200000	210.76929
29.220000	210.73589
29.240000	210.77441
29.260000	210.87474
29.280000	210.88829
29.300000	210.84030
29.320000	210.75373
29.340000	210.72141
29.360000	210.82289
29.380000	210.96034
29.400000	211.02645
29.420000	211.07589
29.440000	211.15664
29.460000	211.13291
29.480000	211.18704
29.500000	211.17860
29.520000	211.13633
29.540000	211.13934
29.560000	211.01240
29.580000	210.94705
29.600000	210.96580
29.620000	211.00532
29.640000	211.12380
29.660000	211.23258
29.680000	211.31977
29.700000	211.33966
29.720000	211.27018
29.740000	211.47129
29.760000	211.58773
29.780000	211.50402
29.800000	211.53549
29.820000	211.52767
29.840000	211.53459
29.860000	211.51753
29.880000	211.50491
29.900000	211.57970
29.920000	211.54359
29.940000	211.45881
29.960000	211.42378
29.980000	211.48946
30.000000	211.69292
30.020000	211.78191
30.040000	211.82540
30.060000	211.85155
30.080000	211.79850
30.100000	211.72858
30.120000	211.69728
30.140000	211.62668
30.160000	211.60025
30.180000	211.68409
30.200000	211.73189
30.220000	211.72990
30.240000	211.73402
30.260000	211.72132
30.280000	211.64213
30.300000	211.66983
30.320000	211.75906
30.340000	211.81828
30.360000	211.86820
30.380000	211.94679
30.400000	211.99555
30.420000	212.04509
30.440000	212.06261
30.460000	211.97173
30.480000	211.86515
30.500000	211.87047
30.520000	211.96400
30.540000	212.01621
30.560000	212.17667
30.580000	212.27667
30.600000	212.26950
30.620000	212.20464
30.640000	212.26922
30.660000	212.28884
30.680000	212.25900
30.700000	212.27692
30.720000	212.18321
30.740000	212.18280
30.760000	212.25488
30.780000	212.31855
30.800000	212.38248
30.820000	212.40361
30.840000	212.30120
30.860000	212.23101
30.880000	212.30868
30.900000	212.50335
30.920000	212.53227
30.940000	212.50409
30.960000	212.47379
30.980000	212.47453
31.000000	212.59279
31.020000	212.69906
31.040000	212.69259
31.060000	212.76929
31.080000	212.80261
31.100000	212.72028
31.120000	212.64338
31.140000	212.66039
31.160000	212.72634
31.180000	212.77718
31.200000	212.83443
31.220000	212.84064
31.240000	212.81732
31.260000	212.72577
31.280000	212.87675
31.300000	212.98536
31.320000	212.90800
31.340000	212.83475
31.360000	212.79150
31.380000	212.80047
31.400000	212.91658
31.420000	212.89860
31.440000	212.90733
31.460000	212.91639
31.480000	212.83246
31.500000	212.88737
31.520000	212.95781
31.540000	212.90546
31.560000	212.93285
31.580000	213.09490
31.600000	213.14751
31.620000	213.18703
31.640000	213.15481
31.660000	213.14883
31.680000	213.28355
31.700000	213.20494
31.720000	213.11431
31.740000	213.17802
31.760000	213.28533
31.780000	213.28509
31.800000	213.19174
31.820000	213.26029
31.840000	213.24571
31.860000	213.34174
31.880000	213.40366
31.900000	213.27460
31.920000	213.07862
31.940000	213.10807
31.960000	213.28319
31.980000	213.35763
32.000000	213.37901
32.020000	213.28308
32.040000	213.29125
32.060000	213.35887
32.080000	213.21313
32.100000	213.19257
32.120000	213.35970
32.140000	213.35152
32.160000	213.44527
32.180000	213.42630
32.200000	213.35864
32.220000	213.46886
32.240000	213.52865
32.260000	213.50162
32.280000	213.69463
32.300000	213.70309
32.320000	213.51798
32.340000	213.48192
32.360000	213.43208
32.380000	213.44099
32.400000	213.60887
32.420000	213.83201
32.440000	213.84695
32.460000	213.66533
32.480000	213.69397
32.500000	213.78675
32.520000	213.70262
32.540000	213.75133
32.560000	213.85519
32.580000	213.90814
32.600000	213.88532
32.620000	213.87264
32.640000	213.93583
32.660000	214.01470
32.680000	214.09141
32.700000	214.03690
32.720000	213.94560
32.740000	213.94478
32.760000	214.02576
32.780000	214.04942
32.800000	214.06021
32.820000	214.10226
32.840000	214.03993
32.860000	214.02511
32.880000	214.12299
32.900000	214.10576
32.920000	214.00932
32.940000	214.04073
32.960000	214.13673
32.980000	214.03983
33.000000	214.06276
33.020000	214.13965
33.040000	214.13563
33.060000	214.12028
33.080000	214.21016
33.100000	214.24172
33.120000	214.22187
33.140000	214.27903
33.160000	214.26507
33.180000	214.29252
33.200000	214.45731
33.220000	214.60331
33.240000	214.58899
33.260000	214.32890
33.280000	214.20277
33.300000	214.22217
33.320000	214.17992
33.340000	214.18280
33.360000	214.15228
33.380000	214.14679
33.400000	214.21871
33.420000	214.33483
33.440000	214.46816
33.460000	214.40869
33.480000	214.35104
33.500000	214.30882
33.520000	214.30149
33.540000	214.41639
33.560000	214.60744
33.580000	214.71533
33.600000	214.68001
33.620000	214.61841
33.640000	214.61940
33.660000	214.65042
33.680000	214.58747
33.700000	214.67846
33.720000	214.75090
33.740000	214.62814
33.760000	214.64442
33.780000	214.79465
33.800000	214.86914
33.820000	214.84789
33.840000	214.92632
33.860000	214.82401
33.880000	214.75237
33.900000	214.74439
33.920000	214.83779
33.940000	214.83126
33.960000	214.90356
33.980000	215.02974
34.000000	215.09466
34.020000	215.02103
34.040000	214.91449
34.060000	214.85939
34.080000	214.82584
34.100000	214.83763
34.120000	214.76523
34.140000	214.71929
34.160000	214.71878
34.180000	214.72763
34.200000	214.76074
34.220000	214.79862
34.240000	214.71961
34.260000	214.74270
34.280000	214.94077
34.300000	215.03791
34.320000	214.95376
34.340000	214.92441
34.360000	214.97978
34.380000	214.90806
34.400000	214.85836
34.420000	214.85169
34.440000	214.76647
34.460000	214.78242
34.480000	214.98969
34.500000	215.21173
34.520000	215.11885
34.540000	215.05716
34.560000	215.05251
34.580000	215.03464
34.600000	214.95835
34.620000	215.04314
34.640000	215.14166
34.660000	215.08613
34.680000	214.98176
34.700000	215.11844
34.720000	215.23884
34.740000	215.10584
34.760000	215.15788
34.780000	215.03994
34.800000	214.98327
34.820000	215.07666
34.840000	215.00693
34.860000	214.95590
34.880000	215.09361
34.900000	215.27776
34.920000	215.39803
34.940000	215.37625
34.960000	215.37878
34.980000	215.39821
35.000000	215.35258
35.020000	215.33547
35.040000	215.33965
35.060000	215.38573
35.080000	215.43385
35.100000	215.34335
35.120000	215.40695
35.140000	215.52902
35.160000	215.43292
35.180000	215.39973
35.200000	215.46148
35.220000	215.41489
35.240000	215.32969
35.260000	215.30770
35.280000	215.26445
35.300000	215.40299
35.320000	215.38854
35.340000	215.35209
35.360000	215.40625
35.380000	215.52887
35.400000	215.71523
35.420000	215.76595
35.440000	215.65423
35.460000	215.53299
35.480000	215.42206
35.500000	215.42188
35.520000	215.60341
35.540000	215.66146
35.560000	215.67104
35.580000	215.76931
35.600000	215.61542
35.620000	215.52053
35.640000	215.55049
35.660000	215.66545
35.680000	215.78434
35.700000	215.81107
35.720000	215.72209
35.740000	215.65516
35.760000	215.57381
35.780000	215.52995
35.800000	215.47309
35.820000	215.38908
35.840000	215.54486
35.860000	215.66667
35.880000	215.67843
35.900000	215.68982
35.920000	215.75798
35.940000	215.76562
35.960000	215.75304
35.980000	215.78850
36.000000	215.76653
36.020000	215.86500
36.040000	215.97364
36.060000	215.94024
36.080000	215.85568
36.100000	215.83852
36.120000	215.79225
36.140000	215.68227
36.160000	215.70237
36.180000	215.83557
36.200000	215.68299
36.220000	215.66205
36.240000	215.76254
36.260000	215.88058
36.280000	216.01395
36.300000	215.96936
36.320000	215.85868
36.340000	215.84221
36.360000	215.79914
36.380000	215.84655
36.400000	215.91798
36.420000	215.93801
36.440000	215.94209
36.460000	215.89855
36.480000	215.81085
36.500000	215.73758
36.520000	215.75891
36.540000	215.82037
36.560000	215.97026
36.580000	216.09035
36.600000	215.98849
36.620000	215.97609
36.640000	215.87411
36.660000	215.89737
36.680000	215.96678
36.700000	215.96030
36.720000	215.99558
36.740000	215.99645
36.760000	215.97592
36.780000	216.09255
36.800000	216.08528
36.820000	215.93875
36.840000	215.96729
36.860000	215.79934
36.880000	215.62354
36.900000	215.75115
36.920000	215.95275
36.940000	216.02835
36.960000	216.04539
36.980000	216.06386
37.000000	216.09125
37.020000	216.09624
37.040000	216.06748
37.060000	215.99663
37.080000	216.05759
37.100000	216.24687
37.120000	216.26352
37.140000	216.24577
37.160000	216.17226
37.180000	216.11299
37.200000	216.22941
37.220000	216.10644
37.240000	216.03375
37.260000	216.15536
37.280000	216.18936
37.300000	216.19390
37.320000	216.21745
37.340000	216.08385
37.360000	215.99932
37.380000	216.09682
37.400000	216.08191
37.420000	216.18719
37.440000	216.28856
37.460000	216.36929
37.480000	216.20805
37.500000	216.44265
37.520000	216.42265
37.540000	216.26906
37.560000	216.22007
37.580000	216.27472
37.600000	216.31504
37.620000	216.28459
37.640000	216.11279
37.660000	216.20108
37.680000	216.23501
37.700000	216.18164
37.720000	216.31627
37.740000	216.19055
37.760000	215.99171
37.780000	216.15519
37.800000	216.25419
37.820000	216.20564
37.840000	216.22221
37.860000	216.24936
37.880000	216.21763
37.900000	216.10952
37.920000	216.06018
37.940000	216.08945
37.960000	216.03841
37.980000	216.05833
38.000000	216.15112
38.020000	216.30565
38.040000	216.43870
38.060000	216.48445
38.080000	216.44284
38.100000	216.41777
38.120000	216.46328
38.140000	216.45903
38.160000	216.35107
38.180000	216.22288
38.200000	216.11696
38.220000	216.13105
38.240000	216.26937
38.260000	216.40646
38.280000	216.36887
38.300000	216.12778
38.320000	216.12108
38.340000	216.26512
38.360000	216.36395
38.380000	216.26551
38.400000	216.15671
38.420000	216.07668
38.440000	216.10969
38.460000	216.32745
38.480000	216.48116
38.500000	216.32766
38.520000	216.25285
38.540000	216.39655
38.560000	216.31181
38.580000	216.18228
38.600000	215.98425
38.620000	216.00496
38.640000	216.21805
38.660000	216.19195
38.680000	216.34032
38.700000	216.28202
38.720000	216.06018
38.740000	216.17148
38.760000	216.21886
38.780000	216.31903
38.800000	216.36379
38.820000	216.25927
38.840000	216.17432
38.860000	216.16962
38.880000	216.16814
38.900000	216.03081
38.920000	216.00654
38.940000	216.09580
38.960000	216.20705
38.980000	216.20816
39.000000	216.03201
39.020000	216.12291
39.040000	216.20858
39.060000	216.35954
39.080000	216.26489
39.100000	216.10400
39.120000	216.09341
39.140000	216.22607
39.160000	216.24562
39.180000	216.31421
39.200000	216.26332
39.220000	216.11379
39.240000	216.11139
39.260000	216.06223
39.280000	216.13190
39.300000	216.20184
39.320000	216.19262
39.340000	216.13621
39.360000	216.09771
39.380000	216.05495
39.400000	216.09009
39.420000	216.13954
39.440000	216.11978
39.460000	216.15640
39.480000	216.35976
39.500000	216.40714
39.520000	216.28869
39.540000	216.17390
39.560000	216.06050
39.580000	216.01253
39.600000	216.12789
39.620000	216.20355
39.640000	216.27522
39.660000	216.27283
39.680000	216.23725
39.700000	216.07268
39.720000	216.01810
39.740000	216.02838
39.760000	216.08505
39.780000	216.13827
39.800000	216.23423
39.820000	216.25032
39.840000	216.12466
39.860000	216.01993
39.880000	216.04645
39.900000	216.24463
39.920000	216.23335
39.940000	216.31006
39.960000	216.41508
39.980000	216.27647
40.000000	216.08985
40.020000	216.15300
40.040000	216.12724
40.060000	216.12221
40.080000	216.07271
40.100000	215.96962
40.120000	216.07112
40.140000	216.16153
40.160000	216.27052
40.180000	216.08197
40.200000	215.96100
40.220000	215.96521
40.240000	216.07115
40.260000	216.13017
40.280000	216.06942
40.300000	215.95903
40.320000	215.98038
40.340000	216.06289
40.360000	216.04459
40.380000	215.99453
40.400000	215.95359
40.420000	216.08547
40.440000	216.12478
40.460000	215.98975
40.480000	216.15160
40.500000	215.95059
40.520000	215.80676
40.540000	215.73677
40.560000	215.83045
40.580000	215.87151
40.600000	215.89003
40.620000	215.82112
40.640000	215.83077
40.660000	215.72889
40.680000	215.77457
40.700000	215.86684
40.720000	215.83673
40.740000	215.83135
40.760000	215.92706
40.780000	215.98389
40.800000	216.06908
40.820000	215.97406
40.840000	215.92926
40.860000	215.87720
40.880000	215.87671
40.900000	215.98069
40.920000	215.98298
40.940000	216.06561
40.960000	215.99933
40.980000	215.97038
41.000000	216.16264
41.020000	216.05024
41.040000	215.81062
41.060000	215.78015
41.080000	215.81593
41.100000	215.80094
41.120000	215.79521
41.140000	216.12479
41.160000	216.04927
41.180000	215.95033
41.200000	216.04035
41.220000	215.80381
41.240000	215.77626
41.260000	215.93644
41.280000	215.99781
41.300000	215.89003
41.320000	215.91586
41.340000	215.75744
41.360000	215.68806
41.380000	215.77429
41.400000	215.80999
41.420000	215.71368
41.440000	215.80083
41.460000	216.02913
41.480000	215.92671
41.500000	215.90164
41.520000	216.05646
41.540000	216.17892
41.560000	216.05201
41.580000	215.96108
41.600000	215.90055
41.620000	215.80174
41.640000	215.93321
41.660000	215.95051
41.680000	215.82382
41.700000	215.87873
41.720000	215.98838
41.740000	215.91108
41.760000	215.81141
41.780000	215.78593
41.800000	215.76810
41.820000	215.95832
41.840000	215.99686
41.860000	215.98252
41.880000	215.88155
41.900000	215.75431
41.920000	215.70666
41.940000	215.59422
41.960000	215.71595
41.980000	215.71595
42.000000	215.61305
42.020000	215.50697
42.040000	215.68879
42.060000	215.67470
42.080000	215.74699
42.100000	215.83402
42.120000	215.78214
42.140000	215.47657
42.160000	215.46634
42.180000	215.35395
42.200000	215.29840
42.220000	215.45986
42.240000	215.41629
42.260000	215.45110
42.280000	215.41102
42.300000	215.53972
42.320000	215.64337
42.340000	215.70665
42.360000	215.77810
42.380000	215.64696
42.400000	215.61207
42.420000	215.60683
42.440000	215.50879
42.460000	215.44585
42.480000	215.47155
42.500000	215.56344
42.520000	215.49678
42.540000	215.51902
42.560000	215.57273
42.580000	215.55771
42.600000	215.63246
42.620000	215.61599
42.640000	215.66505
42.660000	215.56228
42.680000	215.68543
42.700000	215.69091
42.720000	215.82684
42.740000	215.92250
42.760000	215.89115
42.780000	215.61973
42.800000	215.52443
42.820000	215.73428
42.840000	215.74987
42.860000	215.53157
42.880000	215.29064
42.900000	215.33905
42.920000	215.42072
42.940000	215.36741
42.960000	215.41638
42.980000	215.43653
43.000000	215.33942
43.020000	215.35228
43.040000	215.44222
43.060000	215.57029
43.080000	215.39976
43.100000	215.42370
43.120000	215.64296
43.140000	215.57115
43.160000	215.47716
43.180000	215.31598
43.200000	215.34569
43.220000	215.26781
43.240000	215.22127
43.260000	215.22501
43.280000	215.25369
43.300000	215.32884
43.320000	215.38760
43.340000	215.48479
43.360000	215.34230
43.380000	215.23703
43.400000	215.40859
43.420000	215.31343
43.440000	215.29438
43.460000	215.36776
43.480000	215.40179
43.500000	215.32771
43.520000	215.35961
43.540000	215.14730
43.560000	215.20941
43.580000	215.24213
43.600000	215.28860
43.620000	215.21609
43.640000	214.84661
43.660000	214.95915
43.680000	215.16524
43.700000	215.12679
43.720000	215.08723
43.740000	215.08939
43.760000	214.96961
43.780000	215.09202
43.800000	215.25819
43.820000	215.16886
43.840000	215.01060
43.860000	215.08130
43.880000	215.15817
43.900000	215.41214
43.920000	215.32075
43.940000	215.07862
43.960000	215.19574
43.980000	215.01169
44.000000	214.90281
44.020000	214.91892
44.040000	215.09832
44.060000	215.10105
44.080000	215.07057
44.100000	215.14713
44.120000	215.15878
44.140000	215.15887
44.160000	215.03715
44.180000	214.90791
44.200000	214.84163
44.220000	214.93280
44.240000	215.07947
44.260000	215.00267
44.280000	214.73964
44.300000	214.88143
44.320000	215.06873
44.340000	215.09085
44.360000	215.14343
44.380000	214.87974
44.400000	214.89656
44.420000	214.94130
44.440000	214.75744
44.460000	214.77720
44.480000	214.86961
44.500000	214.82483
44.520000	214.84505
44.540000	214.97581
44.560000	215.14763
44.580000	215.04822
44.600000	214.79634
44.620000	214.92216
44.640000	214.81154
44.660000	214.64854
44.680000	214.78150
44.700000	214.81929
44.720000	214.95920
44.740000	214.71490
44.760000	214.66123
44.780000	214.60282
44.800000	214.65336
44.820000	214.51477
44.840000	214.36179
44.860000	214.46358
44.880000	214.69589
44.900000	214.70083
44.920000	214.66292
44.940000	214.41879
44.960000	214.32393
44.980000	214.43184
45.000000	214.56235
45.020000	214.66070
45.040000	214.67337
45.060000	214.66387
45.080000	214.42408
45.100000	214.27971
45.120000	214.20602
45.140000	214.37667
45.160000	214.38766
45.180000	214.23779
45.200000	214.14463
45.220000	214.29265
45.240000	214.42317
45.260000	214.49435
45.280000	214.49422
45.300000	214.46879
45.320000	214.44543
45.340000	214.40695
45.360000	214.37340
45.380000	214.35312
45.400000	214.49557
45.420000	214.49165
45.440000	214.32328
45.460000	214.42288
45.480000	214.32064
45.500000	214.31844
45.520000	214.10247
45.540000	214.11642
45.560000	214.24937
45.580000	214.24648
45.600000	214.25614
45.620000	214.18776
45.640000	214.13452
45.660000	214.23180
45.680000	214.30860
45.700000	214.40025
45.720000	214.28804
45.740000	214.03978
45.760000	214.14541
45.780000	214.00041
45.800000	214.06262
45.820000	214.19892
45.840000	214.15039
45.860000	214.10971
45.880000	213.96126
45.900000	214.02474
45.920000	214.25191
45.940000	214.40109
45.960000	214.37157
45.980000	214.21667
46.000000	214.05964
46.020000	214.04580
46.040000	214.19550
46.060000	214.16185
46.080000	214.04134
46.100000	214.02096
46.120000	214.10041
46.140000	214.08932
46.160000	213.95719
46.180000	213.80882
46.200000	213.91672
46.220000	214.00364
46.240000	213.82568
46.260000	213.84451
46.280000	213.90093
46.300000	213.99580
46.320000	214.22923
46.340000	214.16747
46.360000	214.05188
46.380000	213.99903
46.400000	213.96929
46.420000	214.00267
46.440000	213.89532
46.460000	214.05487
46.480000	214.07442
46.500000	214.01711
46.520000	213.87341
46.540000	213.83468
46.560000	213.80805
46.580000	213.86032
46.600000	213.80441
46.620000	213.65291
46.640000	213.76068
46.660000	213.97449
46.680000	213.98416
46.700000	213.97592
46.720000	213.77711
46.740000	213.56710
46.760000	213.53613
46.780000	213.50759
46.800000	213.37917
46.820000	213.44607
46.840000	213.55181
46.860000	213.55553
46.880000	213.45343
46.900000	213.52782
46.920000	213.56130
46.940000	213.61040
46.960000	213.68996
46.980000	213.57800
47.000000	213.62113
47.020000	213.50447
47.040000	213.38542
47.060000	213.47326
47.080000	213.36118
47.100000	213.36268
47.120000	213.32097
47.140000	213.31904
47.160000	213.31011
47.180000	213.35812
47.200000	213.49587
47.220000	213.66360
47.240000	213.45215
47.260000	213.47575
47.280000	213.22973
47.300000	213.30920
47.320000	213.22023
47.340000	213.27532
47.360000	213.44550
47.380000	213.31083
47.400000	213.14191
47.420000	213.23089
47.440000	213.37671
47.460000	213.28410
47.480000	213.23994
47.500000	213.14613
47.520000	213.26075
47.540000	213.21770
47.560000	213.24374
47.580000	213.26556
47.600000	213.13741
47.620000	213.16177
47.640000	213.08188
47.660000	213.16013
47.680000	213.02825
47.700000	213.21732
47.720000	213.31574
47.740000	213.20777
47.760000	213.43151
47.780000	213.37874
47.800000	213.07229
47.820000	213.00644
47.840000	212.83866
47.860000	212.72867
47.880000	212.95480
47.900000	212.95137
47.920000	212.90165
47.940000	212.98863
47.960000	213.09237
47.980000	213.03763
48.000000	212.84973
48.020000	212.82479
48.040000	212.97978
48.060000	213.08297
48.080000	213.06597
48.100000	212.90203
48.120000	212.85048
48.140000	212.75928
48.160000	212.77350
48.180000	213.03491
48.200000	213.03450
48.220000	212.79299
48.240000	212.68826
48.260000	212.84362
48.280000	212.85350
48.300000	212.94232
48.320000	212.86378
48.340000	212.74014
48.360000	212.76656
48.380000	212.76578
48.400000	212.71001
48.420000	212.85890
48.440000	213.18738
48.460000	212.96998
48.480000	212.84057
48.500000	212.89796
48.520000	212.84842
48.540000	212.84015
48.560000	213.01413
48.580000	212.92030
48.600000	212.63727
48.620000	212.65155
48.640000	212.75034
48.660000	212.59230
48.680000	212.47998
48.700000	212.60349
48.720000	212.55386
48.740000	212.42540
48.760000	212.63497
48.780000	212.63322
48.800000	212.59113
48.820000	212.56787
48.840000	212.59504
48.860000	212.54194
48.880000	212.42627
48.900000	212.38777
48.920000	212.46680
48.940000	212.49695
48.960000	212.29095
48.980000	212.31405
49.000000	212.32721
49.020000	212.47918
49.040000	212.40241
49.060000	212.24612
49.080000	212.26173
49.100000	212.38138
49.120000	212.18058
49.140000	212.13147
49.160000	212.37675
49.180000	212.38900
49.200000	212.07047
49.220000	212.08860
49.240000	212.20744
49.260000	212.15386
49.280000	211.98642
49.300000	212.16780
49.320000	212.19135
49.340000	212.24521
49.360000	212.24205
49.380000	212.04363
49.400000	212.20277
49.420000	212.39457
49.440000	212.15754
49.460000	212.06463
49.480000	212.05729
49.500000	212.11190
49.520000	212.09719
49.540000	212.21873
49.560000	212.34182
49.580000	211.93536
49.600000	211.75178
49.620000	212.10291
49.640000	212.05733
49.660000	212.05085
49.680000	211.99446
49.700000	211.95253
49.720000	211.91050
49.740000	211.83064
49.760000	211.60209
49.780000	211.59402
49.800000	211.71246
49.820000	211.80431
49.840000	212.16822
49.860000	211.71193
49.880000	211.57176
49.900000	211.66247
49.920000	211.66318
49.940000	211.61792
49.960000	211.90354
49.980000	211.79890
50.000000	211.76060
50.020000	211.63894
50.040000	211.69322
50.060000	211.75802
50.080000	211.84391
50.100000	211.38941
50.120000	211.44165
50.140000	211.77206
50.160000	211.90429
50.180000	211.83727
50.200000	211.65007
50.220000	211.50294
50.240000	211.44791
50.260000	211.39978
50.280000	211.45912
50.300000	211.44674
50.320000	211.32465
50.340000	211.46253
50.360000	211.51636
50.380000	211.59096
50.400000	211.50130
50.420000	211.51391
50.440000	211.56127
50.460000	211.42253
50.480000	211.31302
50.500000	211.11774
50.520000	211.18371
50.540000	211.27225
50.560000	211.21378
50.580000	211.13182
50.600000	210.86287
50.620000	211.18355
50.640000	211.17129
50.660000	211.33264
50.680000	211.44067
50.700000	211.19356
50.720000	211.09430
50.740000	211.11229
50.760000	210.92216
50.780000	211.00677
50.800000	210.97640
50.820000	211.20318
50.840000	211.21010
50.860000	211.15250
50.880000	211.07705
50.900000	211.35475
50.920000	211.11247
50.940000	211.32156
50.960000	211.30479
50.980000	211.11431
51.000000	211.14757
51.020000	211.19131
51.040000	211.06671
51.060000	211.07640
51.080000	211.10431
51.100000	211.27688
51.120000	211.20928
51.140000	211.14021
51.160000	211.14254
51.180000	210.91234
51.200000	211.05596
51.220000	210.85999
51.240000	210.79075
51.260000	210.92092
51.280000	210.63648
51.300000	210.72675
51.320000	210.76819
51.340000	210.88669
51.360000	211.16518
51.380000	211.18046
51.400000	211.18483
51.420000	211.16629
51.440000	210.97605
51.460000	211.04309
51.480000	211.09109
51.500000	210.70230
51.520000	210.74482
51.540000	210.59942
51.560000	210.59403
51.580000	210.89224
51.600000	210.92486
51.620000	210.57938
51.640000	210.78448
51.660000	210.74442
51.680000	210.78447
51.700000	210.86292
51.720000	210.66121
51.740000	210.71319
51.760000	210.48268
51.780000	210.44309
51.800000	210.57369
51.820000	210.60666
51.840000	210.55097
51.860000	210.50826
51.880000	210.29833
51.900000	210.32416
51.920000	210.38034
51.940000	210.53074
51.960000	210.37814
51.980000	210.48875
52.000000	210.57862
52.020000	210.50661
52.040000	210.43212
52.060000	210.48472
52.080000	210.35963
52.100000	210.41324
52.120000	210.42965
52.140000	210.45196
52.160000	210.21174
52.180000	210.26350
52.200000	210.41384
52.220000	210.27115
52.240000	210.32140
52.260000	210.24950
52.280000	210.29956
52.300000	210.20712
52.320000	210.25428
52.340000	210.05114
52.360000	210.00251
52.380000	210.35842
52.400000	210.39283
52.420000	210.66645
52.440000	210.36655
52.460000	210.22652
52.480000	210.27053
52.500000	209.89397
52.520000	209.71865
52.540000	209.87428
52.560000	210.07862
52.580000	209.73664
52.600000	209.78553
52.620000	209.86129
52.640000	209.99628
52.660000	209.96113
52.680000	209.81050
52.700000	209.91476
52.720000	209.70716
52.740000	209.85890
52.760000	209.69017
52.780000	210.01657
52.800000	209.96333
52.820000	209.64431
52.840000	209.71714
52.860000	209.74024
52.880000	209.80045
52.900000	209.93760
52.920000	210.07053
52.940000	209.89786
52.960000	209.71088
52.980000	209.65693
53.000000	209.80697
53.020000	209.68122
53.040000	209.47519
53.060000	209.61461
53.080000	209.72356
53.100000	209.54752
53.120000	209.80462
53.140000	209.68358
53.160000	209.44464
53.180000	209.50206
53.200000	209.53235
53.220000	209.28423
53.240000	209.39094
53.260000	209.43643
53.280000	209.43888
53.300000	209.33435
53.320000	209.49959
53.340000	209.53911
53.360000	209.38156
53.380000	209.30234
53.400000	209.17082
53.420000	209.14274
53.440000	209.28063
53.460000	209.14738
53.480000	209.22612
53.500000	209.32971
53.520000	209.36199
53.540000	209.01228
53.560000	209.05369
53.580000	209.05476
53.600000	209.03083
53.620000	209.17754
53.640000	209.03402
53.660000	208.98956
53.680000	209.16982
53.700000	208.89568
53.720000	208.86792
53.740000	209.31606
53.760000	209.09773
53.780000	208.94899
53.800000	208.82703
53.820000	209.09207
53.840000	209.20054
53.860000	209.11336
53.880000	208.88047
53.900000	208.59381
53.920000	208.66566
53.940000	208.94453
53.960000	208.85387
53.980000	208.68418
54.000000	208.73268
54.020000	208.96708
54.040000	208.89309
54.060000	208.78561
54.080000	208.83597
54.100000	208.98594
54.120000	209.05670
54.140000	208.93633
54.160000	208.92101
54.180000	208.71848
54.200000	208.61661
54.220000	208.42361
54.240000	208.60587
54.260000	208.34713
54.280000	208.47264
54.300000	208.56730
54.320000	208.62720
54.340000	208.37588
54.360000	208.56705
54.380000	208.53909
54.400000	208.58309
54.420000	208.82574
54.440000	208.74982
54.460000	208.74993
54.480000	208.46973
54.500000	208.37135
54.520000	208.60426
54.540000	208.50143
54.560000	208.47605
54.580000	208.51441
54.600000	208.47597
54.620000	208.35201
54.640000	208.60035
54.660000	208.48474
54.680000	208.85628
54.700000	208.31014
54.720000	208.41400
54.740000	208.02426
54.760000	208.07401
54.780000	208.32852
54.800000	208.57735
54.820000	208.38261
54.840000	208.25631
54.860000	208.29724
54.880000	208.57436
54.900000	208.29285
54.920000	208.19468
54.940000	208.12455
54.960000	208.16058
54.980000	208.26246
55.000000	208.26869
55.020000	208.23524
55.040000	208.23693
55.060000	208.49858
55.080000	208.27311
55.100000	208.39638
55.120000	208.17847
55.140000	208.27242
55.160000	208.09446
55.180000	208.01424
55.200000	208.09125
55.220000	208.32787
55.240000	208.45599
55.260000	208.18463
55.280000	208.16089
55.300000	208.12924
55.320000	208.03226
55.340000	208.17292
55.360000	208.23090
55.380000	208.26019
55.400000	208.21389
55.420000	208.11875
55.440000	207.89789
55.460000	207.98907
55.480000	207.98071
55.500000	208.16244
55.520000	208.06745
55.540000	207.95975
55.560000	208.35197
55.580000	208.35599
55.600000	208.14684
55.620000	208.04198
55.640000	208.17286
55.660000	207.85251
55.680000	208.16512
55.700000	208.18101
55.720000	208.06396
55.740000	208.08310
55.760000	208.13726
55.780000	207.96442
55.800000	208.10682
55.820000	208.07334
55.840000	207.92091
55.860000	207.95581
55.880000	207.90171
55.900000	207.98942
55.920000	207.91316
55.940000	207.86057
55.960000	207.60760
55.980000	207.73847
56.000000	207.83584
56.020000	207.90285
56.040000	207.67448
56.060000	207.79831
56.080000	207.90994
56.100000	207.62819
56.120000	207.78940
56.140000	207.72414
56.160000	207.53197
56.180000	207.57176
56.200000	207.80303
56.220000	207.79534
56.240000	207.47669
56.260000	207.95305
56.280000	207.94056
56.300000	207.90495
56.320000	207.70406
56.340000	207.39025
56.360000	207.63693
56.380000	207.38172
56.400000	207.48462
56.420000	207.54171
56.440000	207.81429
56.460000	207.82676
56.480000	207.72677
56.500000	207.93257
56.520000	207.80172
56.540000	207.67932
56.560000	207.54603
56.580000	207.49875
56.600000	207.43283
56.620000	207.58340
56.640000	207.56923
56.660000	207.57179
56.680000	207.46012
56.700000	207.62889
56.720000	207.34097
56.740000	207.60862
56.760000	207.53810
56.780000	207.65454
56.800000	207.28892
56.820000	207.51444
56.840000	207.39679
56.860000	207.52801
56.880000	207.74517
56.900000	207.86651
56.920000	207.79604
56.940000	207.56169
56.960000	207.35835
56.980000	207.26438
57.000000	207.51833
57.020000	207.81901
57.040000	207.74716
57.060000	207.48067
57.080000	207.30411
57.100000	207.78604
57.120000	207.30873
57.140000	207.35633
57.160000	207.47473
57.180000	207.87463
57.200000	207.72068
57.220000	207.19661
57.240000	207.38790
57.260000	207.60115
57.280000	207.47906
57.300000	207.74130
57.320000	207.46638
57.340000	207.11557
57.360000	207.45509
57.380000	207.67019
57.400000	207.37527
57.420000	207.13242
57.440000	206.92465
57.460000	207.54469
57.480000	207.37951
57.500000	207.31102
57.520000	207.74701
57.540000	207.65114
57.560000	207.52777
57.580000	207.34630
57.600000	207.47458
57.620000	207.70521
57.640000	207.61305
57.660000	207.54849
57.680000	207.80681
57.700000	207.47336
57.720000	207.34607
57.740000	207.51350
57.760000	207.65447
57.780000	207.44471
57.800000	207.45681
57.820000	207.56340
57.840000	207.69551
57.860000	207.26696
57.880000	207.22681
57.900000	207.54446
57.920000	207.50494
57.940000	207.73856
57.960000	207.67769
57.980000	207.46532
58.000000	207.71666
58.020000	207.44024
58.040000	207.71257
58.060000	207.75557
58.080000	207.82870
58.100000	207.51311
58.120000	207.44073
58.140000	207.80108
58.160000	207.69076
58.180000	207.51269
58.200000	207.70544
58.220000	207.51435
58.240000	207.69219
58.260000	207.54050
58.280000	207.89790
58.300000	207.64917
58.320000	207.53678
58.340000	207.68922
58.360000	207.95538
58.380000	207.97891
58.400000	207.80295
58.420000	207.61115
58.440000	207.79485
58.460000	207.88255
58.480000	207.99105
58.500000	207.78936
58.520000	207.94519
58.540000	207.55197
58.560000	207.63601
58.580000	207.81597
58.600000	207.98245
58.620000	207.98360
58.640000	207.77910
58.660000	208.09313
58.680000	207.83289
58.700000	207.81327
58.720000	207.78074
58.740000	207.59884
58.760000	207.56446
58.780000	207.80129
58.800000	207.85045
58.820000	207.73777
58.840000	207.60327
58.860000	207.47603
58.880000	207.78783
58.900000	207.69791
58.920000	207.78245
58.940000	208.04645
58.960000	207.77187
58.980000	207.80184
59.000000	207.84574
59.020000	207.73260
59.040000	207.58671
59.060000	207.58347
59.080000	207.63737
59.100000	207.78290
59.120000	207.77426
59.140000	207.90634
59.160000	207.87505
59.180000	207.39147
59.200000	207.41732
59.220000	207.92907
59.240000	207.60612
59.260000	207.66233
59.280000	207.70125
59.300000	207.95730
59.320000	207.87949
59.340000	207.43040
59.360000	207.63075
59.380000	207.66716
59.400000	207.82838
59.420000	208.10345
59.440000	208.18277
59.460000	208.12197
59.480000	207.90528
59.500000	207.71636
59.520000	207.96928
59.540000	207.73200
59.560000	207.80171
59.580000	207.74010
59.600000	207.99050
59.620000	207.86679
59.640000	207.86307
59.660000	207.92173
59.680000	207.83600
59.700000	208.15420
59.720000	208.23389
59.740000	208.31573
59.760000	208.01674
59.780000	208.22017
59.800000	208.06898
59.820000	207.91368
59.840000	207.76850
59.860000	207.67791
59.880000	208.00391
59.900000	208.12261
59.920000	208.10033
59.940000	208.16217
59.960000	207.67847
59.980000	208.07072
60.000000	208.09708
