0.0000000	561.66740
0.020000000	561.66740
0.040000000	565.47380
0.060000000	565.03691
0.080000000	568.70809
0.10000000	572.52912
0.12000000	576.09920
0.14000000	580.60876
0.16000000	583.76892
0.18000000	586.51830
0.20000000	591.95889
0.22000000	595.95757
0.24000000	602.06096
0.26000000	608.72077
0.28000000	620.15048
0.30000000	638.45054
0.32000000	688.37746
0.34000000	755.99350
0.36000000	890.10021
0.38000000	1074.2373
0.40000000	1230.0195
0.42000000	1412.3703
0.44000000	1539.2736
0.46000000	1712.1670
0.48000000	1854.3784
0.50000000	1951.4178
0.52000000	2057.9008
0.54000000	2181.3358
0.56000000	2267.4597
0.58000000	2358.3996
0.60000000	2454.3191
0.62000000	2533.8271
0.64000000	2631.5954
0.66000000	2724.9489
0.68000000	2845.8560
0.70000000	2973.5342
0.72000000	3141.6271
0.74000000	3291.1491
0.76000000	3470.8125
0.78000000	3601.2232
0.80000000	3717.7907
0.82000000	3817.7524
0.84000000	3898.5545
0.86000000	3975.3383
0.88000000	4037.9821
0.90000000	4095.2157
0.92000000	4146.0108
0.94000000	4203.7699
0.96000000	4250.5167
0.98000000	4293.6330
1.0000000	4334.1789
1.0200000	4372.2601
1.0400000	4408.5245
1.0600000	4441.2748
1.0800000	4472.5237
1.1000000	4502.6362
1.1200000	4531.6361
1.1400000	4558.9363
1.1600000	4587.7702
1.1800000	4612.1453
1.2000000	4637.2709
1.2200000	4661.8419
1.2400000	4684.4637
1.2600000	4706.5400
1.2800000	4731.9297
1.3000000	4753.1942
1.3200000	4772.9481
1.3400000	4796.3150
1.3600000	4819.6800
1.3800000	4844.9360
1.4000000	4870.5932
1.4200000	4899.4008
1.4400000	4930.7006
1.4600000	4963.5697
1.4800000	4998.2326
1.5000000	5041.2175
1.5200000	5084.7994
1.5400000	5132.5337
1.5600000	5185.6694
1.5800000	5236.8119
1.6000000	5295.8661
1.6200000	5359.6113
1.6400000	5428.1847
1.6600000	5499.1757
1.6800000	5582.1963
1.7000000	5663.5467
1.7200000	5757.8886
1.7400000	5855.7345
1.7600000	5955.8892
1.7800000	6070.2182
1.8000000	6183.3520
1.8200000	6303.4127
1.8400000	6428.6135
1.8600000	6562.1102
1.8800000	6691.8926
1.9000000	6838.9449
1.9200000	6974.3183
1.9400000	7115.2056
1.9600000	7263.9405
1.9800000	7401.1810
2.0000000	7543.2079
2.0200000	7682.8032
2.0400000	7811.0620
2.0600000	7931.2760
2.0800000	8048.8867
2.1000000	8143.2300
2.1200000	8233.3438
2.1400000	8303.9916
2.1600000	8357.3691
2.1800000	8395.0096
2.2000000	8411.8986
2.2200000	8411.0856
2.2400000	8392.6520
2.2600000	8354.7535
2.2800000	8303.4379
2.3000000	8227.6535
2.3200000	8144.7552
2.3400000	8043.2569
2.3600000	7926.0603
2.3800000	7803.5040
2.4000000	7674.2295
2.4200000	7529.5607
2.4400000	7389.2455
2.4600000	7241.7894
2.4800000	7085.1494
2.5000000	6941.9646
2.5200000	6785.3765
2.5400000	6637.0000
2.5600000	6489.3117
2.5800000	6343.9090
2.6000000	6197.2404
2.6200000	6063.7763
2.6400000	5921.9432
2.6600000	5792.4130
2.6800000	5666.3741
2.7000000	5538.6680
2.7200000	5422.9368
2.7400000	5310.4075
2.7600000	5199.0051
2.7800000	5093.2862
2.8000000	4994.7504
2.8200000	4892.6795
2.8400000	4804.4453
2.8600000	4714.3505
2.8800000	4628.1004
2.9000000	4549.3528
2.9200000	4471.2941
2.9400000	4396.6794
2.9600000	4325.3565
2.9800000	4254.4520
3.0000000	4184.0617
3.0200000	4121.0515
3.0400000	4055.9328
3.0600000	3998.3063
3.0800000	3942.2217
3.1000000	3886.5299
3.1200000	3833.6067
3.1400000	3783.8567
3.1600000	3734.6232
3.1800000	3688.8974
3.2000000	3645.5243
3.2200000	3601.0584
3.2400000	3561.6826
3.2600000	3521.1904
3.2800000	3482.4135
3.3000000	3445.7408
3.3200000	3410.2672
3.3400000	3374.4378
3.3600000	3341.1430
3.3800000	3307.6290
3.4000000	3274.8039
3.4200000	3244.8392
3.4400000	3213.3802
3.4600000	3184.2893
3.4800000	3154.8776
3.5000000	3125.9103
3.5200000	3096.8534
3.5400000	3069.2189
3.5600000	3040.0235
3.5800000	3013.3326
3.6000000	2986.2278
3.6200000	2958.2764
3.6400000	2930.8566
3.6600000	2903.2857
3.6800000	2875.1029
3.7000000	2847.7006
3.7200000	2820.5927
3.7400000	2792.2253
3.7600000	2765.7146
3.7800000	2736.9726
3.8000000	2708.9838
3.8200000	2681.4160
3.8400000	2653.4659
3.8600000	2624.9483
3.8800000	2597.3532
3.9000000	2569.3679
3.9200000	2542.5408
3.9400000	2517.2724
3.9600000	2491.4672
3.9800000	2468.4496
4.0000000	2446.1468
4.0200000	2425.7316
4.0400000	2406.6441
4.0600000	2389.4465
4.0800000	2373.0259
4.1000000	2359.9193
4.1200000	2348.8158
4.1400000	2339.4327
4.1600000	2331.7198
4.1800000	2325.6076
4.2000000	2321.3494
4.2200000	2318.5678
4.2400000	2316.9231
4.2600000	2315.8806
4.2800000	2315.6322
4.3000000	2315.5001
4.3200000	2316.0077
4.3400000	2316.7193
4.3600000	2317.1579
4.3800000	2317.1700
4.4000000	2317.1388
4.4200000	2317.0330
4.4400000	2316.4385
4.4600000	2315.5005
4.4800000	2313.8360
4.5000000	2311.9170
4.5200000	2309.4281
4.5400000	2306.8567
4.5600000	2304.0469
4.5800000	2301.0648
4.6000000	2298.0042
4.6200000	2294.8223
4.6400000	2291.0641
4.6600000	2286.5703
4.6800000	2282.9142
4.7000000	2278.9845
4.7200000	2275.0687
4.7400000	2271.1466
4.7600000	2267.3183
4.7800000	2263.7538
4.8000000	2260.0198
4.8200000	2255.6303
4.8400000	2250.3622
4.8600000	2244.8126
4.8800000	2239.0662
4.9000000	2234.1796
4.9200000	2229.2558
4.9400000	2224.6938
4.9600000	2220.1166
4.9800000	2216.2044
5.0000000	2212.0269
5.0200000	2208.2456
5.0400000	2204.0360
5.0600000	2200.4926
5.0800000	2197.1733
5.1000000	2194.1080
5.1200000	2190.7934
5.1400000	2187.9619
5.1600000	2185.4062
5.1800000	2182.6553
5.2000000	2180.4444
5.2200000	2178.6824
5.2400000	2176.8969
5.2600000	2174.9550
5.2800000	2173.3126
5.3000000	2172.0453
5.3200000	2171.3021
5.3400000	2170.8900
5.3600000	2170.4045
5.3800000	2169.8248
5.4000000	2169.4670
5.4200000	2169.2711
5.4400000	2169.4203
5.4600000	2169.8027
5.4800000	2170.7585
5.5000000	2171.9795
5.5200000	2173.4256
5.5400000	2174.8763
5.5600000	2176.9228
5.5800000	2179.3891
5.6000000	2182.5669
5.6200000	2186.5721
5.6400000	2191.0227
5.6600000	2194.8775
5.6800000	2198.6042
5.7000000	2202.3337
5.7200000	2206.2505
5.7400000	2210.4684
5.7600000	2215.8603
5.7800000	2221.1985
5.8000000	2226.5798
5.8200000	2232.2262
5.8400000	2237.6593
5.8600000	2243.6409
5.8800000	2249.5833
5.9000000	2255.8913
5.9200000	2262.2612
5.9400000	2268.8628
5.9600000	2275.6269
5.9800000	2282.7140
6.0000000	2289.9356
6.0200000	2296.9396
6.0400000	2304.3086
6.0600000	2311.9050
6.0800000	2319.3940
6.1000000	2327.1041
6.1200000	2334.2662
6.1400000	2341.4149
6.1600000	2348.4161
6.1800000	2355.2574
6.2000000	2362.0739
6.2200000	2368.8177
6.2400000	2375.1377
6.2600000	2380.8705
6.2800000	2386.5631
6.3000000	2391.8905
6.3200000	2397.0790
6.3400000	2401.8407
6.3600000	2406.0741
6.3800000	2410.4170
6.4000000	2414.5096
6.4200000	2418.0537
6.4400000	2421.1852
6.4600000	2423.8953
6.4800000	2426.0850
6.5000000	2428.1533
6.5200000	2429.5439
6.5400000	2430.5160
6.5600000	2431.3213
6.5800000	2431.9310
6.6000000	2432.0573
6.6200000	2432.0275
6.6400000	2431.7677
6.6600000	2431.4279
6.6800000	2431.0658
6.7000000	2430.3636
6.7200000	2429.2936
6.7400000	2428.1636
6.7600000	2426.8664
6.7800000	2425.5177
6.8000000	2423.8521
6.8200000	2422.8198
6.8400000	2421.7877
6.8600000	2420.8352
6.8800000	2419.8683
6.9000000	2418.6992
6.9200000	2417.7226
6.9400000	2416.9845
6.9600000	2416.5290
6.9800000	2415.8564
7.0000000	2415.4406
7.0200000	2415.1270
7.0400000	2415.2054
7.0600000	2415.4284
7.0800000	2416.0713
7.1000000	2417.0241
7.1200000	2418.2046
7.1400000	2419.0794
7.1600000	2419.9715
7.1800000	2421.2400
7.2000000	2422.8266
7.2200000	2424.7801
7.2400000	2426.5049
7.2600000	2428.2735
7.2800000	2429.8372
7.3000000	2431.3573
7.3200000	2432.6423
7.3400000	2433.7508
7.3600000	2434.6173
7.3800000	2435.3976
7.4000000	2435.7718
7.4200000	2435.8455
7.4400000	2434.9418
7.4600000	2433.4745
7.4800000	2431.0509
7.5000000	2427.9120
7.5200000	2423.6759
7.5400000	2418.5596
7.5600000	2412.4822
7.5800000	2405.0674
7.6000000	2396.8033
7.6200000	2387.0494
7.6400000	2376.2607
7.6600000	2363.8998
7.6800000	2350.3086
7.7000000	2335.3940
7.7200000	2319.9699
7.7400000	2302.1761
7.7600000	2283.6756
7.7800000	2264.1509
7.8000000	2243.5342
7.8200000	2221.6124
7.8400000	2199.1573
7.8600000	2175.3013
7.8800000	2151.1722
7.9000000	2126.9469
7.9200000	2101.6032
7.9400000	2076.6381
7.9600000	2051.5490
7.9800000	2026.1287
8.0000000	2000.8956
8.0200000	1976.2953
8.0400000	1950.8738
8.0600000	1927.2294
8.0800000	1903.4015
8.1000000	1880.2301
8.1200000	1857.5398
8.1400000	1836.1029
8.1600000	1814.6886
8.1800000	1794.8318
8.2000000	1775.5244
8.2200000	1756.7429
8.2400000	1739.3266
8.2600000	1723.1108
8.2800000	1707.2076
8.3000000	1692.2123
8.3200000	1678.2718
8.3400000	1664.7896
8.3600000	1652.6820
8.3800000	1641.0056
8.4000000	1629.5615
8.4200000	1618.9093
8.4400000	1609.2965
8.4600000	1600.2845
8.4800000	1592.0412
8.5000000	1584.6046
8.5200000	1577.7796
8.5400000	1571.9577
8.5600000	1566.0385
8.5800000	1560.3954
8.6000000	1555.4829
8.6200000	1551.1539
8.6400000	1547.0248
8.6600000	1543.3798
8.6800000	1540.0412
8.7000000	1537.1940
8.7200000	1534.7779
8.7400000	1532.4338
8.7600000	1530.3787
8.7800000	1528.8052
8.8000000	1527.5319
8.8200000	1526.4283
8.8400000	1525.5723
8.8600000	1524.5735
8.8800000	1523.7517
8.9000000	1522.9214
8.9200000	1522.2919
8.9400000	1521.5305
8.9600000	1520.7638
8.9800000	1520.3038
9.0000000	1520.0298
9.0200000	1520.1022
9.0400000	1520.2920
9.0600000	1520.1883
9.0800000	1520.2528
9.1000000	1520.1143
9.1200000	1520.2802
9.1400000	1520.2249
9.1600000	1520.2012
9.1800000	1519.9208
9.2000000	1519.7642
9.2200000	1519.7290
9.2400000	1519.8238
9.2600000	1519.7681
9.2800000	1519.4169
9.3000000	1518.8716
9.3200000	1518.3821
9.3400000	1517.9643
9.3600000	1517.3134
9.3800000	1516.5382
9.4000000	1515.7175
9.4200000	1514.9219
9.4400000	1513.8738
9.4600000	1512.5570
9.4800000	1511.2833
9.5000000	1509.9179
9.5200000	1508.3176
9.5400000	1506.5758
9.5600000	1504.9334
9.5800000	1503.2419
9.6000000	1501.2638
9.6200000	1499.3383
9.6400000	1497.2061
9.6600000	1495.0031
9.6800000	1492.6386
9.7000000	1490.0057
9.7200000	1487.1283
9.7400000	1484.2828
9.7600000	1481.3859
9.7800000	1478.2449
9.8000000	1475.1356
9.8200000	1472.1494
9.8400000	1468.9195
9.8600000	1465.5639
9.8800000	1461.9445
9.9000000	1458.3507
9.9200000	1454.6159
9.9400000	1450.6782
9.9600000	1446.6213
9.9800000	1442.8612
10.000000	1439.0801
10.020000	1435.1961
10.040000	1431.0460
10.060000	1427.0674
10.080000	1422.8776
10.100000	1418.7734
10.120000	1414.4265
10.140000	1410.1603
10.160000	1405.8929
10.180000	1401.6628
10.200000	1397.3407
10.220000	1393.0498
10.240000	1388.9553
10.260000	1384.7911
10.280000	1380.6534
10.300000	1376.5842
10.320000	1372.6411
10.340000	1368.8709
10.360000	1365.1144
10.380000	1361.3570
10.400000	1357.7031
10.420000	1354.1513
10.440000	1350.6439
10.460000	1347.2082
10.480000	1343.9537
10.500000	1340.6137
10.520000	1337.3052
10.540000	1334.3725
10.560000	1331.3544
10.580000	1328.3780
10.600000	1325.6167
10.620000	1323.1123
10.640000	1320.5320
10.660000	1318.2744
10.680000	1316.1654
10.700000	1314.2829
10.720000	1312.4448
10.740000	1310.9917
10.760000	1309.6470
10.780000	1308.5012
10.800000	1307.4474
10.820000	1306.3911
10.840000	1305.3948
10.860000	1304.5627
10.880000	1303.9394
10.900000	1303.6132
10.920000	1303.4737
10.940000	1303.4788
10.960000	1303.6445
10.980000	1303.9854
11.000000	1304.5693
11.020000	1305.2620
11.040000	1306.2233
11.060000	1307.2690
11.080000	1308.3441
11.100000	1309.5425
11.120000	1311.1451
11.140000	1312.7784
11.160000	1314.5516
11.180000	1316.3904
11.200000	1318.3720
11.220000	1320.3555
11.240000	1322.3704
11.260000	1324.4980
11.280000	1326.5794
11.300000	1328.9697
11.320000	1331.3685
11.340000	1333.7210
11.360000	1336.2074
11.380000	1338.7246
11.400000	1341.0488
11.420000	1343.4528
11.440000	1345.9164
11.460000	1348.3608
11.480000	1350.7017
11.500000	1352.9178
11.520000	1355.2553
11.540000	1357.3662
11.560000	1359.5208
11.580000	1361.3772
11.600000	1363.2758
11.620000	1365.0731
11.640000	1366.7694
11.660000	1368.3367
11.680000	1369.9578
11.700000	1371.2384
11.720000	1372.3270
11.740000	1373.4689
11.760000	1374.6101
11.780000	1375.6776
11.800000	1376.4187
11.820000	1377.0365
11.840000	1377.5270
11.860000	1378.0161
11.880000	1378.3732
11.900000	1378.5112
11.920000	1378.4927
11.940000	1378.4309
11.960000	1378.3074
11.980000	1378.0398
12.000000	1377.6988
12.020000	1377.3225
12.040000	1376.7843
12.060000	1376.1563
12.080000	1375.6307
12.100000	1374.8856
12.120000	1374.0918
12.140000	1373.1963
12.160000	1372.1163
12.180000	1371.1609
12.200000	1370.0977
12.220000	1368.9571
12.240000	1367.7536
12.260000	1366.5605
12.280000	1365.1700
12.300000	1363.7235
12.320000	1362.3054
12.340000	1360.9147
12.360000	1359.5264
12.380000	1358.0479
12.400000	1356.4823
12.420000	1355.0209
12.440000	1353.4305
12.460000	1351.9264
12.480000	1350.2932
12.500000	1348.7275
12.520000	1346.9839
12.540000	1345.2107
12.560000	1343.3998
12.580000	1341.7482
12.600000	1340.1096
12.620000	1338.5358
12.640000	1336.9852
12.660000	1335.3265
12.680000	1333.5498
12.700000	1331.8240
12.720000	1330.0219
12.740000	1328.2731
12.760000	1326.4842
12.780000	1324.8990
12.800000	1323.1584
12.820000	1321.2304
12.840000	1319.4040
12.860000	1317.5778
12.880000	1315.6347
12.900000	1313.6241
12.920000	1311.6137
12.940000	1309.6412
12.960000	1307.7189
12.980000	1305.6512
13.000000	1303.4717
13.020000	1301.4270
13.040000	1299.2461
13.060000	1297.1842
13.080000	1295.1928
13.100000	1293.2830
13.120000	1291.2298
13.140000	1289.1201
13.160000	1286.9214
13.180000	1284.6891
13.200000	1282.5419
13.220000	1280.2765
13.240000	1278.1535
13.260000	1276.0446
13.280000	1273.9230
13.300000	1271.6424
13.320000	1269.4864
13.340000	1267.3715
13.360000	1265.3416
13.380000	1263.0768
13.400000	1260.8574
13.420000	1258.4798
13.440000	1256.0812
13.460000	1253.6813
13.480000	1251.2631
13.500000	1248.8542
13.520000	1246.4864
13.540000	1244.0046
13.560000	1241.6582
13.580000	1239.3173
13.600000	1237.0240
13.620000	1234.5967
13.640000	1231.9776
13.660000	1229.5099
13.680000	1227.1211
13.700000	1224.8712
13.720000	1222.6178
13.740000	1220.1361
13.760000	1217.6345
13.780000	1215.1201
13.800000	1212.8680
13.820000	1210.7069
13.840000	1208.4794
13.860000	1206.1205
13.880000	1203.6855
13.900000	1201.3130
13.920000	1198.9993
13.940000	1196.7253
13.960000	1194.4129
13.980000	1192.0495
14.000000	1189.6042
14.020000	1187.2688
14.040000	1185.0985
14.060000	1183.0816
14.080000	1180.9298
14.100000	1178.6291
14.120000	1176.5945
14.140000	1174.4484
14.160000	1172.3125
14.180000	1170.2716
14.200000	1168.3296
14.220000	1166.3571
14.240000	1164.3455
14.260000	1162.2759
14.280000	1160.3544
14.300000	1158.5176
14.320000	1156.8430
14.340000	1155.0976
14.360000	1153.2303
14.380000	1151.4546
14.400000	1149.7719
14.420000	1148.0283
14.440000	1146.2507
14.460000	1144.3898
14.480000	1142.5878
14.500000	1140.9830
14.520000	1139.5499
14.540000	1138.1223
14.560000	1136.6997
14.580000	1135.2342
14.600000	1133.8480
14.620000	1132.4947
14.640000	1131.1583
14.660000	1129.9648
14.680000	1128.7185
14.700000	1127.4562
14.720000	1126.0346
14.740000	1124.6818
14.760000	1123.4714
14.780000	1122.4639
14.800000	1121.3110
14.820000	1120.1311
14.840000	1118.9620
14.860000	1117.7662
14.880000	1116.7329
14.900000	1115.8043
14.920000	1114.7832
14.940000	1113.8533
14.960000	1112.8141
14.980000	1111.8416
15.000000	1110.8336
15.020000	1109.8359
15.040000	1108.8668
15.060000	1108.0554
15.080000	1107.3025
15.100000	1106.4859
15.120000	1105.4554
15.140000	1104.5091
15.160000	1103.7415
15.180000	1103.0460
15.200000	1102.2259
15.220000	1101.3161
15.240000	1100.5233
15.260000	1099.7320
15.280000	1098.9620
15.300000	1098.3129
15.320000	1097.7277
15.340000	1096.9409
15.360000	1096.0007
15.380000	1095.2560
15.400000	1094.6026
15.420000	1094.1155
15.440000	1093.6516
15.460000	1093.0315
15.480000	1092.2878
15.500000	1091.5557
15.520000	1090.7891
15.540000	1090.0487
15.560000	1089.2995
15.580000	1088.5301
15.600000	1087.8386
15.620000	1087.1854
15.640000	1086.5330
15.660000	1085.8284
15.680000	1085.1690
15.700000	1084.5448
15.720000	1083.9890
15.740000	1083.5143
15.760000	1082.9580
15.780000	1082.4005
15.800000	1081.7698
15.820000	1081.0461
15.840000	1080.3193
15.860000	1079.5768
15.880000	1078.8894
15.900000	1078.1669
15.920000	1077.4394
15.940000	1076.7699
15.960000	1076.2317
15.980000	1075.5091
16.000000	1074.8230
16.020000	1074.1165
16.040000	1073.3525
16.060000	1072.6042
16.080000	1071.8216
16.100000	1071.0777
16.120000	1070.4076
16.140000	1069.8461
16.160000	1069.1845
16.180000	1068.5016
16.200000	1067.8132
16.220000	1067.0984
16.240000	1066.3584
16.260000	1065.5897
16.280000	1064.8154
16.300000	1063.9916
16.320000	1063.4255
16.340000	1062.7477
16.360000	1062.0678
16.380000	1061.4212
16.400000	1060.8281
16.420000	1060.0865
16.440000	1059.4072
16.460000	1058.7031
16.480000	1058.1034
16.500000	1057.4885
16.520000	1056.8397
16.540000	1056.2201
16.560000	1055.6969
16.580000	1055.3150
16.600000	1054.7286
16.620000	1054.1691
16.640000	1053.6638
16.660000	1053.0706
16.680000	1052.4732
16.700000	1051.8926
16.720000	1051.3168
16.740000	1050.8577
16.760000	1050.4548
16.780000	1050.0385
16.800000	1049.6186
16.820000	1049.2386
16.840000	1048.7707
16.860000	1048.3849
16.880000	1048.1005
16.900000	1047.7409
16.920000	1047.2833
16.940000	1046.8636
16.960000	1046.5741
16.980000	1046.4657
17.000000	1046.3412
17.020000	1046.2191
17.040000	1046.1562
17.060000	1046.0407
17.080000	1045.9714
17.100000	1045.8777
17.120000	1045.6785
17.140000	1045.4623
17.160000	1045.4493
17.180000	1045.4846
17.200000	1045.4501
17.220000	1045.6138
17.240000	1045.7828
17.260000	1045.9618
17.280000	1046.0745
17.300000	1046.2200
17.320000	1046.4047
17.340000	1046.7644
17.360000	1047.0576
17.380000	1047.2010
17.400000	1047.2371
17.420000	1047.3086
17.440000	1047.5646
17.460000	1047.8946
17.480000	1048.2431
17.500000	1048.5143
17.520000	1048.8371
17.540000	1049.3268
17.560000	1049.7593
17.580000	1050.2437
17.600000	1050.7266
17.620000	1051.2567
17.640000	1051.7916
17.660000	1052.4025
17.680000	1052.8581
17.700000	1053.2807
17.720000	1053.8227
17.740000	1054.4408
17.760000	1054.9432
17.780000	1055.4892
17.800000	1055.9739
17.820000	1056.3883
17.840000	1056.8952
17.860000	1057.3676
17.880000	1057.8497
17.900000	1058.3073
17.920000	1058.9803
17.940000	1059.6903
17.960000	1060.3579
17.980000	1060.8458
18.000000	1061.2959
18.020000	1061.8069
18.040000	1062.3499
18.060000	1062.7616
18.080000	1062.9828
18.100000	1063.3246
18.120000	1063.7250
18.140000	1064.1670
18.160000	1064.4775
18.180000	1064.6904
18.200000	1064.9627
18.220000	1065.3035
18.240000	1065.6163
18.260000	1065.8338
18.280000	1065.9451
18.300000	1066.0870
18.320000	1066.2673
18.340000	1066.3705
18.360000	1066.3697
18.380000	1066.3794
18.400000	1066.6094
18.420000	1066.7765
18.440000	1066.8571
18.460000	1066.6806
18.480000	1066.4142
18.500000	1066.1317
18.520000	1065.9301
18.540000	1065.7006
18.560000	1065.5217
18.580000	1065.2336
18.600000	1064.9605
18.620000	1064.6439
18.640000	1064.3125
18.660000	1063.9110
18.680000	1063.4686
18.700000	1063.0224
18.720000	1062.5642
18.740000	1062.1377
18.760000	1061.7068
18.780000	1061.1331
18.800000	1060.5599
18.820000	1059.8472
18.840000	1059.1977
18.860000	1058.3894
18.880000	1057.6894
18.900000	1056.9692
18.920000	1056.3088
18.940000	1055.6165
18.960000	1054.8613
18.980000	1054.1282
19.000000	1053.4521
19.020000	1052.8151
19.040000	1051.9793
19.060000	1050.9793
19.080000	1050.0702
19.100000	1049.1603
19.120000	1048.1952
19.140000	1047.1571
19.160000	1046.2863
19.180000	1045.4097
19.200000	1044.5599
19.220000	1043.6315
19.240000	1042.7003
19.260000	1041.7918
19.280000	1040.9397
19.300000	1040.0524
19.320000	1039.2213
19.340000	1038.3998
19.360000	1037.4929
19.380000	1036.6479
19.400000	1035.8876
19.420000	1034.9762
19.440000	1033.9999
19.460000	1033.1543
19.480000	1032.3095
19.500000	1031.3577
19.520000	1030.3196
19.540000	1029.3349
19.560000	1028.3574
19.580000	1027.4873
19.600000	1026.6882
19.620000	1025.8932
19.640000	1025.0958
19.660000	1024.2168
19.680000	1023.3636
19.700000	1022.5304
19.720000	1021.7341
19.740000	1020.8863
19.760000	1020.0998
19.780000	1019.3559
19.800000	1018.5804
19.820000	1017.8096
19.840000	1017.0509
19.860000	1016.3215
19.880000	1015.5933
19.900000	1014.8487
19.920000	1014.1562
19.940000	1013.5387
19.960000	1012.9487
19.980000	1012.2123
20.000000	1011.5348
20.020000	1010.8893
20.040000	1010.3081
20.060000	1009.6540
20.080000	1009.0129
20.100000	1008.4352
20.120000	1007.8121
20.140000	1007.2676
20.160000	1006.7576
20.180000	1006.2767
20.200000	1005.7066
20.220000	1005.0984
20.240000	1004.6686
20.260000	1004.2463
20.280000	1003.6700
20.300000	1003.2357
20.320000	1002.7744
20.340000	1002.3882
20.360000	1001.9125
20.380000	1001.4106
20.400000	1000.9550
20.420000	1000.5055
20.440000	1000.1122
20.460000	999.63901
20.480000	999.23609
20.500000	998.79985
20.520000	998.38513
20.540000	998.05421
20.560000	997.71352
20.580000	997.29196
20.600000	996.94444
20.620000	996.62793
20.640000	996.36627
20.660000	996.04334
20.680000	995.84565
20.700000	995.58827
20.720000	995.20136
20.740000	994.92855
20.760000	994.78898
20.780000	994.61214
20.800000	994.29150
20.820000	993.95748
20.840000	993.66133
20.860000	993.33121
20.880000	993.10268
20.900000	992.97486
20.920000	992.89827
20.940000	992.82956
20.960000	992.70943
20.980000	992.41998
21.000000	992.13000
21.020000	991.97317
21.040000	991.80462
21.060000	991.57852
21.080000	991.33367
21.100000	991.20540
21.120000	991.17871
21.140000	991.15754
21.160000	990.98761
21.180000	990.78621
21.200000	990.71043
21.220000	990.51521
21.240000	990.24597
21.260000	990.21023
21.280000	990.19192
21.300000	989.99385
21.320000	989.72395
21.340000	989.56874
21.360000	989.46759
21.380000	989.36347
21.400000	989.31975
21.420000	989.29424
21.440000	989.19375
21.460000	989.07607
21.480000	989.04720
21.500000	989.06473
21.520000	989.08404
21.540000	989.11744
21.560000	989.06554
21.580000	988.87516
21.600000	988.70284
21.620000	988.61724
21.640000	988.65433
21.660000	988.60478
21.680000	988.57719
21.700000	988.52289
21.720000	988.57199
21.740000	988.54973
21.760000	988.54237
21.780000	988.45961
21.800000	988.38933
21.820000	988.32557
21.840000	988.24189
21.860000	988.28208
21.880000	988.26102
21.900000	988.29570
21.920000	988.26271
21.940000	988.30194
21.960000	988.34833
21.980000	988.38713
22.000000	988.35674
22.020000	988.31146
22.040000	988.21362
22.060000	988.14580
22.080000	988.09415
22.100000	987.98692
22.120000	987.92231
22.140000	987.91068
22.160000	988.05303
22.180000	988.06899
22.200000	988.08806
22.220000	987.97591
22.240000	987.87914
22.260000	987.82832
22.280000	987.83867
22.300000	987.78511
22.320000	987.86699
22.340000	987.89648
22.360000	987.87909
22.380000	987.88083
22.400000	987.92757
22.420000	987.87710
22.440000	987.76324
22.460000	987.68997
22.480000	987.71433
22.500000	987.74426
22.520000	987.72968
22.540000	987.54131
22.560000	987.35581
22.580000	987.35580
22.600000	987.38138
22.620000	987.40758
22.640000	987.38483
22.660000	987.40960
22.680000	987.41539
22.700000	987.45762
22.720000	987.34315
22.740000	987.21276
22.760000	987.09893
22.780000	987.07091
22.800000	987.07603
22.820000	986.95568
22.840000	986.87129
22.860000	986.82207
22.880000	987.00688
22.900000	987.12524
22.920000	987.13096
22.940000	987.09846
22.960000	987.08008
22.980000	987.02278
23.000000	986.88895
23.020000	986.78981
23.040000	986.86444
23.060000	986.89640
23.080000	986.79040
23.100000	986.65235
23.120000	986.55242
23.140000	986.49353
23.160000	986.49438
23.180000	986.46371
23.200000	986.44252
23.220000	986.53426
23.240000	986.55218
23.260000	986.56009
23.280000	986.47218
23.300000	986.38475
23.320000	986.32147
23.340000	986.31739
23.360000	986.31826
23.380000	986.26504
23.400000	986.34080
23.420000	986.41097
23.440000	986.41223
23.460000	986.32868
23.480000	986.24103
23.500000	986.17111
23.520000	986.11323
23.540000	986.14443
23.560000	986.21760
23.580000	986.24396
23.600000	986.19433
23.620000	986.15699
23.640000	986.22051
23.660000	986.37284
23.680000	986.44031
23.700000	986.38270
23.720000	986.39991
23.740000	986.39243
23.760000	986.28387
23.780000	986.26028
23.800000	986.33136
23.820000	986.46074
23.840000	986.57347
23.860000	986.48194
23.880000	986.40843
23.900000	986.51151
23.920000	986.68551
23.940000	986.59354
23.960000	986.65109
23.980000	986.73032
24.000000	986.74753
24.020000	986.73394
24.040000	986.78258
24.060000	986.83794
24.080000	987.00184
24.100000	987.13794
24.120000	987.15012
24.140000	987.16977
24.160000	987.15501
24.180000	987.07594
24.200000	987.03167
24.220000	987.12863
24.240000	987.21642
24.260000	987.24565
24.280000	987.29070
24.300000	987.43577
24.320000	987.44822
24.340000	987.37736
24.360000	987.35057
24.380000	987.39851
24.400000	987.41386
24.420000	987.38127
24.440000	987.51195
24.460000	987.59035
24.480000	987.65734
24.500000	987.66675
24.520000	987.63485
24.540000	987.74292
24.560000	987.70354
24.580000	987.66293
24.600000	987.68968
24.620000	987.70315
24.640000	987.58287
24.660000	987.50865
24.680000	987.51509
24.700000	987.53962
24.720000	987.52941
24.740000	987.56964
24.760000	987.55582
24.780000	987.50765
24.800000	987.49605
24.820000	987.42544
24.840000	987.39963
24.860000	987.34212
24.880000	987.18273
24.900000	987.03029
24.920000	986.94700
24.940000	986.85374
24.960000	986.77666
24.980000	986.66318
25.000000	986.64377
25.020000	986.62842
25.040000	986.62150
25.060000	986.65567
25.080000	986.57203
25.100000	986.35566
25.120000	986.23071
25.140000	986.07980
25.160000	985.88612
25.180000	985.74241
25.200000	985.66179
25.220000	985.57870
25.240000	985.43957
25.260000	985.24213
25.280000	985.12145
25.300000	985.04065
25.320000	984.85538
25.340000	984.70423
25.360000	984.55292
25.380000	984.45528
25.400000	984.27269
25.420000	984.11593
25.440000	983.90042
25.460000	983.60108
25.480000	983.32848
25.500000	983.09440
25.520000	982.88818
25.540000	982.65320
25.560000	982.44404
25.580000	982.35920
25.600000	982.14603
25.620000	981.85388
25.640000	981.64111
25.660000	981.36375
25.680000	981.12833
25.700000	981.00158
25.720000	980.78949
25.740000	980.51821
25.760000	980.23460
25.780000	980.13046
25.800000	979.87431
25.820000	979.60915
25.840000	979.36805
25.860000	979.15854
25.880000	979.00233
25.900000	978.80795
25.920000	978.53896
25.940000	978.13000
25.960000	977.81291
25.980000	977.56975
26.000000	977.34571
26.020000	977.07587
26.040000	976.74806
26.060000	976.55649
26.080000	976.45264
26.100000	976.21251
26.120000	975.94425
26.140000	975.76983
26.160000	975.61218
26.180000	975.30515
26.200000	975.05540
26.220000	974.94064
26.240000	974.76197
26.260000	974.36327
26.280000	973.97632
26.300000	973.76175
26.320000	973.63981
26.340000	973.63784
26.360000	973.57019
26.380000	973.42743
26.400000	973.24004
26.420000	973.06209
26.440000	972.76579
26.460000	972.53342
26.480000	972.38666
26.500000	972.13286
26.520000	971.89984
26.540000	971.68215
26.560000	971.57797
26.580000	971.52343
26.600000	971.47106
26.620000	971.25181
26.640000	970.98111
26.660000	970.82015
26.680000	970.68876
26.700000	970.51668
26.720000	970.32990
26.740000	970.30159
26.760000	970.22791
26.780000	970.07086
26.800000	969.95467
26.820000	969.70559
26.840000	969.60884
26.860000	969.58616
26.880000	969.56909
26.900000	969.42582
26.920000	969.27778
26.940000	969.23259
26.960000	969.05413
26.980000	968.90274
27.000000	968.77504
27.020000	968.71846
27.040000	968.65492
27.060000	968.52154
27.080000	968.45464
27.100000	968.42543
27.120000	968.37310
27.140000	968.24354
27.160000	968.11683
27.180000	967.98453
27.200000	967.92213
27.220000	967.86153
27.240000	967.79303
27.260000	967.78068
27.280000	967.78753
27.300000	967.83742
27.320000	967.82594
27.340000	967.84189
27.360000	967.86532
27.380000	967.79079
27.400000	967.68949
27.420000	967.56939
27.440000	967.51078
27.460000	967.35416
27.480000	967.37201
27.500000	967.37961
27.520000	967.37226
27.540000	967.35628
27.560000	967.26507
27.580000	967.28509
27.600000	967.34048
27.620000	967.27628
27.640000	967.19768
27.660000	967.16747
27.680000	967.23522
27.700000	967.23254
27.720000	967.23936
27.740000	967.27820
27.760000	967.29639
27.780000	967.33323
27.800000	967.29304
27.820000	967.19886
27.840000	967.25180
27.860000	967.35185
27.880000	967.36573
27.900000	967.26761
27.920000	967.25791
27.940000	967.28640
27.960000	967.34664
27.980000	967.50259
28.000000	967.46453
28.020000	967.28181
28.040000	967.27674
28.060000	967.39537
28.080000	967.55801
28.100000	967.66033
28.120000	967.66135
28.140000	967.70512
28.160000	967.70771
28.180000	967.76286
28.200000	967.77817
28.220000	967.72104
28.240000	967.78521
28.260000	968.04110
28.280000	968.09632
28.300000	967.97809
28.320000	967.95776
28.340000	968.02647
28.360000	968.05033
28.380000	968.03153
28.400000	968.08901
28.420000	968.20556
28.440000	968.24061
28.460000	968.24904
28.480000	968.31314
28.500000	968.39679
28.520000	968.37262
28.540000	968.37218
28.560000	968.31782
28.580000	968.37400
28.600000	968.63957
28.620000	968.78649
28.640000	968.85607
28.660000	968.88383
28.680000	968.89479
28.700000	969.05596
28.720000	969.17418
28.740000	969.07526
28.760000	968.95011
28.780000	968.94777
28.800000	969.05855
28.820000	969.17807
28.840000	969.30550
28.860000	969.36083
28.880000	969.47996
28.900000	969.61501
28.920000	969.60076
28.940000	969.65679
28.960000	969.71663
28.980000	969.72789
29.000000	969.76547
29.020000	969.74699
29.040000	969.65538
29.060000	969.69512
29.080000	969.81862
29.100000	969.93362
29.120000	969.97929
29.140000	969.99237
29.160000	970.02438
29.180000	970.03833
29.200000	970.10667
29.220000	970.26211
29.240000	970.40009
29.260000	970.45422
29.280000	970.41623
29.300000	970.43890
29.320000	970.58507
29.340000	970.57850
29.360000	970.68267
29.380000	970.73872
29.400000	970.60831
29.420000	970.56816
29.440000	970.58887
29.460000	970.64263
29.480000	970.59319
29.500000	970.57641
29.520000	970.67301
29.540000	970.72103
29.560000	970.71382
29.580000	970.75816
29.600000	970.75392
29.620000	970.86630
29.640000	970.96697
29.660000	970.95173
29.680000	970.95948
29.700000	970.89639
29.720000	970.95475
29.740000	970.99724
29.760000	970.94608
29.780000	970.98799
29.800000	970.94486
29.820000	970.90793
29.840000	970.91162
29.860000	970.97758
29.880000	970.99680
29.900000	970.86073
29.920000	970.74998
29.940000	970.59578
29.960000	970.51201
29.980000	970.56108
30.000000	970.65539
30.020000	970.78104
30.040000	970.83640
30.060000	970.76080
30.080000	970.74285
30.100000	970.86634
30.120000	970.87767
30.140000	970.80180
30.160000	970.77491
30.180000	970.68141
30.200000	970.47822
30.220000	970.46374
30.240000	970.57770
30.260000	970.54045
30.280000	970.41427
30.300000	970.28824
30.320000	970.29731
30.340000	970.27081
30.360000	970.11671
30.380000	970.06592
30.400000	970.07585
30.420000	970.00868
30.440000	970.05003
30.460000	969.92220
30.480000	969.74994
30.500000	969.65763
30.520000	969.59433
30.540000	969.57749
30.560000	969.59891
30.580000	969.55946
30.600000	969.46203
30.620000	969.48718
30.640000	969.52958
30.660000	969.37479
30.680000	969.14329
30.700000	969.03278
30.720000	969.05141
30.740000	968.99825
30.760000	968.93502
30.780000	968.91691
30.800000	968.81874
30.820000	968.74754
30.840000	968.66423
30.860000	968.62193
30.880000	968.60294
30.900000	968.47590
30.920000	968.37675
30.940000	968.33116
30.960000	968.22144
30.980000	968.03117
31.000000	967.96525
31.020000	967.90063
31.040000	967.76911
31.060000	967.71809
31.080000	967.68997
31.100000	967.59891
31.120000	967.42663
31.140000	967.25222
31.160000	967.18144
31.180000	967.16554
31.200000	967.11903
31.220000	967.17588
31.240000	967.22130
31.260000	967.14555
31.280000	966.93045
31.300000	966.69648
31.320000	966.44379
31.340000	966.40461
31.360000	966.36791
31.380000	966.27996
31.400000	966.23044
31.420000	966.22266
31.440000	966.08035
31.460000	966.02207
31.480000	966.05503
31.500000	965.89967
31.520000	965.88599
31.540000	965.87429
31.560000	965.64360
31.580000	965.52869
31.600000	965.43458
31.620000	965.32283
31.640000	965.26538
31.660000	965.28312
31.680000	965.22278
31.700000	965.10374
31.720000	965.04075
31.740000	964.95271
31.760000	964.73106
31.780000	964.48834
31.800000	964.24709
31.820000	963.97487
31.840000	963.98072
31.860000	964.07256
31.880000	964.19471
31.900000	964.09636
31.920000	963.99285
31.940000	963.99187
31.960000	963.92409
31.980000	963.94878
32.000000	963.76314
32.020000	963.57844
32.040000	963.37226
32.060000	963.17779
32.080000	963.19821
32.100000	963.07497
32.120000	962.91829
32.140000	962.87787
32.160000	962.76958
32.180000	962.56915
32.200000	962.38620
32.220000	962.34091
32.240000	962.25451
32.260000	962.18197
32.280000	962.25966
32.300000	962.24982
32.320000	962.29139
32.340000	962.27336
32.360000	962.10578
32.380000	962.06106
32.400000	962.04103
32.420000	961.93967
32.440000	961.76138
32.460000	961.44938
32.480000	961.42152
32.500000	961.37139
32.520000	961.33423
32.540000	961.24630
32.560000	961.15077
32.580000	961.10287
32.600000	961.01054
32.620000	960.88146
32.640000	960.75245
32.660000	960.71988
32.680000	960.60078
32.700000	960.52379
32.720000	960.56413
32.740000	960.51796
32.760000	960.37371
32.780000	960.23110
32.800000	960.11192
32.820000	960.20240
32.840000	960.17698
32.860000	960.00247
32.880000	959.88007
32.900000	959.81655
32.920000	959.78734
32.940000	959.74836
32.960000	959.72548
32.980000	959.62408
33.000000	959.42031
33.020000	959.35381
33.040000	959.33958
33.060000	959.26847
33.080000	959.10558
33.100000	958.96743
33.120000	959.17311
33.140000	959.23023
33.160000	959.05414
33.180000	958.94233
33.200000	958.97575
33.220000	958.87720
33.240000	958.83855
33.260000	958.87765
33.280000	958.81758
33.300000	958.66454
33.320000	958.55771
33.340000	958.48874
33.360000	958.47887
33.380000	958.44199
33.400000	958.51131
33.420000	958.48355
33.440000	958.44324
33.460000	958.42604
33.480000	958.42046
33.500000	958.44023
33.520000	958.43808
33.540000	958.22772
33.560000	958.02045
33.580000	957.95809
33.600000	957.89938
33.620000	957.88276
33.640000	957.87478
33.660000	957.83112
33.680000	957.88020
33.700000	957.77286
33.720000	957.56520
33.740000	957.51611
33.760000	957.64377
33.780000	957.74816
33.800000	957.72207
33.820000	957.67515
33.840000	957.61625
33.860000	957.41858
33.880000	957.29578
33.900000	957.22771
33.920000	957.16836
33.940000	957.17970
33.960000	957.22667
33.980000	957.26859
34.000000	957.23047
34.020000	957.22118
34.040000	957.17871
34.060000	957.06378
34.080000	956.92313
34.100000	957.05831
34.120000	957.16923
34.140000	957.12631
34.160000	957.02364
34.180000	956.83190
34.200000	956.61987
34.220000	956.81529
34.240000	957.02560
34.260000	956.95101
34.280000	956.85216
34.300000	956.83215
34.320000	956.81601
34.340000	956.86851
34.360000	956.71934
34.380000	956.63297
34.400000	956.57595
34.420000	956.29528
34.440000	955.77434
34.460000	956.12507
34.480000	956.38521
34.500000	956.26731
34.520000	956.31882
34.540000	956.38203
34.560000	956.42950
34.580000	956.44230
34.600000	956.34253
34.620000	956.11598
34.640000	955.90022
34.660000	955.96024
34.680000	955.97306
34.700000	955.96381
34.720000	956.20485
34.740000	956.23180
34.760000	956.10755
34.780000	956.12887
34.800000	956.28815
34.820000	956.35968
34.840000	956.15583
34.860000	955.98714
34.880000	956.06249
34.900000	956.26725
34.920000	956.29940
34.940000	956.24049
34.960000	956.10490
34.980000	955.88384
35.000000	955.82976
35.020000	955.86685
35.040000	955.91538
35.060000	955.85553
35.080000	955.83413
35.100000	955.78802
35.120000	955.96094
35.140000	955.94152
35.160000	955.83085
35.180000	955.70471
35.200000	955.61184
35.220000	955.64887
35.240000	955.67571
35.260000	955.73156
35.280000	955.62439
35.300000	955.57079
35.320000	955.60931
35.340000	955.62024
35.360000	955.67616
35.380000	955.57685
35.400000	955.57933
35.420000	955.62184
35.440000	955.69442
35.460000	955.73576
35.480000	955.75641
35.500000	955.66259
35.520000	955.43837
35.540000	955.53953
35.560000	955.54106
35.580000	955.58160
35.600000	955.63777
35.620000	955.62383
35.640000	955.63562
35.660000	955.56856
35.680000	955.39434
35.700000	955.34895
35.720000	955.33871
35.740000	955.23653
35.760000	955.33856
35.780000	955.43009
35.800000	955.53471
35.820000	955.52435
35.840000	955.38106
35.860000	955.23752
35.880000	955.20996
35.900000	955.17129
35.920000	955.17064
35.940000	954.94372
35.960000	954.76750
35.980000	954.86379
36.000000	955.01357
36.020000	955.00588
36.040000	955.01049
36.060000	954.89691
36.080000	954.86942
36.100000	954.82838
36.120000	954.65969
36.140000	954.71142
36.160000	954.80510
36.180000	954.77905
36.200000	954.71302
36.220000	954.79221
36.240000	954.73133
36.260000	954.70182
36.280000	954.74106
36.300000	954.74252
36.320000	954.60852
36.340000	954.42430
36.360000	954.31370
36.380000	954.25091
36.400000	954.21336
36.420000	954.21103
36.440000	954.17039
36.460000	954.07999
36.480000	953.93733
36.500000	953.88033
36.520000	953.93517
36.540000	953.86220
36.560000	953.81855
36.580000	953.74680
36.600000	953.70457
36.620000	953.58876
36.640000	953.38498
36.660000	953.26286
36.680000	953.29273
36.700000	953.26155
36.720000	953.16034
36.740000	953.13021
36.760000	953.04349
36.780000	952.95790
36.800000	952.95348
36.820000	952.85968
36.840000	952.81521
36.860000	952.76874
36.880000	952.73626
36.900000	952.60393
36.920000	952.51270
36.940000	952.41740
36.960000	952.30201
36.980000	952.12726
37.000000	952.00755
37.020000	951.91994
37.040000	951.91789
37.060000	951.85778
37.080000	951.70179
37.100000	951.44352
37.120000	951.31019
37.140000	951.27328
37.160000	951.29983
37.180000	951.37721
37.200000	951.42045
37.220000	951.33606
37.240000	951.09764
37.260000	950.98503
37.280000	950.89278
37.300000	950.74619
37.320000	950.70961
37.340000	950.69517
37.360000	950.51630
37.380000	950.41228
37.400000	950.26634
37.420000	950.07737
37.440000	949.99576
37.460000	949.92816
37.480000	949.89899
37.500000	949.84785
37.520000	949.82742
37.540000	949.65499
37.560000	949.44517
37.580000	949.40830
37.600000	949.36907
37.620000	949.21216
37.640000	949.14994
37.660000	949.13427
37.680000	948.97560
37.700000	948.84831
37.720000	948.78062
37.740000	948.66349
37.760000	948.53811
37.780000	948.47145
37.800000	948.51234
37.820000	948.38224
37.840000	948.22187
37.860000	948.14700
37.880000	948.05993
37.900000	947.87199
37.920000	947.75427
37.940000	947.64457
37.960000	947.42432
37.980000	947.31790
38.000000	947.30213
38.020000	947.28054
38.040000	947.19289
38.060000	947.10006
38.080000	946.95095
38.100000	946.92612
38.120000	946.76258
38.140000	946.64932
38.160000	946.61996
38.180000	946.52725
38.200000	946.39257
38.220000	946.29371
38.240000	946.23652
38.260000	946.12845
38.280000	945.97310
38.300000	945.87115
38.320000	945.78680
38.340000	945.74916
38.360000	945.56710
38.380000	945.40063
38.400000	945.36370
38.420000	945.37716
38.440000	945.40572
38.460000	945.28622
38.480000	945.16718
38.500000	945.04100
38.520000	944.83008
38.540000	944.81688
38.560000	944.65759
38.580000	944.42474
38.600000	944.39701
38.620000	944.32803
38.640000	944.22856
38.660000	944.19695
38.680000	944.16423
38.700000	944.01790
38.720000	943.90541
38.740000	943.85151
38.760000	943.76465
38.780000	943.63213
38.800000	943.73748
38.820000	943.56548
38.840000	943.40663
38.860000	943.29352
38.880000	943.11691
38.900000	943.15259
38.920000	943.08501
38.940000	942.99344
38.960000	942.92918
38.980000	942.89615
39.000000	942.77713
39.020000	942.59558
39.040000	942.37191
39.060000	942.31806
39.080000	942.14949
39.100000	942.16432
39.120000	942.10439
39.140000	942.13921
39.160000	942.10801
39.180000	941.89354
39.200000	941.71303
39.220000	941.67190
39.240000	941.74601
39.260000	941.75894
39.280000	941.68095
39.300000	941.61253
39.320000	941.40309
39.340000	941.16218
39.360000	941.03297
39.380000	940.93520
39.400000	940.91545
39.420000	940.93834
39.440000	940.93226
39.460000	940.88981
39.480000	940.81316
39.500000	940.80087
39.520000	940.67503
39.540000	940.51189
39.560000	940.35448
39.580000	940.32786
39.600000	940.27377
39.620000	940.15042
39.640000	940.07429
39.660000	939.99790
39.680000	939.81625
39.700000	939.79300
39.720000	939.75843
39.740000	939.50607
39.760000	939.31356
39.780000	939.47560
39.800000	939.67625
39.820000	939.71759
39.840000	939.51360
39.860000	939.36330
39.880000	939.38669
39.900000	939.28864
39.920000	939.22360
39.940000	939.16582
39.960000	938.99595
39.980000	939.01200
40.000000	938.80999
40.020000	938.69644
40.040000	938.75929
40.060000	938.61114
40.080000	938.57868
40.100000	938.60423
40.120000	938.48523
40.140000	938.21192
40.160000	938.26840
40.180000	938.27018
40.200000	938.15823
40.220000	938.02175
40.240000	937.95941
40.260000	938.01778
40.280000	937.89902
40.300000	937.79976
40.320000	937.67118
40.340000	937.60150
40.360000	937.55757
40.380000	937.38229
40.400000	937.38637
40.420000	937.27518
40.440000	937.20993
40.460000	937.09273
40.480000	937.16190
40.500000	937.29548
40.520000	937.14830
40.540000	936.96118
40.560000	936.74762
40.580000	936.80250
40.600000	936.85076
40.620000	936.83655
40.640000	936.78795
40.660000	936.76282
40.680000	936.58334
40.700000	936.49735
40.720000	936.55971
40.740000	936.39887
40.760000	936.44732
40.780000	936.34990
40.800000	936.29086
40.820000	936.21292
40.840000	936.03756
40.860000	935.88983
40.880000	935.81251
40.900000	935.84862
40.920000	935.83441
40.940000	935.71437
40.960000	935.63959
40.980000	935.58569
41.000000	935.62968
41.020000	935.51132
41.040000	935.56624
41.060000	935.47430
41.080000	935.25426
41.100000	935.07538
41.120000	935.11380
41.140000	935.05996
41.160000	934.98063
41.180000	934.96583
41.200000	934.88229
41.220000	934.77157
41.240000	934.71796
41.260000	934.58350
41.280000	934.40919
41.300000	934.38887
41.320000	934.22874
41.340000	934.25762
41.360000	934.34771
41.380000	934.23483
41.400000	934.23885
41.420000	934.24078
41.440000	934.19566
41.460000	934.11996
41.480000	933.99006
41.500000	933.90149
41.520000	933.89077
41.540000	933.74328
41.560000	933.67899
41.580000	933.70135
41.600000	933.54206
41.620000	933.43885
41.640000	933.43963
41.660000	933.38491
41.680000	933.21165
41.700000	933.20054
41.720000	933.14670
41.740000	932.91887
41.760000	932.70443
41.780000	932.84641
41.800000	932.75690
41.820000	932.49669
41.840000	932.52740
41.860000	932.43803
41.880000	932.41358
41.900000	932.39310
41.920000	932.49983
41.940000	932.36835
41.960000	932.20427
41.980000	932.09891
42.000000	932.11109
42.020000	931.96561
42.040000	931.76376
42.060000	931.64471
42.080000	931.51262
42.100000	931.50899
42.120000	931.57162
42.140000	931.43136
42.160000	931.28453
42.180000	931.19772
42.200000	931.00815
42.220000	930.92742
42.240000	930.89265
42.260000	930.92297
42.280000	930.95768
42.300000	930.89575
42.320000	930.80669
42.340000	930.67007
42.360000	930.47500
42.380000	930.43822
42.400000	930.54785
42.420000	930.24270
42.440000	930.14734
42.460000	930.18846
42.480000	930.16102
42.500000	929.98016
42.520000	929.84658
42.540000	929.74782
42.560000	929.73566
42.580000	929.75312
42.600000	929.62482
42.620000	929.47244
42.640000	929.37260
42.660000	929.38373
42.680000	929.18184
42.700000	929.11973
42.720000	929.23958
42.740000	929.08554
42.760000	928.93252
42.780000	928.87891
42.800000	928.61702
42.820000	928.58212
42.840000	928.60489
42.860000	928.58909
42.880000	928.31589
42.900000	928.28874
42.920000	928.21923
42.940000	928.16256
42.960000	928.02324
42.980000	927.85932
43.000000	927.76911
43.020000	927.76409
43.040000	927.73270
43.060000	927.61727
43.080000	927.51954
43.100000	927.33055
43.120000	927.13625
43.140000	926.97963
43.160000	927.10782
43.180000	927.01021
43.200000	926.85612
43.220000	926.94708
43.240000	926.88474
43.260000	926.80606
43.280000	926.64148
43.300000	926.47243
43.320000	926.25943
43.340000	926.23859
43.360000	926.25440
43.380000	926.23966
43.400000	925.98249
43.420000	926.00089
43.440000	925.91667
43.460000	925.81679
43.480000	925.71004
43.500000	925.64181
43.520000	925.63533
43.540000	925.49050
43.560000	925.33895
43.580000	925.35127
43.600000	925.28317
43.620000	925.03792
43.640000	924.94036
43.660000	924.82032
43.680000	924.81265
43.700000	924.57474
43.720000	924.35698
43.740000	924.31017
43.760000	924.35429
43.780000	924.36370
43.800000	924.08255
43.820000	924.03080
43.840000	923.93454
43.860000	923.88287
43.880000	923.85711
43.900000	923.87444
43.920000	923.68937
43.940000	923.35062
43.960000	923.08762
43.980000	922.91480
44.000000	923.00228
44.020000	923.03825
44.040000	922.85396
44.060000	922.72868
44.080000	922.63129
44.100000	922.56686
44.120000	922.57529
44.140000	922.40993
44.160000	922.38446
44.180000	922.21005
44.200000	922.00107
44.220000	921.90775
44.240000	921.79841
44.260000	921.81775
44.280000	921.55806
44.300000	921.39076
44.320000	921.27480
44.340000	921.20684
44.360000	921.30873
44.380000	921.36055
44.400000	921.23514
44.420000	920.94835
44.440000	920.84635
44.460000	920.60030
44.480000	920.41060
44.500000	920.37156
44.520000	920.25349
44.540000	920.15241
44.560000	920.12946
44.580000	920.14758
44.600000	919.93496
44.620000	919.56667
44.640000	919.55917
44.660000	919.40982
44.680000	919.56953
44.700000	919.59172
44.720000	919.44491
44.740000	919.19336
44.760000	918.85081
44.780000	918.84588
44.800000	918.70877
44.820000	918.56964
44.840000	918.51573
44.860000	918.30612
44.880000	918.27509
44.900000	918.28640
44.920000	918.26562
44.940000	918.04518
44.960000	917.92657
44.980000	917.61778
45.000000	917.26641
45.020000	917.18203
45.040000	917.07555
45.060000	917.05687
45.080000	916.95998
45.100000	916.83485
45.120000	916.79357
45.140000	916.68501
45.160000	916.60258
45.180000	916.62796
45.200000	916.53313
45.220000	916.45993
45.240000	916.29397
45.260000	916.14077
45.280000	916.05197
45.300000	915.98709
45.320000	915.91712
45.340000	915.98956
45.360000	915.81884
45.380000	915.60722
45.400000	915.61751
45.420000	915.72312
45.440000	915.52789
45.460000	915.34874
45.480000	915.24506
45.500000	915.06915
45.520000	914.90959
45.540000	915.08011
45.560000	914.99894
45.580000	914.87200
45.600000	914.77740
45.620000	914.56588
45.640000	914.54757
45.660000	914.47537
45.680000	914.10902
45.700000	914.05189
45.720000	914.02624
45.740000	914.07295
45.760000	913.93243
45.780000	913.70904
45.800000	913.70229
45.820000	913.79929
45.840000	913.89103
45.860000	913.64412
45.880000	913.45296
45.900000	913.30604
45.920000	913.07092
45.940000	913.06417
45.960000	913.14928
45.980000	912.93144
46.000000	912.79341
46.020000	912.65676
46.040000	912.61449
46.060000	912.57700
46.080000	912.39137
46.100000	912.39528
46.120000	912.17187
46.140000	912.01563
46.160000	911.95804
46.180000	911.78044
46.200000	911.75045
46.220000	911.74218
46.240000	911.56878
46.260000	911.45147
46.280000	911.48313
46.300000	911.57898
46.320000	911.42196
46.340000	911.22047
46.360000	911.21202
46.380000	911.02813
46.400000	910.85458
46.420000	910.92291
46.440000	910.69419
46.460000	910.69941
46.480000	910.61172
46.500000	910.49999
46.520000	910.49785
46.540000	910.42527
46.560000	910.10121
46.580000	909.93802
46.600000	909.91952
46.620000	909.98996
46.640000	909.88916
46.660000	909.74328
46.680000	909.49385
46.700000	909.45613
46.720000	909.39307
46.740000	909.42104
46.760000	909.30849
46.780000	909.31608
46.800000	909.03335
46.820000	908.78023
46.840000	908.76574
46.860000	908.89259
46.880000	908.73711
46.900000	908.69593
46.920000	908.55677
46.940000	908.33200
46.960000	908.23681
46.980000	908.29126
47.000000	908.18713
47.020000	908.05403
47.040000	907.86799
47.060000	907.67035
47.080000	907.55839
47.100000	907.42237
47.120000	907.39762
47.140000	907.37133
47.160000	907.32619
47.180000	907.33551
47.200000	907.15756
47.220000	907.03295
47.240000	906.98165
47.260000	906.71714
47.280000	906.74530
47.300000	906.73955
47.320000	906.61359
47.340000	906.66197
47.360000	906.33060
47.380000	906.33231
47.400000	906.39017
47.420000	906.30767
47.440000	906.18717
47.460000	905.96239
47.480000	905.71060
47.500000	905.62388
47.520000	905.77949
47.540000	905.88747
47.560000	905.83793
47.580000	905.64985
47.600000	905.64377
47.620000	905.60513
47.640000	905.32473
47.660000	905.06695
47.680000	904.90678
47.700000	904.83104
47.720000	904.71191
47.740000	904.74556
47.760000	904.76312
47.780000	904.73834
47.800000	904.53907
47.820000	904.42173
47.840000	904.33985
47.860000	904.29819
47.880000	904.22828
47.900000	903.92199
47.920000	903.73744
47.940000	903.75633
47.960000	903.75418
47.980000	903.46322
48.000000	903.34880
48.020000	903.45748
48.040000	903.32428
48.060000	903.19104
48.080000	903.25562
48.100000	903.17063
48.120000	902.96007
48.140000	902.82377
48.160000	902.74024
48.180000	902.60841
48.200000	902.48453
48.220000	902.47943
48.240000	902.59999
48.260000	902.40183
48.280000	902.26621
48.300000	902.04196
48.320000	901.91115
48.340000	901.59687
48.360000	901.52230
48.380000	901.67995
48.400000	901.77111
48.420000	901.67356
48.440000	901.40509
48.460000	901.19259
48.480000	901.08514
48.500000	900.95264
48.520000	900.73686
48.540000	900.53785
48.560000	900.56594
48.580000	900.62596
48.600000	900.63496
48.620000	900.51484
48.640000	900.29698
48.660000	900.18705
48.680000	900.18191
48.700000	900.09658
48.720000	899.98271
48.740000	899.85864
48.760000	899.69302
48.780000	899.51012
48.800000	899.50979
48.820000	899.45933
48.840000	899.43805
48.860000	899.28471
48.880000	899.00725
48.900000	898.93987
48.920000	898.87588
48.940000	898.85587
48.960000	898.61721
48.980000	898.51823
49.000000	898.34445
49.020000	898.20770
49.040000	898.07491
49.060000	897.96917
49.080000	897.93547
49.100000	897.72331
49.120000	897.49811
49.140000	897.56289
49.160000	897.56971
49.180000	897.35273
49.200000	897.25443
49.220000	897.32160
49.240000	897.18542
49.260000	897.05479
49.280000	896.73537
49.300000	896.67980
49.320000	896.44077
49.340000	896.55080
49.360000	896.49008
49.380000	896.35257
49.400000	896.35517
49.420000	896.25643
49.440000	895.84170
49.460000	895.72127
49.480000	895.74425
49.500000	895.78846
49.520000	895.66846
49.540000	895.46175
49.560000	895.32853
49.580000	895.01700
49.600000	894.85253
49.620000	894.92189
49.640000	894.92011
49.660000	894.82921
49.680000	894.75985
49.700000	894.71829
49.720000	894.27701
49.740000	894.27259
49.760000	894.08698
49.780000	893.97514
49.800000	893.82644
49.820000	893.73838
49.840000	893.67552
49.860000	893.54455
49.880000	893.27527
49.900000	893.25521
49.920000	893.12256
49.940000	893.19662
49.960000	892.92176
49.980000	892.85579
50.000000	892.68984
50.020000	892.70558
50.040000	892.44674
50.060000	892.16308
50.080000	892.18035
50.100000	891.98749
50.120000	891.70897
50.140000	891.71197
50.160000	891.79297
50.180000	891.59348
50.200000	891.64850
50.220000	891.56695
50.240000	891.37323
50.260000	890.98463
50.280000	890.96674
50.300000	890.91976
50.320000	890.94288
50.340000	890.66338
50.360000	890.63475
50.380000	890.52407
50.400000	890.41056
50.420000	890.25947
50.440000	890.08206
50.460000	889.97389
50.480000	889.88037
50.500000	889.77930
50.520000	889.71102
50.540000	889.42331
50.560000	889.26741
50.580000	889.25464
50.600000	889.25524
50.620000	889.12839
50.640000	888.95662
50.660000	888.81841
50.680000	888.70492
50.700000	888.72638
50.720000	888.75019
50.740000	888.41665
50.760000	888.23635
50.780000	888.04835
50.800000	888.27771
50.820000	888.32465
50.840000	887.89483
50.860000	887.64505
50.880000	887.88166
50.900000	887.70867
50.920000	887.40754
50.940000	887.37673
50.960000	887.33648
50.980000	887.04631
51.000000	887.17585
51.020000	886.94833
51.040000	886.89871
51.060000	886.55199
51.080000	886.50942
51.100000	886.54858
51.120000	886.41937
51.140000	886.18207
51.160000	886.29970
51.180000	886.22391
51.200000	886.18046
51.220000	885.79144
51.240000	885.69626
51.260000	885.76258
51.280000	885.60616
51.300000	885.63156
51.320000	885.42439
51.340000	885.42275
51.360000	885.34439
51.380000	885.01123
51.400000	884.72397
51.420000	884.86740
51.440000	884.87245
51.460000	884.58390
51.480000	884.60155
51.500000	884.45920
51.520000	884.34568
51.540000	884.30045
51.560000	884.30229
51.580000	883.84860
51.600000	883.67448
51.620000	883.87343
51.640000	883.71822
51.660000	883.71301
51.680000	883.40800
51.700000	883.24069
51.720000	883.13885
51.740000	883.00887
51.760000	882.85620
51.780000	882.91627
51.800000	882.77285
51.820000	882.53413
51.840000	882.35956
51.860000	882.30147
51.880000	882.34054
51.900000	882.25525
51.920000	882.13010
51.940000	882.33458
51.960000	882.01469
51.980000	881.75552
52.000000	881.71023
52.020000	881.56199
52.040000	881.34828
52.060000	881.38025
52.080000	880.98916
52.100000	880.92544
52.120000	881.10208
52.140000	880.98384
52.160000	880.84908
52.180000	880.69837
52.200000	880.67214
52.220000	880.48800
52.240000	880.54198
52.260000	880.42326
52.280000	880.28697
52.300000	879.89003
52.320000	879.91835
52.340000	879.76563
52.360000	879.63913
52.380000	879.71475
52.400000	879.56816
52.420000	879.17748
52.440000	879.19357
52.460000	879.23989
52.480000	879.09012
52.500000	878.87492
52.520000	878.67396
52.540000	878.89229
52.560000	878.71786
52.580000	878.44311
52.600000	878.31723
52.620000	878.26149
52.640000	878.30782
52.660000	878.13804
52.680000	878.06375
52.700000	878.11213
52.720000	877.73183
52.740000	877.57536
52.760000	877.52797
52.780000	877.16496
52.800000	877.23631
52.820000	877.15516
52.840000	877.08298
52.860000	876.90923
52.880000	876.75069
52.900000	876.67656
52.920000	876.55706
52.940000	876.48788
52.960000	876.37332
52.980000	876.14833
53.000000	876.13053
53.020000	876.12623
53.040000	876.01347
53.060000	875.84057
53.080000	875.60463
53.100000	875.50024
53.120000	875.46684
53.140000	875.36807
53.160000	875.25007
53.180000	875.19160
53.200000	874.88594
53.220000	874.75862
53.240000	874.88124
53.260000	874.45947
53.280000	874.50530
53.300000	874.48748
53.320000	874.29695
53.340000	874.18001
53.360000	873.89190
53.380000	874.00388
53.400000	873.55129
53.420000	873.62383
53.440000	873.65790
53.460000	873.64430
53.480000	873.51794
53.500000	873.53566
53.520000	873.40576
53.540000	873.30347
53.560000	872.96057
53.580000	872.80864
53.600000	872.64317
53.620000	872.53849
53.640000	872.50380
53.660000	872.39740
53.680000	872.40491
53.700000	872.32918
53.720000	872.14666
53.740000	872.05545
53.760000	871.97905
53.780000	871.96917
53.800000	871.53720
53.820000	871.52098
53.840000	871.31650
53.860000	871.18736
53.880000	871.12597
53.900000	871.23213
53.920000	871.04039
53.940000	870.74268
53.960000	870.62150
53.980000	870.57353
54.000000	870.65563
54.020000	870.63903
54.040000	870.35024
54.060000	870.19315
54.080000	870.13931
54.100000	869.81184
54.120000	869.81626
54.140000	869.92150
54.160000	869.82879
54.180000	869.56173
54.200000	869.41689
54.220000	869.58978
54.240000	869.42266
54.260000	868.98572
54.280000	869.12315
54.300000	868.76574
54.320000	868.84632
54.340000	868.89942
54.360000	868.48158
54.380000	868.44739
54.400000	868.32974
54.420000	868.11440
54.440000	868.24926
54.460000	868.07210
54.480000	868.02167
54.500000	868.04866
54.520000	867.71535
54.540000	867.22591
54.560000	866.94288
54.580000	867.37809
54.600000	867.46429
54.620000	866.88218
54.640000	867.17911
54.660000	866.86972
54.680000	866.75764
54.700000	866.69917
54.720000	866.63578
54.740000	866.57209
54.760000	866.88864
54.780000	866.66725
54.800000	866.55122
54.820000	866.16866
54.840000	866.02341
54.860000	865.83758
54.880000	865.91245
54.900000	865.39259
54.920000	865.43985
54.940000	865.19013
54.960000	864.62407
54.980000	864.97694
55.000000	864.64756
55.020000	864.87733
55.040000	864.65603
55.060000	864.62362
55.080000	864.57928
55.100000	864.35191
55.120000	864.12496
55.140000	864.36265
55.160000	864.17630
55.180000	863.78320
55.200000	864.00503
55.220000	864.22871
55.240000	863.77061
55.260000	863.09789
55.280000	863.18058
55.300000	863.13352
55.320000	862.94327
55.340000	863.20182
55.360000	862.66409
55.380000	862.14366
55.400000	862.56411
55.420000	862.65987
55.440000	862.76401
55.460000	862.39786
55.480000	862.34804
55.500000	862.19286
55.520000	862.05148
55.540000	861.39879
55.560000	861.60910
55.580000	861.45379
55.600000	861.45426
55.620000	861.31946
55.640000	860.74418
55.660000	861.22604
55.680000	861.26146
55.700000	860.65734
55.720000	860.82483
55.740000	860.29784
55.760000	860.14176
55.780000	859.91999
55.800000	859.76330
55.820000	859.97696
55.840000	860.08629
55.860000	859.86234
55.880000	859.76812
55.900000	859.74231
55.920000	859.66786
55.940000	859.41835
55.960000	859.10571
55.980000	859.55890
56.000000	859.54747
56.020000	859.64223
56.040000	859.12063
56.060000	858.79837
56.080000	858.98304
56.100000	858.65228
56.120000	859.20776
56.140000	858.29134
56.160000	858.79375
56.180000	858.13453
56.200000	858.37227
56.220000	857.58638
56.240000	857.72278
56.260000	857.58232
56.280000	857.59666
56.300000	857.76634
56.320000	857.69488
56.340000	857.22655
56.360000	857.31450
56.380000	857.41743
56.400000	857.38234
56.420000	856.41625
56.440000	857.07396
56.460000	856.28228
56.480000	857.42406
56.500000	856.46519
56.520000	855.18668
56.540000	856.26301
56.560000	855.66119
56.580000	855.67608
56.600000	855.84687
56.620000	856.20742
56.640000	855.54153
56.660000	855.68495
56.680000	855.27367
56.700000	855.54386
56.720000	855.66536
56.740000	855.17249
56.760000	854.35795
56.780000	854.02129
56.800000	854.00003
56.820000	853.87910
56.840000	854.22641
56.860000	853.63300
56.880000	853.69015
56.900000	853.91472
56.920000	854.06540
56.940000	853.72922
56.960000	853.97584
56.980000	854.14846
57.000000	853.25922
57.020000	853.57281
57.040000	853.65722
57.060000	852.76409
57.080000	852.05406
57.100000	852.49196
57.120000	853.18746
57.140000	852.77986
57.160000	851.88612
57.180000	851.55502
57.200000	851.54594
57.220000	851.10855
57.240000	851.02620
57.260000	851.45774
57.280000	850.49752
57.300000	851.08336
57.320000	852.02872
57.340000	851.63047
57.360000	850.90495
57.380000	850.79424
57.400000	849.52389
57.420000	850.67936
57.440000	850.93943
57.460000	850.50673
57.480000	849.77393
57.500000	849.41789
57.520000	850.01060
57.540000	849.40090
57.560000	850.44682
57.580000	849.51857
57.600000	849.61197
57.620000	849.83755
57.640000	848.84588
57.660000	848.30893
57.680000	847.92353
57.700000	849.00693
57.720000	848.36394
57.740000	848.18374
57.760000	847.69055
57.780000	848.04708
57.800000	848.21941
57.820000	848.17874
57.840000	847.72520
57.860000	847.79284
57.880000	847.21250
57.900000	846.33438
57.920000	847.30937
57.940000	847.30496
57.960000	847.54456
57.980000	846.85359
58.000000	846.53893
58.020000	846.79333
58.040000	846.78096
58.060000	845.82022
58.080000	845.54228
58.100000	846.16286
58.120000	845.90651
58.140000	845.37717
58.160000	846.00708
58.180000	846.74738
58.200000	845.28227
58.220000	844.91100
58.240000	845.27835
58.260000	844.67109
58.280000	844.78369
58.300000	845.03935
58.320000	844.92803
58.340000	844.47658
58.360000	844.99639
58.380000	844.43433
58.400000	844.08335
58.420000	843.82904
58.440000	844.41334
58.460000	844.12565
58.480000	843.83235
58.500000	843.68253
58.520000	843.47541
58.540000	842.90259
58.560000	843.09826
58.580000	844.21050
58.600000	843.90947
58.620000	844.18161
58.640000	842.72125
58.660000	842.87149
58.680000	842.70482
58.700000	842.61308
58.720000	842.57653
58.740000	843.86100
58.760000	843.35257
58.780000	842.13639
58.800000	842.60019
58.820000	841.33233
58.840000	841.52202
58.860000	841.86659
58.880000	842.12978
58.900000	842.32095
58.920000	842.03101
58.940000	841.50556
58.960000	840.72647
58.980000	841.44996
59.000000	840.53335
59.020000	839.78645
59.040000	841.17193
59.060000	840.30202
59.080000	840.02704
59.100000	841.10135
59.120000	839.89460
59.140000	839.38957
59.160000	839.40593
59.180000	839.34923
59.200000	840.63253
59.220000	839.55144
59.240000	839.73816
59.260000	839.91501
59.280000	839.55531
59.300000	839.41910
59.320000	838.72718
59.340000	838.01206
59.360000	837.75245
59.380000	838.98758
59.400000	838.26971
59.420000	838.42739
59.440000	838.23558
59.460000	838.77746
59.480000	838.54596
59.500000	838.74355
59.520000	837.52228
59.540000	837.99121
59.560000	838.04870
59.580000	838.10915
59.600000	837.80033
59.620000	837.70715
59.640000	837.55323
59.660000	836.65284
59.680000	836.81295
59.700000	836.89968
59.720000	836.74074
59.740000	836.63471
59.760000	836.47920
59.780000	836.33840
59.800000	837.93429
59.820000	835.84544
59.840000	836.46967
59.860000	836.68480
59.880000	836.93195
59.900000	835.98178
59.920000	836.13010
59.940000	835.54940
59.960000	836.35980
59.980000	835.35383
60.000000	834.68454
