0.0000000	0.0000000
0.020000000	181.23574
0.040000000	181.75960
0.060000000	179.92728
0.080000000	179.83474
0.10000000	178.77505
0.12000000	178.27177
0.14000000	177.78070
0.16000000	177.10541
0.18000000	176.54768
0.20000000	176.31912
0.22000000	175.94090
0.24000000	175.02911
0.26000000	174.74107
0.28000000	175.64241
0.30000000	177.21907
0.32000000	184.00913
0.34000000	194.24622
0.36000000	212.76592
0.38000000	233.77075
0.40000000	256.87551
0.42000000	285.77161
0.44000000	304.16483
0.46000000	322.94485
0.48000000	340.82556
0.50000000	358.21491
0.52000000	374.21016
0.54000000	392.36133
0.56000000	405.48520
0.58000000	421.68642
0.60000000	442.90461
0.62000000	466.56679
0.64000000	506.50556
0.66000000	563.04273
0.68000000	644.80773
0.70000000	743.44590
0.72000000	871.12625
0.74000000	980.25567
0.76000000	1094.1718
0.78000000	1174.7392
0.80000000	1224.7881
0.82000000	1258.3426
0.84000000	1277.6422
0.86000000	1292.6205
0.88000000	1303.6843
0.90000000	1311.3943
0.92000000	1317.3319
0.94000000	1323.5930
0.96000000	1328.7395
0.98000000	1333.5047
1.0000000	1337.9766
1.0200000	1341.3683
1.0400000	1344.5390
1.0600000	1347.3103
1.0800000	1350.0085
1.1000000	1352.9636
1.1200000	1355.3338
1.1400000	1357.9774
1.1600000	1360.6511
1.1800000	1363.8536
1.2000000	1366.4741
1.2200000	1370.0221
1.2400000	1373.4166
1.2600000	1377.0957
1.2800000	1380.8473
1.3000000	1384.7680
1.3200000	1389.0358
1.3400000	1393.4879
1.3600000	1398.0157
1.3800000	1402.8723
1.4000000	1408.8802
1.4200000	1415.1823
1.4400000	1422.4807
1.4600000	1430.6958
1.4800000	1439.6786
1.5000000	1451.8038
1.5200000	1468.0778
1.5400000	1488.3931
1.5600000	1518.0774
1.5800000	1566.1128
1.6000000	1640.9045
1.6200000	1786.4876
1.6400000	2074.1967
1.6600000	2623.6874
1.6800000	3775.7672
1.7000000	5662.0093
1.7200000	8071.0914
1.7400000	10293.954
1.7600000	10370.452
1.7800000	8740.5914
1.8000000	5929.6421
1.8200000	3959.0750
1.8400000	2788.6501
1.8600000	2206.9604
1.8800000	1981.8768
1.9000000	1910.9493
1.9200000	1981.0937
1.9400000	2212.6228
1.9600000	2661.6018
1.9800000	3457.8637
2.0000000	4267.5848
2.0200000	4766.5306
2.0400000	4506.3855
2.0600000	3753.4193
2.0800000	2878.4394
2.1000000	2323.8096
2.1200000	2015.7517
2.1400000	1879.2787
2.1600000	1815.1999
2.1800000	1787.8538
2.2000000	1777.0069
2.2200000	1771.1967
2.2400000	1763.6624
2.2600000	1752.6154
2.2800000	1742.0494
2.3000000	1733.6895
2.3200000	1727.3859
2.3400000	1722.8704
2.3600000	1719.2888
2.3800000	1717.0194
2.4000000	1716.2726
2.4200000	1716.2886
2.4400000	1717.7252
2.4600000	1721.5258
2.4800000	1730.9290
2.5000000	1752.9546
2.5200000	1796.1109
2.5400000	1886.4812
2.5600000	2072.1340
2.5800000	2446.6762
2.6000000	3196.8993
2.6200000	4525.9126
2.6400000	6301.8789
2.6600000	8010.9426
2.6800000	8382.3385
2.7000000	7406.2210
2.7200000	5496.8512
2.7400000	4046.5663
2.7600000	3363.4795
2.7800000	3512.8017
2.8000000	4459.4269
2.8200000	6026.9402
2.8400000	7821.0216
2.8600000	8495.7640
2.8800000	7783.5688
2.9000000	5869.8067
2.9200000	4115.5095
2.9400000	2905.5695
2.9600000	2275.8207
2.9800000	1984.7804
3.0000000	1846.9679
3.0200000	1810.9692
3.0400000	1837.8607
3.0600000	1944.4953
3.0800000	2191.2907
3.1000000	2693.1421
3.1200000	3737.3034
3.1400000	5533.1572
3.1600000	7976.1963
3.1800000	10459.867
3.2000000	11193.544
3.2200000	9973.8502
3.2400000	7249.0822
3.2600000	4932.0489
3.2800000	3466.6711
3.3000000	2795.2240
3.3200000	2628.2957
3.3400000	2648.3852
3.3600000	2699.1940
3.3800000	2770.7968
3.4000000	3046.5928
3.4200000	3925.3418
3.4400000	5692.4968
3.4600000	8506.5095
3.4800000	11728.540
3.5000000	13299.758
3.5200000	12410.615
3.5400000	9358.1884
3.5600000	6233.3581
3.5800000	4013.4728
3.6000000	2875.8687
3.6200000	2368.9154
3.6400000	2139.3379
3.6600000	1986.8302
3.6800000	1841.6523
3.7000000	1710.7216
3.7200000	1632.9738
3.7400000	1598.5991
3.7600000	1608.8737
3.7800000	1671.6239
3.8000000	1813.4274
3.8200000	2127.9992
3.8400000	2719.5406
3.8600000	3711.8688
3.8800000	5138.8029
3.9000000	6332.7069
3.9200000	6719.9429
3.9400000	5889.2927
3.9600000	4489.9190
3.9800000	3171.6993
4.0000000	2368.8085
4.0200000	1977.5880
4.0400000	1780.8975
4.0600000	1668.0736
4.0800000	1570.8523
4.1000000	1487.4521
4.1200000	1430.9591
4.1400000	1398.6099
4.1600000	1381.5674
4.1800000	1376.1020
4.2000000	1379.4779
4.2200000	1393.2190
4.2400000	1422.5422
4.2600000	1479.2948
4.2800000	1591.4973
4.3000000	1817.1322
4.3200000	2235.5449
4.3400000	3025.8482
4.3600000	4220.6684
4.3800000	5613.1197
4.4000000	6604.7955
4.4200000	6481.2717
4.4400000	5478.9745
4.4600000	4184.6826
4.4800000	3413.8759
4.5000000	3097.1804
4.5200000	2945.2751
4.5400000	2691.1133
4.5600000	2303.3536
4.5800000	1918.5285
4.6000000	1664.5059
4.6200000	1519.7832
4.6400000	1445.9000
4.6600000	1410.9239
4.6800000	1394.4490
4.7000000	1393.5290
4.7200000	1408.3456
4.7400000	1446.8621
4.7600000	1524.8491
4.7800000	1662.7720
4.8000000	1880.8048
4.8200000	2143.6730
4.8400000	2340.6457
4.8600000	2373.7315
4.8800000	2248.4677
4.9000000	2104.6462
4.9200000	2044.3765
4.9400000	2045.2263
4.9600000	2015.6784
4.9800000	1914.6294
5.0000000	1803.5524
5.0200000	1750.1148
5.0400000	1811.0652
5.0600000	2019.2927
5.0800000	2443.1083
5.1000000	3191.7460
5.1200000	4183.1221
5.1400000	5153.8811
5.1600000	5625.6820
5.1800000	5486.8260
5.2000000	5146.5802
5.2200000	5148.7250
5.2400000	5530.3561
5.2600000	6088.4921
5.2800000	6904.3760
5.3000000	8342.1358
5.3200000	10408.192
5.3400000	12130.625
5.3600000	12051.588
5.3800000	9988.4658
5.4000000	6992.4874
5.4200000	4620.0435
5.4400000	3120.7100
5.4600000	2375.8088
5.4800000	2014.3154
5.5000000	1860.2447
5.5200000	1831.4829
5.5400000	1908.3599
5.5600000	2123.7980
5.5800000	2500.0856
5.6000000	2987.9250
5.6200000	3457.4394
5.6400000	3701.5486
5.6600000	3797.9376
5.6800000	3932.3579
5.7000000	4156.8857
5.7200000	4209.8251
5.7400000	3840.4686
5.7600000	3180.4449
5.7800000	2507.4842
5.8000000	2048.3425
5.8200000	1795.2494
5.8400000	1660.3285
5.8600000	1590.2184
5.8800000	1569.0737
5.9000000	1591.3218
5.9200000	1665.5082
5.9400000	1788.4461
5.9600000	1932.3894
5.9800000	2036.6993
6.0000000	2062.9091
6.0200000	2048.2436
6.0400000	2048.7902
6.0600000	2049.7899
6.0800000	1997.2065
6.1000000	1865.4826
6.1200000	1718.4061
6.1400000	1601.8362
6.1600000	1534.8148
6.1800000	1504.0150
6.2000000	1500.0783
6.2200000	1528.6101
6.2400000	1600.7348
6.2600000	1734.6833
6.2800000	1948.4382
6.3000000	2227.4565
6.3200000	2590.6883
6.3400000	3097.2110
6.3600000	3712.0012
6.3800000	4301.4634
6.4000000	4465.3335
6.4200000	4100.1365
6.4400000	3408.7312
6.4600000	2852.0029
6.4800000	2658.8436
6.5000000	2861.6380
6.5200000	3342.8967
6.5400000	3827.6210
6.5600000	4080.2959
6.5800000	4002.9836
6.6000000	3813.9590
6.6200000	3705.5178
6.6400000	3729.2364
6.6600000	3861.3336
6.6800000	4082.7196
6.7000000	4204.6399
6.7200000	4004.8115
6.7400000	3427.4088
6.7600000	2750.0821
6.7800000	2212.9731
6.8000000	1895.4334
6.8200000	1743.7186
6.8400000	1711.5308
6.8600000	1786.7336
6.8800000	1962.7820
6.9000000	2218.3677
6.9200000	2452.3915
6.9400000	2522.3975
6.9600000	2415.5399
6.9800000	2195.8242
7.0000000	2006.2459
7.0200000	1853.8303
7.0400000	1733.3675
7.0600000	1640.6906
7.0800000	1572.4074
7.1000000	1525.0701
7.1200000	1499.1303
7.1400000	1502.8871
7.1600000	1551.6865
7.1800000	1643.2460
7.2000000	1758.3649
7.2200000	1849.3642
7.2400000	1881.1155
7.2600000	1867.9668
7.2800000	1832.7418
7.3000000	1782.4063
7.3200000	1704.9139
7.3400000	1614.6696
7.3600000	1550.2216
7.3800000	1529.2262
7.4000000	1567.5927
7.4200000	1673.2491
7.4400000	1872.8099
7.4600000	2166.9343
7.4800000	2452.9405
7.5000000	2607.2351
7.5200000	2513.3411
7.5400000	2260.5712
7.5600000	1989.7469
7.5800000	1837.1187
7.6000000	1830.8828
7.6200000	1978.7704
7.6400000	2299.6409
7.6600000	2782.2035
7.6800000	3344.2597
7.7000000	3740.5492
7.7200000	3836.0773
7.7400000	3706.5438
7.7600000	3606.9471
7.7800000	3729.3184
7.8000000	4077.7202
7.8200000	4419.2776
7.8400000	4425.6120
7.8600000	3977.1779
7.8800000	3236.0351
7.9000000	2589.3375
7.9200000	2170.0180
7.9400000	2007.4066
7.9600000	2044.9057
7.9800000	2238.1419
8.0000000	2557.1125
8.0200000	2905.1453
8.0400000	3213.7582
8.0600000	3433.4433
8.0800000	3504.5245
8.1000000	3356.6334
8.1200000	2967.1934
8.1400000	2479.8709
8.1600000	2069.6155
8.1800000	1828.9526
8.2000000	1753.0352
8.2200000	1807.3743
8.2400000	1952.3181
8.2600000	2117.8179
8.2800000	2212.4184
8.3000000	2161.9208
8.3200000	2013.1591
8.3400000	1832.1742
8.3600000	1685.4683
8.3800000	1583.6701
8.4000000	1517.4226
8.4200000	1492.1459
8.4400000	1504.1863
8.4600000	1557.6199
8.4800000	1660.9635
8.5000000	1810.9305
8.5200000	2017.2054
8.5400000	2257.8010
8.5600000	2484.2951
8.5800000	2611.2446
8.6000000	2550.3621
8.6200000	2358.4570
8.6400000	2153.4962
8.6600000	2071.0436
8.6800000	2124.8904
8.7000000	2275.1959
8.7200000	2485.6180
8.7400000	2764.1303
8.7600000	3149.3523
8.7800000	3633.9038
8.8000000	4055.9939
8.8200000	4198.2287
8.8400000	3875.3090
8.8600000	3239.4051
8.8800000	2557.6622
8.9000000	2072.6640
8.9200000	1812.9512
8.9400000	1717.8837
8.9600000	1722.1195
8.9800000	1751.8522
9.0000000	1756.2481
9.0200000	1710.7089
9.0400000	1638.3227
9.0600000	1562.1996
9.0800000	1503.5677
9.1000000	1471.2989
9.1200000	1472.5545
9.1400000	1521.6528
9.1600000	1624.5227
9.1800000	1774.2525
9.2000000	1926.8387
9.2200000	2005.9853
9.2400000	1979.2061
9.2600000	1864.4974
9.2800000	1728.9448
9.3000000	1608.2270
9.3200000	1523.4796
9.3400000	1481.4851
9.3600000	1486.1136
9.3800000	1541.2695
9.4000000	1632.3792
9.4200000	1731.8225
9.4400000	1791.7760
9.4600000	1789.6728
9.4800000	1748.6641
9.5000000	1719.0887
9.5200000	1755.0609
9.5400000	1886.5122
9.5600000	2120.6944
9.5800000	2391.8977
9.6000000	2613.6707
9.6200000	2726.0790
9.6400000	2753.1847
9.6600000	2763.9874
9.6800000	2781.8126
9.7000000	2738.9877
9.7200000	2574.5618
9.7400000	2279.2859
9.7600000	1973.0336
9.7800000	1735.3784
9.8000000	1607.2871
9.8200000	1578.9651
9.8400000	1620.0484
9.8600000	1712.7776
9.8800000	1820.7582
9.9000000	1899.8000
9.9200000	1902.1616
9.9400000	1815.2570
9.9600000	1684.8365
9.9800000	1566.7683
10.000000	1508.3350
10.020000	1507.7298
10.040000	1552.8229
10.060000	1615.1425
10.080000	1668.6910
10.100000	1696.1129
10.120000	1687.2133
10.140000	1650.2680
10.160000	1602.0472
10.180000	1577.6881
10.200000	1605.2794
10.220000	1702.6563
10.240000	1860.7866
10.260000	2031.0348
10.280000	2165.8853
10.300000	2218.6628
10.320000	2195.3656
10.340000	2131.9710
10.360000	2088.1801
10.380000	2112.3898
10.400000	2205.6271
10.420000	2329.3661
10.440000	2461.2387
10.460000	2639.4186
10.480000	2905.0071
10.500000	3165.6043
10.520000	3262.8529
10.540000	3062.1515
10.560000	2657.3805
10.580000	2222.8132
10.600000	1910.9621
10.620000	1757.3726
10.640000	1708.5931
10.660000	1699.8937
10.680000	1678.8115
10.700000	1631.6927
10.720000	1570.8365
10.740000	1519.9846
10.760000	1494.5606
10.780000	1506.9558
10.800000	1562.7530
10.820000	1649.8886
10.840000	1734.2844
10.860000	1764.3249
10.880000	1723.9049
10.900000	1630.5931
10.920000	1534.2700
10.940000	1463.9509
10.960000	1427.4166
10.980000	1424.6502
11.000000	1446.5849
11.020000	1480.4145
11.040000	1508.1392
11.060000	1520.3083
11.080000	1526.2242
11.100000	1550.9758
11.120000	1619.6426
11.140000	1738.9158
11.160000	1901.6623
11.180000	2066.0185
11.200000	2228.6961
11.220000	2400.1666
11.240000	2579.2183
11.260000	2709.5579
11.280000	2690.2297
11.300000	2493.0697
11.320000	2196.0833
11.340000	1927.2047
11.360000	1770.5104
11.380000	1717.3989
11.400000	1723.7825
11.420000	1729.7223
11.440000	1705.3339
11.460000	1645.2836
11.480000	1567.1842
11.500000	1495.1436
11.520000	1445.2482
11.540000	1426.8703
11.560000	1433.6486
11.580000	1452.9677
11.600000	1471.1086
11.620000	1479.4191
11.640000	1477.3527
11.660000	1471.7085
11.680000	1477.6869
11.700000	1513.6542
11.720000	1593.7187
11.740000	1714.8204
11.760000	1854.7603
11.780000	1981.3167
11.800000	2052.8543
11.820000	2065.2084
11.840000	2042.8565
11.860000	2034.3754
11.880000	2057.0174
11.900000	2095.8926
11.920000	2119.8795
11.940000	2121.8092
11.960000	2099.0921
11.980000	2036.5956
12.000000	1923.3875
12.020000	1777.5643
12.040000	1641.6766
12.060000	1555.7176
12.080000	1518.3843
12.100000	1509.8354
12.120000	1497.5994
12.140000	1471.0678
12.160000	1433.7946
12.180000	1402.8208
12.200000	1388.9628
12.220000	1399.6188
12.240000	1433.6755
12.260000	1478.1980
12.280000	1516.2853
12.300000	1528.5204
12.320000	1512.2001
12.340000	1476.5009
12.360000	1440.8276
12.380000	1422.3180
12.400000	1428.8299
12.420000	1454.8878
12.440000	1482.5194
12.460000	1499.5311
12.480000	1506.2558
12.500000	1521.1451
12.520000	1561.1795
12.540000	1629.9226
12.560000	1702.9721
12.580000	1759.2060
12.600000	1787.6390
12.620000	1793.5475
12.640000	1779.4470
12.660000	1737.6326
12.680000	1672.0527
12.700000	1607.4967
12.720000	1576.0700
12.740000	1601.2278
12.760000	1673.5889
12.780000	1768.2716
12.800000	1836.7144
12.820000	1837.7280
12.840000	1771.0675
12.860000	1668.0925
12.880000	1587.2592
12.900000	1546.6094
12.920000	1537.5916
12.940000	1531.4100
12.960000	1510.8746
12.980000	1476.4613
13.000000	1445.4502
13.020000	1433.1544
13.040000	1449.7960
13.060000	1497.9379
13.080000	1567.5961
13.100000	1640.7549
13.120000	1693.6541
13.140000	1710.9152
13.160000	1704.7088
13.180000	1703.7604
13.200000	1738.6160
13.220000	1817.1697
13.240000	1928.6919
13.260000	2028.8344
13.280000	2070.8348
13.300000	2018.9779
13.320000	1884.9925
13.340000	1726.7011
13.360000	1594.9704
13.380000	1512.5262
13.400000	1465.5289
13.420000	1431.0023
13.440000	1396.2747
13.460000	1363.6871
13.480000	1338.9730
13.500000	1326.9642
13.520000	1328.6105
13.540000	1339.7032
13.560000	1354.4097
13.580000	1364.4013
13.600000	1365.2217
13.620000	1357.5264
13.640000	1347.9887
13.660000	1344.7365
13.680000	1349.7276
13.700000	1359.3705
13.720000	1367.9020
13.740000	1376.9859
13.760000	1395.4553
13.780000	1435.3541
13.800000	1504.1281
13.820000	1603.3108
13.840000	1717.9153
13.860000	1820.5949
13.880000	1880.6776
13.900000	1867.8293
13.920000	1789.5500
13.940000	1681.9203
13.960000	1592.6067
13.980000	1555.2405
14.000000	1564.1223
14.020000	1594.2102
14.040000	1607.2000
14.060000	1585.3028
14.080000	1532.1428
14.100000	1475.4598
14.120000	1436.1106
14.140000	1417.5597
14.160000	1410.0425
14.180000	1402.0492
14.200000	1391.0164
14.220000	1383.2815
14.240000	1389.1990
14.260000	1413.5348
14.280000	1454.7808
14.300000	1500.7427
14.320000	1542.6417
14.340000	1578.6236
14.360000	1614.5508
14.380000	1652.8211
14.400000	1686.1201
14.420000	1698.7198
14.440000	1681.7987
14.460000	1639.9329
14.480000	1579.9387
14.500000	1514.7681
14.520000	1455.0691
14.540000	1412.2000
14.560000	1390.0348
14.580000	1378.6433
14.600000	1365.4795
14.620000	1343.8154
14.640000	1318.4721
14.660000	1296.1332
14.680000	1283.4058
14.700000	1280.6746
14.720000	1283.4770
14.740000	1286.1086
14.760000	1284.7570
14.780000	1280.7997
14.800000	1277.9127
14.820000	1280.1939
14.840000	1287.9102
14.860000	1298.8101
14.880000	1310.5770
14.900000	1324.9021
14.920000	1347.9412
14.940000	1387.3895
14.960000	1445.7105
14.980000	1520.8277
15.000000	1602.2579
15.020000	1667.6118
15.040000	1688.1082
15.060000	1655.1230
15.080000	1582.3431
15.100000	1505.9692
15.120000	1446.5855
15.140000	1403.4849
15.160000	1367.9490
15.180000	1333.9577
15.200000	1305.7930
15.220000	1289.0603
15.240000	1286.1529
15.260000	1292.3544
15.280000	1301.0844
15.300000	1306.1597
15.320000	1307.3995
15.340000	1309.2469
15.360000	1319.9969
15.380000	1346.0144
15.400000	1386.9729
15.420000	1436.1784
15.440000	1478.3346
15.460000	1507.7532
15.480000	1523.7513
15.500000	1532.8798
15.520000	1538.9964
15.540000	1539.8447
15.560000	1528.6154
15.580000	1500.0599
15.600000	1454.6358
15.620000	1400.0902
15.640000	1351.5333
15.660000	1315.6017
15.680000	1293.2171
15.700000	1280.5829
15.720000	1274.5279
15.740000	1274.9650
15.760000	1283.2312
15.780000	1297.5072
15.800000	1312.4314
15.820000	1321.4108
15.840000	1321.1561
15.860000	1315.2415
15.880000	1310.2784
15.900000	1311.5888
15.920000	1318.7274
15.940000	1329.0585
15.960000	1341.8910
15.980000	1361.1783
16.000000	1392.2008
16.020000	1436.9089
16.040000	1488.5951
16.060000	1535.6953
16.080000	1566.1508
16.100000	1567.0718
16.120000	1535.4600
16.140000	1482.1591
16.160000	1425.5617
16.180000	1383.3884
16.200000	1357.1810
16.220000	1340.1643
16.240000	1323.8675
16.260000	1306.8404
16.280000	1291.0989
16.300000	1279.5757
16.320000	1272.4537
16.340000	1267.1417
16.360000	1262.3002
16.380000	1259.6587
16.400000	1263.1903
16.420000	1275.1045
16.440000	1295.2127
16.460000	1318.0286
16.480000	1338.9370
16.500000	1356.7710
16.520000	1376.4243
16.540000	1405.2130
16.560000	1445.7987
16.580000	1489.9161
16.600000	1516.3839
16.620000	1510.8871
16.640000	1470.9362
16.660000	1412.8183
16.680000	1356.4281
16.700000	1311.5206
16.720000	1278.6739
16.740000	1255.1211
16.760000	1238.7034
16.780000	1229.2892
16.800000	1226.3242
16.820000	1227.1334
16.840000	1228.4938
16.860000	1228.3452
16.880000	1227.4391
16.900000	1227.9782
16.920000	1231.5776
16.940000	1237.4529
16.960000	1244.3595
16.980000	1252.9109
17.000000	1265.4809
17.020000	1282.6252
17.040000	1302.4056
17.060000	1318.3634
17.080000	1323.7060
17.100000	1316.6170
17.120000	1300.9343
17.140000	1284.8685
17.160000	1277.0368
17.180000	1279.3006
17.200000	1287.0723
17.220000	1290.9956
17.240000	1285.1514
17.260000	1270.7843
17.280000	1253.7909
17.300000	1240.7286
17.320000	1232.4346
17.340000	1226.9979
17.360000	1222.8477
17.380000	1220.6472
17.400000	1221.9875
17.420000	1228.0166
17.440000	1238.2801
17.460000	1252.0588
17.480000	1269.4748
17.500000	1290.2121
17.520000	1311.6949
17.540000	1329.5873
17.560000	1338.4561
17.580000	1332.8322
17.600000	1312.4697
17.620000	1281.7058
17.640000	1248.7543
17.660000	1222.3322
17.680000	1204.8620
17.700000	1195.8662
17.720000	1194.0034
17.740000	1197.6305
17.760000	1204.0417
17.780000	1209.3768
17.800000	1210.0874
17.820000	1205.2099
17.840000	1196.9605
17.860000	1189.0864
17.880000	1184.4134
17.900000	1183.9216
17.920000	1187.9446
17.940000	1197.0242
17.960000	1211.6863
17.980000	1231.7391
18.000000	1254.0780
18.020000	1272.9697
18.040000	1283.1952
18.060000	1282.5074
18.080000	1273.8109
18.100000	1263.5886
18.120000	1256.5405
18.140000	1253.2244
18.160000	1249.5288
18.180000	1242.0634
18.200000	1230.9581
18.220000	1219.3548
18.240000	1210.4841
18.260000	1205.7800
18.280000	1205.5511
18.300000	1210.6532
18.320000	1222.1720
18.340000	1239.9725
18.360000	1260.7078
18.380000	1278.6427
18.400000	1289.9284
18.420000	1294.8471
18.440000	1296.7758
18.460000	1299.0234
18.480000	1300.4198
18.500000	1296.6007
18.520000	1283.4345
18.540000	1262.4422
18.560000	1238.4228
18.580000	1216.8310
18.600000	1201.1204
18.620000	1191.2657
18.640000	1186.5778
18.660000	1186.3229
18.680000	1188.7553
18.700000	1192.0360
18.720000	1194.6021
18.740000	1196.2577
18.760000	1197.6901
18.780000	1200.4180
18.800000	1205.2655
18.820000	1212.1847
18.840000	1221.3887
18.860000	1234.0340
18.880000	1250.0647
18.900000	1267.4746
18.920000	1282.0942
18.940000	1288.6143
18.960000	1283.8368
18.980000	1270.0554
19.000000	1252.6069
19.020000	1236.8120
19.040000	1225.6175
19.060000	1217.4180
19.080000	1210.4072
19.100000	1203.5791
19.120000	1197.5646
19.140000	1192.3472
19.160000	1188.1533
19.180000	1185.1947
19.200000	1184.9921
19.220000	1188.9826
19.240000	1197.7250
19.260000	1209.5659
19.280000	1221.8546
19.300000	1233.4995
19.320000	1244.4115
19.340000	1253.7949
19.360000	1259.8181
19.380000	1259.8278
19.400000	1251.8134
19.420000	1237.1910
19.440000	1219.4312
19.460000	1201.6763
19.480000	1185.8043
19.500000	1172.1146
19.520000	1160.6634
19.540000	1151.7914
19.560000	1146.2569
19.580000	1143.6442
19.600000	1142.8784
19.620000	1142.6398
19.640000	1143.3898
19.660000	1145.6814
19.680000	1149.8740
19.700000	1156.1812
19.720000	1164.4725
19.740000	1173.1866
19.760000	1179.9349
19.780000	1182.3706
19.800000	1179.8546
19.820000	1173.4025
19.840000	1165.2915
19.860000	1157.9901
19.880000	1152.7651
19.900000	1149.0543
19.920000	1146.2584
19.940000	1144.0380
19.960000	1142.8376
19.980000	1142.5116
20.000000	1142.5276
20.020000	1142.5938
20.040000	1142.5655
20.060000	1143.3302
20.080000	1145.7626
20.100000	1150.0870
20.120000	1155.2603
20.140000	1161.0123
20.160000	1166.9776
20.180000	1172.5478
20.200000	1176.1404
20.220000	1176.0818
20.240000	1170.9112
20.260000	1161.4550
20.280000	1149.8851
20.300000	1138.7163
20.320000	1129.6658
20.340000	1123.5710
20.360000	1119.8941
20.380000	1117.9047
20.400000	1116.9668
20.420000	1116.2637
20.440000	1115.0979
20.460000	1114.2389
20.480000	1114.4157
20.500000	1116.3367
20.520000	1120.9415
20.540000	1129.3450
20.560000	1142.7590
20.580000	1160.4091
20.600000	1179.4144
20.620000	1195.4439
20.640000	1203.3121
20.660000	1200.9643
20.680000	1190.8240
20.700000	1176.9875
20.720000	1163.3931
20.740000	1151.7810
20.760000	1141.9562
20.780000	1133.6022
20.800000	1126.9546
20.820000	1122.5495
20.840000	1120.9228
20.860000	1122.2728
20.880000	1126.4067
20.900000	1132.1385
20.920000	1138.1840
20.940000	1143.8492
20.960000	1148.2432
20.980000	1150.7288
21.000000	1150.9996
21.020000	1148.7700
21.040000	1143.4109
21.060000	1135.4988
21.080000	1126.4075
21.100000	1117.9738
21.120000	1111.3555
21.140000	1106.9226
21.160000	1104.0834
21.180000	1102.8057
21.200000	1102.4415
21.220000	1102.4350
21.240000	1102.5330
21.260000	1102.8759
21.280000	1103.8486
21.300000	1106.0210
21.320000	1109.9424
21.340000	1116.2494
21.360000	1124.4082
21.380000	1133.5633
21.400000	1141.9919
21.420000	1147.8268
21.440000	1150.1007
21.460000	1149.3522
21.480000	1146.9367
21.500000	1144.1048
21.520000	1141.0499
21.540000	1137.2564
21.560000	1131.9986
21.580000	1125.5407
21.600000	1118.9765
21.620000	1113.0498
21.640000	1108.8639
21.660000	1106.9992
21.680000	1107.5431
21.700000	1110.3597
21.720000	1114.9988
21.740000	1121.5371
21.760000	1129.5295
21.780000	1137.9431
21.800000	1144.2251
21.820000	1146.5869
21.840000	1143.6816
21.860000	1135.7474
21.880000	1124.8119
21.900000	1113.5905
21.920000	1103.7795
21.940000	1096.3760
21.960000	1091.6092
21.980000	1088.7654
22.000000	1086.7731
22.020000	1085.1385
22.040000	1083.4304
22.060000	1082.0053
22.080000	1081.7577
22.100000	1083.3789
22.120000	1087.1644
22.140000	1092.1577
22.160000	1097.0474
22.180000	1100.1552
22.200000	1100.4708
22.220000	1097.5937
22.240000	1092.0204
22.260000	1085.3904
22.280000	1079.4639
22.300000	1075.1487
22.320000	1072.4180
22.340000	1071.5126
22.360000	1072.0571
22.380000	1073.1065
22.400000	1075.0736
22.420000	1077.6467
22.440000	1081.0261
22.460000	1085.0656
22.480000	1089.3140
22.500000	1092.9278
22.520000	1096.1887
22.540000	1098.7166
22.560000	1099.4273
22.580000	1098.0179
22.600000	1094.6924
22.620000	1089.8698
22.640000	1084.1683
22.660000	1078.4332
22.680000	1073.5769
22.700000	1069.8127
22.720000	1067.0224
22.740000	1065.2617
22.760000	1063.9143
22.780000	1062.8000
22.800000	1062.1908
22.820000	1062.1286
22.840000	1063.1669
22.860000	1065.4758
22.880000	1069.6923
22.900000	1075.2831
22.920000	1081.0190
22.940000	1085.1721
22.960000	1086.1557
22.980000	1084.0899
23.000000	1079.5612
23.020000	1073.6337
23.040000	1067.7053
23.060000	1062.8463
23.080000	1059.0094
23.100000	1056.7678
23.120000	1056.4312
23.140000	1057.3968
23.160000	1059.6496
23.180000	1063.1760
23.200000	1067.6538
23.220000	1072.5063
23.240000	1076.6674
23.260000	1079.4690
23.280000	1080.2313
23.300000	1078.8374
23.320000	1075.6326
23.340000	1071.4671
23.360000	1067.0901
23.380000	1063.0158
23.400000	1060.0956
23.420000	1058.5728
23.440000	1058.2519
23.460000	1058.7843
23.480000	1059.6701
23.500000	1060.3947
23.520000	1061.1752
23.540000	1062.3358
23.560000	1064.3419
23.580000	1067.6273
23.600000	1071.9802
23.620000	1076.9029
23.640000	1081.2910
23.660000	1084.2999
23.680000	1085.3525
23.700000	1084.4160
23.720000	1082.1519
23.740000	1079.2259
23.760000	1075.7455
23.780000	1071.7757
23.800000	1067.7732
23.820000	1063.8974
23.840000	1060.5703
23.860000	1058.3094
23.880000	1057.6261
23.900000	1058.4360
23.920000	1060.1208
23.940000	1062.0385
23.960000	1064.0977
23.980000	1065.9270
24.000000	1066.9107
24.020000	1066.6235
24.040000	1065.0071
24.060000	1062.1145
24.080000	1058.1871
24.100000	1054.1073
24.120000	1050.2983
24.140000	1047.2527
24.160000	1045.0139
24.180000	1043.3725
24.200000	1042.4650
24.220000	1042.1894
24.240000	1042.2056
24.260000	1042.9422
24.280000	1044.3623
24.300000	1046.2990
24.320000	1048.7836
24.340000	1051.4430
24.360000	1053.1581
24.380000	1053.5444
24.400000	1052.9571
24.420000	1051.4023
24.440000	1049.2168
24.460000	1047.0785
24.480000	1044.8949
24.500000	1042.6723
24.520000	1040.6162
24.540000	1038.9580
24.560000	1038.0780
24.580000	1037.9656
24.600000	1038.4844
24.620000	1039.7071
24.640000	1041.6403
24.660000	1043.7027
24.680000	1045.5180
24.700000	1046.5706
24.720000	1046.1026
24.740000	1043.9014
24.760000	1040.5995
24.780000	1036.8989
24.800000	1033.3084
24.820000	1030.3141
24.840000	1028.0262
24.860000	1026.4292
24.880000	1025.0910
24.900000	1023.8737
24.920000	1022.7933
24.940000	1022.4068
24.960000	1022.7988
24.980000	1023.8351
25.000000	1025.7044
25.020000	1027.9375
25.040000	1029.9526
25.060000	1031.0543
25.080000	1031.0285
25.100000	1030.1470
25.120000	1028.4641
25.140000	1026.3910
25.160000	1024.2520
25.180000	1022.2666
25.200000	1020.6441
25.220000	1019.4470
25.240000	1018.8252
25.260000	1019.0015
25.280000	1019.5739
25.300000	1020.3810
25.320000	1021.2440
25.340000	1021.9240
25.360000	1022.2567
25.380000	1021.6489
25.400000	1020.1650
25.420000	1017.8801
25.440000	1015.4039
25.460000	1013.2771
25.480000	1011.3482
25.500000	1009.9646
25.520000	1009.2630
25.540000	1009.0645
25.560000	1009.0103
25.580000	1009.1373
25.600000	1009.2052
25.620000	1009.6995
25.640000	1010.2731
25.660000	1011.1547
25.680000	1012.5469
25.700000	1013.9097
25.720000	1014.8029
25.740000	1014.9685
25.760000	1014.5782
25.780000	1013.8927
25.800000	1013.1124
25.820000	1012.1601
25.840000	1011.5850
25.860000	1011.2677
25.880000	1010.9425
25.900000	1010.7044
25.920000	1010.6513
25.940000	1011.5920
25.960000	1013.1705
25.980000	1015.0122
26.000000	1016.9692
26.020000	1018.5122
26.040000	1019.3964
26.060000	1019.0600
26.080000	1017.4428
26.100000	1014.9163
26.120000	1011.9216
26.140000	1008.8055
26.160000	1006.1480
26.180000	1004.2241
26.200000	1002.9610
26.220000	1002.4598
26.240000	1002.3664
26.260000	1002.6661
26.280000	1003.2238
26.300000	1004.0432
26.320000	1005.0953
26.340000	1006.1882
26.360000	1007.0899
26.380000	1007.5812
26.400000	1007.6941
26.420000	1007.2710
26.440000	1006.6406
26.460000	1005.8645
26.480000	1004.8566
26.500000	1003.6828
26.520000	1002.4532
26.540000	1001.5051
26.560000	1001.0690
26.580000	1001.3250
26.600000	1002.0888
26.620000	1003.2511
26.640000	1004.6100
26.660000	1005.9693
26.680000	1006.7960
26.700000	1006.5715
26.720000	1005.3206
26.740000	1003.3762
26.760000	1001.0269
26.780000	998.73151
26.800000	996.66856
26.820000	995.05589
26.840000	993.85996
26.860000	993.04894
26.880000	992.55112
26.900000	992.37551
26.920000	992.44685
26.940000	992.96224
26.960000	993.93895
26.980000	995.15869
27.000000	996.45305
27.020000	997.14054
27.040000	996.99309
27.060000	996.04657
27.080000	994.56157
27.100000	992.87587
27.120000	991.12029
27.140000	989.53051
27.160000	988.31424
27.180000	987.72338
27.200000	987.37779
27.220000	987.21161
27.240000	987.58556
27.260000	987.86811
27.280000	987.63829
27.300000	987.00272
27.320000	985.79136
27.340000	984.25125
27.360000	982.70968
27.380000	981.37689
27.400000	980.21392
27.420000	979.29523
27.440000	978.62582
27.460000	978.27335
27.480000	978.22081
27.500000	978.32712
27.520000	978.51139
27.540000	978.68555
27.560000	978.91303
27.580000	979.23923
27.600000	979.37666
27.620000	979.39691
27.640000	979.08925
27.660000	978.44931
27.680000	977.45114
27.700000	976.27749
27.720000	975.18118
27.740000	974.18068
27.760000	973.34385
27.780000	972.85169
27.800000	972.69623
27.820000	972.82860
27.840000	973.18600
27.860000	973.86373
27.880000	974.96356
27.900000	976.20795
27.920000	977.23051
27.940000	977.86957
27.960000	977.93272
27.980000	977.10795
28.000000	975.49619
28.020000	973.58150
28.040000	971.72583
28.060000	970.19811
28.080000	969.05538
28.100000	968.16591
28.120000	967.63736
28.140000	967.40609
28.160000	967.39605
28.180000	967.62892
28.200000	967.99731
28.220000	968.21757
28.240000	968.36449
28.260000	968.30109
28.280000	967.84528
28.300000	967.25718
28.320000	966.60153
28.340000	966.09455
28.360000	965.76272
28.380000	965.36251
28.400000	965.22808
28.420000	965.35666
28.440000	965.50542
28.460000	965.89150
28.480000	966.44203
28.500000	967.03597
28.520000	967.47038
28.540000	967.61909
28.560000	967.32082
28.580000	966.81858
28.600000	966.08013
28.620000	965.16032
28.640000	964.18887
28.660000	963.27597
28.680000	962.57838
28.700000	961.96006
28.720000	961.45516
28.740000	961.09140
28.760000	961.01695
28.780000	961.19018
28.800000	961.49307
28.820000	962.13403
28.840000	962.73290
28.860000	962.95885
28.880000	962.87218
28.900000	962.50773
28.920000	961.87364
28.940000	961.16658
28.960000	960.36306
28.980000	959.83550
29.000000	959.60997
29.020000	959.61547
29.040000	959.76342
29.060000	960.09663
29.080000	960.60628
29.100000	960.95720
29.120000	960.92195
29.140000	960.56339
29.160000	959.92943
29.180000	959.01239
29.200000	957.79825
29.220000	956.50055
29.240000	955.48876
29.260000	954.76202
29.280000	954.21765
29.300000	953.68037
29.320000	953.29397
29.340000	953.10794
29.360000	953.18588
29.380000	953.57696
29.400000	954.06751
29.420000	954.44956
29.440000	954.62947
29.460000	954.62655
29.480000	954.34863
29.500000	953.77845
29.520000	952.89875
29.540000	951.84891
29.560000	950.78085
29.580000	949.85698
29.600000	949.16189
29.620000	948.70029
29.640000	948.39665
29.660000	948.12675
29.680000	947.79755
29.700000	947.55413
29.720000	947.36622
29.740000	946.87543
29.760000	946.36998
29.780000	945.72661
29.800000	944.97610
29.820000	944.23379
29.840000	943.52381
29.860000	942.84105
29.880000	942.27955
29.900000	941.90996
29.920000	941.68795
29.940000	941.58333
29.960000	941.56936
29.980000	941.70289
30.000000	941.73573
30.020000	941.68163
30.040000	941.44290
30.060000	941.07251
30.080000	940.57607
30.100000	940.04774
30.120000	939.57220
30.140000	939.08538
30.160000	938.61054
30.180000	938.31618
30.200000	938.09995
30.220000	937.87707
30.240000	937.67507
30.260000	937.50099
30.280000	937.21086
30.300000	936.72933
30.320000	936.18324
30.340000	935.62666
30.360000	934.95861
30.380000	934.38135
30.400000	933.86156
30.420000	933.32737
30.440000	932.96578
30.460000	932.84005
30.480000	932.80038
30.500000	932.84991
30.520000	933.14305
30.540000	933.49101
30.560000	933.80836
30.580000	934.09245
30.600000	934.02547
30.620000	933.63813
30.640000	933.11334
30.660000	932.45706
30.680000	931.80862
30.700000	931.12595
30.720000	930.56379
30.740000	930.07598
30.760000	929.73691
30.780000	929.61903
30.800000	929.60516
30.820000	929.54473
30.840000	929.38341
30.860000	929.15420
30.880000	928.84257
30.900000	928.35668
30.920000	927.86613
30.940000	927.35197
30.960000	926.80671
30.980000	926.34508
31.000000	926.06540
31.020000	925.90720
31.040000	925.78624
31.060000	925.78894
31.080000	925.70892
31.100000	925.68339
31.120000	925.74447
31.140000	925.77922
31.160000	925.87883
31.180000	925.77489
31.200000	925.53918
31.220000	925.31538
31.240000	925.07592
31.260000	924.69210
31.280000	924.35881
31.300000	923.96243
31.320000	923.50515
31.340000	923.45416
31.360000	923.55338
31.380000	923.50778
31.400000	923.39731
31.420000	923.33136
31.440000	922.99660
31.460000	922.43170
31.480000	921.93445
31.500000	921.35736
31.520000	920.74577
31.540000	920.17744
31.560000	919.73078
31.580000	919.38462
31.600000	919.11658
31.620000	918.88603
31.640000	918.76806
31.660000	918.67231
31.680000	918.52548
31.700000	918.33610
31.720000	918.07112
31.740000	917.80763
31.760000	917.60621
31.780000	917.30801
31.800000	916.95774
31.820000	916.70582
31.840000	916.46700
31.860000	916.33101
31.880000	916.30212
31.900000	916.38268
31.920000	916.48548
31.940000	916.38979
31.960000	916.35387
31.980000	916.03409
32.000000	915.46220
32.020000	914.91529
32.040000	914.30280
32.060000	913.63629
32.080000	913.09330
32.100000	912.66912
32.120000	912.30981
32.140000	912.12589
32.160000	912.03209
32.180000	911.88302
32.200000	911.62614
32.220000	911.54583
32.240000	911.40551
32.260000	911.04191
32.280000	910.68891
32.300000	910.16341
32.320000	909.61979
32.340000	909.30778
32.360000	908.89846
32.380000	908.62789
32.400000	908.47247
32.420000	908.17891
32.440000	907.96306
32.460000	907.72846
32.480000	907.41988
32.500000	907.19800
32.520000	907.00795
32.540000	906.70925
32.560000	906.15697
32.580000	905.62101
32.600000	905.14081
32.620000	904.68505
32.640000	904.42773
32.660000	904.17336
32.680000	903.95437
32.700000	903.84558
32.720000	903.61470
32.740000	903.43194
32.760000	903.22041
32.780000	902.88321
32.800000	902.44994
32.820000	902.11419
32.840000	901.82333
32.860000	901.40284
32.880000	901.15696
32.900000	900.96837
32.920000	900.86345
32.940000	900.78514
32.960000	900.56981
32.980000	900.30642
33.000000	900.07615
33.020000	899.82268
33.040000	899.52492
33.060000	899.35698
33.080000	898.97607
33.100000	898.30550
33.120000	897.71657
33.140000	897.29879
33.160000	896.95437
33.180000	896.55875
33.200000	896.23383
33.220000	895.98401
33.240000	895.86643
33.260000	895.82714
33.280000	895.70241
33.300000	895.51762
33.320000	895.27131
33.340000	895.20721
33.360000	895.04973
33.380000	894.75316
33.400000	894.51078
33.420000	894.20036
33.440000	893.92254
33.460000	893.81445
33.480000	893.60576
33.500000	893.33398
33.520000	893.14499
33.540000	893.12854
33.560000	892.97090
33.580000	892.81338
33.600000	892.63502
33.620000	892.20944
33.640000	891.83704
33.660000	891.58943
33.680000	891.35702
33.700000	891.13690
33.720000	890.87285
33.740000	890.59969
33.760000	890.33836
33.780000	890.31931
33.800000	890.36059
33.820000	890.28106
33.840000	890.04912
33.860000	889.87013
33.880000	889.55840
33.900000	889.28131
33.920000	889.13975
33.940000	888.87857
33.960000	888.47617
33.980000	888.22501
34.000000	888.08744
34.020000	887.77434
34.040000	887.61240
34.060000	887.43838
34.080000	887.23908
34.100000	887.09019
34.120000	886.78962
34.140000	886.47983
34.160000	886.15745
34.180000	885.87690
34.200000	885.60679
34.220000	885.40617
34.240000	885.14574
34.260000	884.91795
34.280000	884.79112
34.300000	884.72645
34.320000	884.64105
34.340000	884.56174
34.360000	884.30238
34.380000	883.97132
34.400000	883.75405
34.420000	883.48248
34.440000	883.22839
34.460000	882.86645
34.480000	882.53500
34.500000	882.36228
34.520000	882.18810
34.540000	881.98929
34.560000	881.90013
34.580000	881.73708
34.600000	881.55772
34.620000	881.30346
34.640000	881.04597
34.660000	880.59704
34.680000	880.06064
34.700000	879.67958
34.720000	879.35075
34.740000	878.99775
34.760000	878.68030
34.780000	878.53019
34.800000	878.39676
34.820000	878.09353
34.840000	877.79796
34.860000	877.55797
34.880000	877.37240
34.900000	877.15435
34.920000	876.86986
34.940000	876.58401
34.960000	876.29546
34.980000	876.07031
35.000000	875.92103
35.020000	875.77909
35.040000	875.56771
35.060000	875.28353
35.080000	874.96660
35.100000	874.71319
35.120000	874.61164
35.140000	874.35613
35.160000	874.01641
35.180000	873.63280
35.200000	873.35599
35.220000	873.17255
35.240000	872.82100
35.260000	872.59689
35.280000	872.40293
35.300000	872.14619
35.320000	871.92006
35.340000	871.74217
35.360000	871.55881
35.380000	871.23808
35.400000	870.93053
35.420000	870.67280
35.440000	870.46347
35.460000	870.36319
35.480000	870.07771
35.500000	869.78946
35.520000	869.64379
35.540000	869.47129
35.560000	869.29959
35.580000	869.08734
35.600000	868.82714
35.620000	868.50925
35.640000	868.17030
35.660000	867.95494
35.680000	867.68352
35.700000	867.60774
35.720000	867.45802
35.740000	867.22515
35.760000	867.05710
35.780000	866.83172
35.800000	866.52823
35.820000	866.32117
35.840000	866.18696
35.860000	866.07460
35.880000	865.89533
35.900000	865.70892
35.920000	865.37698
35.940000	865.12094
35.960000	864.79507
35.980000	864.46512
36.000000	864.29471
36.020000	864.27709
36.040000	864.25997
36.060000	864.17915
36.080000	863.99178
36.100000	863.69750
36.120000	863.41100
36.140000	863.15711
36.160000	862.92634
36.180000	862.66324
36.200000	862.30158
36.220000	861.94383
36.240000	861.79558
36.260000	861.60232
36.280000	861.36561
36.300000	860.99480
36.320000	860.81561
36.340000	860.63137
36.360000	860.38480
36.380000	860.23431
36.400000	860.17361
36.420000	859.94106
36.440000	859.67642
36.460000	859.59401
36.480000	859.45817
36.500000	859.28396
36.520000	859.07699
36.540000	858.89556
36.560000	858.74612
36.580000	858.48658
36.600000	858.22933
36.620000	858.06976
36.640000	857.86917
36.660000	857.60915
36.680000	857.41887
36.700000	857.13875
36.720000	856.82766
36.740000	856.79320
36.760000	856.52942
36.780000	856.16938
36.800000	856.00682
36.820000	855.82893
36.840000	855.64031
36.860000	855.59467
36.880000	855.49550
36.900000	855.17559
36.920000	854.85979
36.940000	854.70725
36.960000	854.54854
36.980000	854.33941
37.000000	854.12503
37.020000	853.96794
37.040000	853.83944
37.060000	853.71749
37.080000	853.47878
37.100000	853.19870
37.120000	852.84026
37.140000	852.64603
37.160000	852.47551
37.180000	852.35334
37.200000	852.12576
37.220000	851.95306
37.240000	851.90979
37.260000	851.65365
37.280000	851.51782
37.300000	851.26817
37.320000	851.02166
37.340000	850.75192
37.360000	850.56218
37.380000	850.36194
37.400000	850.22065
37.420000	849.92652
37.440000	849.59589
37.460000	849.43425
37.480000	849.20440
37.500000	848.98391
37.520000	848.80919
37.540000	848.64100
37.560000	848.28080
37.580000	848.00093
37.600000	847.76918
37.620000	847.57632
37.640000	847.36981
37.660000	847.13701
37.680000	846.94909
37.700000	846.65316
37.720000	846.46366
37.740000	846.25540
37.760000	846.01023
37.780000	845.76898
37.800000	845.51317
37.820000	845.28869
37.840000	845.09454
37.860000	844.89434
37.880000	844.65750
37.900000	844.29476
37.920000	844.21002
37.940000	844.09826
37.960000	843.73349
37.980000	843.59572
38.000000	843.55510
38.020000	843.31949
38.040000	842.95915
38.060000	842.64384
38.080000	842.50079
38.100000	842.29445
38.120000	842.01168
38.140000	841.77552
38.160000	841.49067
38.180000	841.49316
38.200000	841.30566
38.220000	840.99195
38.240000	840.80519
38.260000	840.61102
38.280000	840.42581
38.300000	840.26496
38.320000	840.07380
38.340000	839.90791
38.360000	839.72967
38.380000	839.50694
38.400000	839.18851
38.420000	838.98407
38.440000	838.65534
38.460000	838.45279
38.480000	838.34961
38.500000	838.10835
38.520000	837.72010
38.540000	837.51047
38.560000	837.42173
38.580000	837.15948
38.600000	836.82839
38.620000	836.69638
38.640000	836.64685
38.660000	836.35077
38.680000	836.23520
38.700000	836.10400
38.720000	835.78514
38.740000	835.59755
38.760000	835.50000
38.780000	835.32480
38.800000	835.20439
38.820000	834.93893
38.840000	834.73187
38.860000	834.55488
38.880000	834.23912
38.900000	834.12320
38.920000	834.01066
38.940000	833.85979
38.960000	833.67951
38.980000	833.46727
39.000000	833.15720
39.020000	832.81762
39.040000	832.48608
39.060000	832.38792
39.080000	832.31699
39.100000	832.02743
39.120000	831.80163
39.140000	831.73219
39.160000	831.55449
39.180000	831.32505
39.200000	831.24535
39.220000	831.10622
39.240000	830.89987
39.260000	830.71610
39.280000	830.45135
39.300000	830.25550
39.320000	830.02316
39.340000	829.82766
39.360000	829.64730
39.380000	829.52796
39.400000	829.30744
39.420000	829.04941
39.440000	828.95801
39.460000	828.77079
39.480000	828.58622
39.500000	828.47725
39.520000	828.17169
39.540000	827.90717
39.560000	827.75664
39.580000	827.57416
39.600000	827.43148
39.620000	827.20947
39.640000	827.07200
39.660000	826.94911
39.680000	826.68976
39.700000	826.49196
39.720000	826.37171
39.740000	826.13823
39.760000	826.10883
39.780000	826.11009
39.800000	825.77702
39.820000	825.44633
39.840000	825.23271
39.860000	824.88711
39.880000	824.74124
39.900000	824.57056
39.920000	824.36595
39.940000	824.22622
39.960000	824.04676
39.980000	823.71554
40.000000	823.59693
40.020000	823.52972
40.040000	823.34027
40.060000	823.07038
40.080000	823.00643
40.100000	822.65414
40.120000	822.40676
40.140000	822.36400
40.160000	822.24366
40.180000	822.00033
40.200000	821.73674
40.220000	821.48010
40.240000	821.35487
40.260000	821.29327
40.280000	821.13041
40.300000	820.82211
40.320000	820.49843
40.340000	820.35947
40.360000	820.28197
40.380000	820.05261
40.400000	819.81076
40.420000	819.64269
40.440000	819.49321
40.460000	819.29025
40.480000	819.17136
40.500000	818.85422
40.520000	818.75439
40.540000	818.60588
40.560000	818.36048
40.580000	818.13166
40.600000	818.02189
40.620000	817.85250
40.640000	817.66757
40.660000	817.54059
40.680000	817.53995
40.700000	817.32062
40.720000	817.10050
40.740000	817.03578
40.760000	816.68040
40.780000	816.26391
40.800000	815.99590
40.820000	815.83004
40.840000	815.76473
40.860000	815.63582
40.880000	815.37976
40.900000	815.10471
40.920000	814.97027
40.940000	814.93423
40.960000	814.84255
40.980000	814.61430
41.000000	814.28328
41.020000	814.06217
41.040000	813.94044
41.060000	813.73038
41.080000	813.46373
41.100000	813.38486
41.120000	813.31597
41.140000	812.95284
41.160000	812.81530
41.180000	812.63352
41.200000	812.54287
41.220000	812.40044
41.240000	812.29854
41.260000	812.02648
41.280000	811.73058
41.300000	811.65045
41.320000	811.54929
41.340000	811.34695
41.360000	811.02109
41.380000	810.79896
41.400000	810.74434
41.420000	810.75754
41.440000	810.46629
41.460000	810.15122
41.480000	810.08281
41.500000	809.81681
41.520000	809.75777
41.540000	809.52711
41.560000	809.35357
41.580000	809.21313
41.600000	809.15160
41.620000	809.11004
41.640000	808.83372
41.660000	808.55049
41.680000	808.23066
41.700000	808.00440
41.720000	807.97513
41.740000	807.82070
41.760000	807.66192
41.780000	807.42581
41.800000	807.21286
41.820000	807.12694
41.840000	806.95392
41.860000	806.79180
41.880000	806.48567
41.900000	806.35892
41.920000	806.06144
41.940000	805.87436
41.960000	805.82613
41.980000	805.59646
42.000000	805.46093
42.020000	805.31267
42.040000	805.14172
42.060000	804.95181
42.080000	804.80745
42.100000	804.69789
42.120000	804.51921
42.140000	804.32718
42.160000	804.04335
42.180000	803.87908
42.200000	803.68804
42.220000	803.55662
42.240000	803.35824
42.260000	803.24421
42.280000	803.08686
42.300000	803.05704
42.320000	802.87110
42.340000	802.64482
42.360000	802.46332
42.380000	802.30638
42.400000	802.13064
42.420000	802.08692
42.440000	802.02072
42.460000	801.91553
42.480000	801.65511
42.500000	801.35403
42.520000	801.18377
42.540000	800.99573
42.560000	800.72838
42.580000	800.64901
42.600000	800.48819
42.620000	800.40074
42.640000	800.24394
42.660000	800.02627
42.680000	799.95392
42.700000	799.93605
42.720000	799.80996
42.740000	799.57712
42.760000	799.27534
42.780000	799.04737
42.800000	798.85166
42.820000	798.78235
42.840000	798.78584
42.860000	798.73601
42.880000	798.37297
42.900000	798.04917
42.920000	797.84240
42.940000	797.73013
42.960000	797.60573
42.980000	797.57563
43.000000	797.69034
43.020000	797.56350
43.040000	797.12167
43.060000	796.81915
43.080000	796.57923
43.100000	796.44465
43.120000	796.20374
43.140000	796.10281
43.160000	796.02151
43.180000	795.92101
43.200000	795.72441
43.220000	795.49526
43.240000	795.50548
43.260000	795.30147
43.280000	795.21244
43.300000	794.99268
43.320000	794.75891
43.340000	794.43569
43.360000	794.26981
43.380000	794.14321
43.400000	793.97514
43.420000	793.89354
43.440000	793.96000
43.460000	793.73277
43.480000	793.69087
43.500000	793.48105
43.520000	793.27455
43.540000	792.98415
43.560000	792.81835
43.580000	792.61822
43.600000	792.48194
43.620000	792.39007
43.640000	792.34716
43.660000	792.18402
43.680000	792.00787
43.700000	791.75424
43.720000	791.58665
43.740000	791.42221
43.760000	791.22635
43.780000	791.02578
43.800000	790.83878
43.820000	790.66248
43.840000	790.58282
43.860000	790.53734
43.880000	790.46948
43.900000	790.27086
43.920000	789.87796
43.940000	789.64902
43.960000	789.41512
43.980000	789.30648
44.000000	789.38390
44.020000	789.12100
44.040000	788.86002
44.060000	788.77572
44.080000	788.70093
44.100000	788.56326
44.120000	788.27156
44.140000	788.21839
44.160000	788.14968
44.180000	787.91274
44.200000	787.63013
44.220000	787.50298
44.240000	787.47807
44.260000	787.10988
44.280000	786.99811
44.300000	786.89299
44.320000	786.71570
44.340000	786.50772
44.360000	786.33014
44.380000	786.17717
44.400000	785.96057
44.420000	785.81303
44.440000	785.66454
44.460000	785.58639
44.480000	785.42756
44.500000	785.21100
44.520000	784.95845
44.540000	784.88013
44.560000	784.82274
44.580000	784.58715
44.600000	784.51566
44.620000	784.34816
44.640000	784.14602
44.660000	784.18355
44.680000	783.80355
44.700000	783.67744
44.720000	783.54826
44.740000	783.36690
44.760000	783.16289
44.780000	783.06027
44.800000	782.97586
44.820000	782.71282
44.840000	782.57443
44.860000	782.22678
44.880000	782.02913
44.900000	781.83641
44.920000	781.63208
44.940000	781.55213
44.960000	781.40882
44.980000	781.30504
45.000000	781.29092
45.020000	781.12148
45.040000	781.05101
45.060000	780.99019
45.080000	780.83253
45.100000	780.61402
45.120000	780.32795
45.140000	780.05455
45.160000	779.77457
45.180000	779.77170
45.200000	779.77581
45.220000	779.64207
45.240000	779.45038
45.260000	779.33008
45.280000	778.99595
45.300000	779.00982
45.320000	778.96342
45.340000	778.78752
45.360000	778.62141
45.380000	778.53469
45.400000	778.41890
45.420000	778.20093
45.440000	778.00161
45.460000	777.94667
45.480000	777.86399
45.500000	777.85853
45.520000	777.53885
45.540000	777.43763
45.560000	777.31176
45.580000	776.95032
45.600000	776.75593
45.620000	776.66491
45.640000	776.44758
45.660000	776.31204
45.680000	776.28570
45.700000	776.13734
45.720000	776.12445
45.740000	775.87477
45.760000	775.64656
45.780000	775.67687
45.800000	775.64744
45.820000	775.36346
45.840000	775.11295
45.860000	774.90208
45.880000	774.62865
45.900000	774.49399
45.920000	774.52106
45.940000	774.35032
45.960000	774.14308
45.980000	773.98144
46.000000	773.78777
46.020000	773.74512
46.040000	773.58539
46.060000	773.29929
46.080000	773.14710
46.100000	773.33267
46.120000	773.08823
46.140000	772.64246
46.160000	772.54881
46.180000	772.56000
46.200000	772.39168
46.220000	772.25555
46.240000	772.08343
46.260000	771.95309
46.280000	771.90051
46.300000	771.79493
46.320000	771.53867
46.340000	771.47232
46.360000	771.22833
46.380000	770.95190
46.400000	770.80330
46.420000	770.63374
46.440000	770.57805
46.460000	770.36901
46.480000	770.32117
46.500000	770.21639
46.520000	769.87651
46.540000	769.77204
46.560000	769.48939
46.580000	769.28756
46.600000	769.29392
46.620000	769.12769
46.640000	769.02340
46.660000	768.78754
46.680000	768.65595
46.700000	768.40469
46.720000	768.29192
46.740000	768.18970
46.760000	768.18850
46.780000	768.04821
46.800000	767.73348
46.820000	767.70792
46.840000	767.55265
46.860000	767.33905
46.880000	767.30313
46.900000	767.22967
46.920000	766.93616
46.940000	766.77923
46.960000	766.57568
46.980000	766.47892
47.000000	766.36278
47.020000	766.18132
47.040000	766.17181
47.060000	766.08475
47.080000	765.96570
47.100000	765.74759
47.120000	765.43960
47.140000	765.41106
47.160000	765.22029
47.180000	765.10382
47.200000	765.08233
47.220000	764.96223
47.240000	764.69121
47.260000	764.78547
47.280000	764.68514
47.300000	764.55024
47.320000	764.20225
47.340000	764.10158
47.360000	764.00966
47.380000	763.67911
47.400000	763.55510
47.420000	763.53194
47.440000	763.37130
47.460000	763.28216
47.480000	763.12279
47.500000	762.73073
47.520000	762.78642
47.540000	762.57541
47.560000	762.46987
47.580000	762.22169
47.600000	762.18846
47.620000	762.06978
47.640000	761.91456
47.660000	761.84680
47.680000	761.73296
47.700000	761.61237
47.720000	761.32992
47.740000	761.06776
47.760000	760.82058
47.780000	760.86555
47.800000	760.74613
47.820000	760.53180
47.840000	760.36368
47.860000	760.16660
47.880000	760.13300
47.900000	759.96953
47.920000	759.87711
47.940000	759.77091
47.960000	759.94684
47.980000	759.56556
48.000000	759.39956
48.020000	759.23452
48.040000	759.18871
48.060000	759.11584
48.080000	759.07408
48.100000	758.82077
48.120000	758.55656
48.140000	758.21374
48.160000	758.27426
48.180000	758.03715
48.200000	757.91046
48.220000	757.91088
48.240000	757.79255
48.260000	757.77038
48.280000	757.60143
48.300000	757.37042
48.320000	757.22972
48.340000	757.22758
48.360000	757.03307
48.380000	757.06804
48.400000	756.72869
48.420000	756.62060
48.440000	756.26030
48.460000	756.11690
48.480000	755.99971
48.500000	755.91040
48.520000	755.79738
48.540000	755.64741
48.560000	755.43883
48.580000	755.24447
48.600000	755.26044
48.620000	755.13495
48.640000	754.97766
48.660000	754.84515
48.680000	754.73604
48.700000	754.72517
48.720000	754.43269
48.740000	754.25141
48.760000	754.33678
48.780000	754.05014
48.800000	754.01018
48.820000	753.60794
48.840000	753.45133
48.860000	753.54843
48.880000	753.40068
48.900000	753.29019
48.920000	753.06088
48.940000	752.90370
48.960000	752.93229
48.980000	752.68768
49.000000	752.49174
49.020000	752.40408
49.040000	752.39557
49.060000	752.17636
49.080000	752.00761
49.100000	751.66885
49.120000	751.60158
49.140000	751.38379
49.160000	751.23091
49.180000	751.19506
49.200000	751.11260
49.220000	750.96212
49.240000	750.75291
49.260000	750.73090
49.280000	750.72815
49.300000	750.39837
49.320000	750.19373
49.340000	749.91551
49.360000	749.84867
49.380000	749.99869
49.400000	749.76441
49.420000	749.62815
49.440000	749.51733
49.460000	749.27262
49.480000	749.18657
49.500000	748.99093
49.520000	748.86214
49.540000	748.72800
49.560000	748.38514
49.580000	748.15280
49.600000	747.93804
49.620000	747.93291
49.640000	748.05866
49.660000	747.96430
49.680000	747.85137
49.700000	747.63257
49.720000	747.33327
49.740000	747.38523
49.760000	747.22399
49.780000	747.05235
49.800000	746.95896
49.820000	746.93059
49.840000	746.60814
49.860000	746.28662
49.880000	746.27904
49.900000	746.12388
49.920000	746.11538
49.940000	745.96506
49.960000	745.83963
49.980000	745.80366
50.000000	745.49418
50.020000	745.38919
50.040000	745.19953
50.060000	745.03510
50.080000	745.08004
50.100000	744.91726
50.120000	744.81475
50.140000	744.44889
50.160000	744.34820
50.180000	744.15997
50.200000	744.35281
50.220000	744.11604
50.240000	743.79988
50.260000	743.78578
50.280000	743.57908
50.300000	743.40936
50.320000	743.40860
50.340000	743.32860
50.360000	743.18532
50.380000	743.09708
50.400000	742.83345
50.420000	742.65275
50.440000	742.65593
50.460000	742.37482
50.480000	742.28728
50.500000	742.11719
50.520000	742.10988
50.540000	741.77305
50.560000	741.71253
50.580000	741.51765
50.600000	741.63361
50.620000	741.28686
50.640000	741.29136
50.660000	741.25311
50.680000	740.97112
50.700000	740.90666
50.720000	740.78790
50.740000	740.61966
50.760000	740.49803
50.780000	740.36014
50.800000	740.09105
50.820000	740.18570
50.840000	740.12724
50.860000	739.76504
50.880000	739.79672
50.900000	739.44856
50.920000	739.26813
50.940000	739.05684
50.960000	739.14703
50.980000	739.19853
51.000000	739.00001
51.020000	738.78518
51.040000	738.59169
51.060000	738.44720
51.080000	738.51556
51.100000	738.38899
51.120000	738.29521
51.140000	738.07611
51.160000	737.78505
51.180000	737.73233
51.200000	737.75974
51.220000	737.56482
51.240000	737.42336
51.260000	737.30682
51.280000	737.33511
51.300000	737.41991
51.320000	737.23660
51.340000	737.07432
51.360000	736.94621
51.380000	736.62348
51.400000	736.39406
51.420000	736.33239
51.440000	736.41401
51.460000	736.26293
51.480000	736.07671
51.500000	735.85285
51.520000	735.56719
51.540000	735.61021
51.560000	735.58751
51.580000	735.35960
51.600000	735.25384
51.620000	735.12237
51.640000	735.28907
51.660000	735.11993
51.680000	734.67810
51.700000	734.56526
51.720000	734.39133
51.740000	734.26118
51.760000	734.33510
51.780000	734.25448
51.800000	733.82622
51.820000	733.84591
51.840000	733.92346
51.860000	733.88913
51.880000	733.71079
51.900000	733.70242
51.920000	733.34798
51.940000	733.27517
51.960000	733.14157
51.980000	732.87401
52.000000	732.57158
52.020000	732.43963
52.040000	732.48274
52.060000	732.35966
52.080000	732.40564
52.100000	732.29686
52.120000	732.14308
52.140000	731.91650
52.160000	731.81162
52.180000	731.50742
52.200000	731.39833
52.220000	731.38071
52.240000	731.35521
52.260000	731.21548
52.280000	730.92173
52.300000	731.03963
52.320000	730.87436
52.340000	730.46198
52.360000	730.33312
52.380000	730.18062
52.400000	730.14579
52.420000	730.15284
52.440000	730.00640
52.460000	729.75313
52.480000	729.69750
52.500000	729.58955
52.520000	729.45867
52.540000	729.24034
52.560000	728.98464
52.580000	728.85916
52.600000	729.01179
52.620000	728.86961
52.640000	728.59582
52.660000	728.32765
52.680000	728.36469
52.700000	728.36632
52.720000	728.26655
52.740000	728.02840
52.760000	727.79287
52.780000	727.77076
52.800000	727.68536
52.820000	727.38946
52.840000	727.32138
52.860000	727.32701
52.880000	727.25683
52.900000	726.83553
52.920000	726.80971
52.940000	726.85257
52.960000	726.44510
52.980000	726.56670
53.000000	726.37858
53.020000	726.43108
53.040000	725.96673
53.060000	726.16324
53.080000	725.92664
53.100000	725.67394
53.120000	725.70724
53.140000	725.65121
53.160000	725.32406
53.180000	725.31506
53.200000	725.03513
53.220000	724.94275
53.240000	724.85282
53.260000	724.64505
53.280000	724.73056
53.300000	724.42472
53.320000	724.27626
53.340000	724.00677
53.360000	724.05671
53.380000	723.69763
53.400000	723.75068
53.420000	723.57095
53.440000	723.37728
53.460000	723.39150
53.480000	723.26999
53.500000	723.11761
53.520000	722.98681
53.540000	722.80041
53.560000	722.52005
53.580000	722.33940
53.600000	722.33205
53.620000	722.23401
53.640000	722.24606
53.660000	722.03559
53.680000	721.96079
53.700000	721.99858
53.720000	721.74466
53.740000	721.66130
53.760000	721.26771
53.780000	721.20642
53.800000	721.27676
53.820000	721.05800
53.840000	720.89684
53.860000	720.63955
53.880000	720.54508
53.900000	720.58010
53.920000	720.46115
53.940000	720.05622
53.960000	720.05326
53.980000	719.87072
54.000000	719.72490
54.020000	719.52760
54.040000	719.56069
54.060000	719.43383
54.080000	719.51984
54.100000	719.44416
54.120000	719.30134
54.140000	719.08494
54.160000	718.95601
54.180000	718.62532
54.200000	718.80906
54.220000	718.66319
54.240000	718.38607
54.260000	718.05589
54.280000	718.36475
54.300000	718.07468
54.320000	717.76908
54.340000	717.75937
54.360000	717.49364
54.380000	717.47807
54.400000	717.53778
54.420000	717.25280
54.440000	717.18918
54.460000	717.17722
54.480000	716.79795
54.500000	716.97265
54.520000	716.70224
54.540000	716.45576
54.560000	716.53373
54.580000	716.45232
54.600000	716.27037
54.620000	715.99045
54.640000	715.98498
54.660000	715.78622
54.680000	715.58069
54.700000	715.89226
54.720000	715.79187
54.740000	715.39722
54.760000	715.30005
54.780000	715.15007
54.800000	715.11714
54.820000	714.88484
54.840000	714.75347
54.860000	714.44254
54.880000	714.32206
54.900000	714.35847
54.920000	714.21009
54.940000	714.14765
54.960000	714.09246
54.980000	713.85443
55.000000	713.72873
55.020000	713.67453
55.040000	713.31306
55.060000	713.29849
55.080000	713.10651
55.100000	712.97773
55.120000	713.18193
55.140000	712.84893
55.160000	712.81688
55.180000	712.64834
55.200000	712.62661
55.220000	712.41908
55.240000	712.28705
55.260000	712.05328
55.280000	711.76076
55.300000	711.74696
55.320000	711.75471
55.340000	711.68241
55.360000	711.76568
55.380000	711.21888
55.400000	711.19143
55.420000	711.28867
55.440000	710.90125
55.460000	710.77387
55.480000	710.89137
55.500000	710.59319
55.520000	710.46352
55.540000	710.46427
55.560000	710.13020
55.580000	710.00822
55.600000	709.84881
55.620000	709.81569
55.640000	709.90128
55.660000	709.75054
55.680000	709.84121
55.700000	709.35220
55.720000	709.22477
55.740000	709.12492
55.760000	708.91430
55.780000	708.90514
55.800000	708.66546
55.820000	708.59221
55.840000	708.73784
55.860000	708.35502
55.880000	708.15251
55.900000	708.14465
55.920000	708.11196
55.940000	707.76134
55.960000	707.54430
55.980000	707.59979
56.000000	707.50874
56.020000	707.33246
56.040000	707.21942
56.060000	706.94432
56.080000	707.14822
56.100000	706.98123
56.120000	706.80376
56.140000	706.55835
56.160000	706.60251
56.180000	706.35807
56.200000	706.31055
56.220000	706.14020
56.240000	706.05366
56.260000	705.85132
56.280000	705.68554
56.300000	705.50352
56.320000	705.30548
56.340000	705.28335
56.360000	705.32708
56.380000	705.18968
56.400000	705.11411
56.420000	704.67550
56.440000	704.72826
56.460000	704.73388
56.480000	704.48854
56.500000	704.62277
56.520000	704.23376
56.540000	704.21841
56.560000	704.08545
56.580000	704.09025
56.600000	704.15005
56.620000	703.97868
56.640000	703.62687
56.660000	703.55584
56.680000	703.41682
56.700000	703.45777
56.720000	703.37851
56.740000	703.23267
56.760000	703.08858
56.780000	703.01306
56.800000	702.78940
56.820000	702.78110
56.840000	702.90914
56.860000	702.74773
56.880000	702.41077
56.900000	702.39133
56.920000	701.85332
56.940000	702.02413
56.960000	701.83299
56.980000	701.80777
57.000000	701.72692
57.020000	701.71278
57.040000	701.30498
57.060000	701.31854
57.080000	701.20950
57.100000	700.91908
57.120000	700.64696
57.140000	700.71980
57.160000	700.51107
57.180000	700.65114
57.200000	700.39778
57.220000	700.25513
57.240000	700.31765
57.260000	700.20745
57.280000	699.76723
57.300000	699.76751
57.320000	699.69027
57.340000	699.63106
57.360000	699.51528
57.380000	699.19367
57.400000	699.10722
57.420000	699.09698
57.440000	698.90340
57.460000	698.82199
57.480000	698.70360
57.500000	698.68393
57.520000	698.48150
57.540000	698.53434
57.560000	698.15568
57.580000	698.09535
57.600000	697.92348
57.620000	697.92172
57.640000	698.06395
57.660000	697.55130
57.680000	697.25388
57.700000	697.26746
57.720000	697.30934
57.740000	696.87938
57.760000	697.11711
57.780000	697.14112
57.800000	696.94824
57.820000	696.65614
57.840000	696.49203
57.860000	696.52547
57.880000	696.46206
57.900000	696.18143
57.920000	695.92476
57.940000	695.83190
57.960000	695.81615
57.980000	695.85095
58.000000	695.83372
58.020000	695.53009
58.040000	695.51398
58.060000	695.51364
58.080000	695.19157
58.100000	695.10274
58.120000	695.01503
58.140000	695.09722
58.160000	694.88855
58.180000	694.71857
58.200000	694.51892
58.220000	694.41003
58.240000	694.26866
58.260000	694.44207
58.280000	694.29575
58.300000	694.10285
58.320000	693.77324
58.340000	693.74772
58.360000	693.60161
58.380000	693.59661
58.400000	693.19392
58.420000	693.18464
58.440000	693.29385
58.460000	692.94115
58.480000	692.78547
58.500000	692.70348
58.520000	692.79592
58.540000	692.98267
58.560000	692.43679
58.580000	692.53412
58.600000	692.32674
58.620000	692.11898
58.640000	692.04410
58.660000	691.82973
58.680000	691.94120
58.700000	691.69375
58.720000	691.45398
58.740000	691.33600
58.760000	691.55791
58.780000	691.20422
58.800000	691.41939
58.820000	691.24905
58.840000	691.24654
58.860000	690.86318
58.880000	690.90528
58.900000	690.08054
58.920000	689.71193
58.940000	689.67884
58.960000	689.91713
58.980000	689.72828
59.000000	689.43382
59.020000	689.54829
59.040000	689.53985
59.060000	689.38657
59.080000	689.37727
59.100000	689.36954
59.120000	689.24533
59.140000	689.15063
59.160000	688.97267
59.180000	689.03548
59.200000	688.71106
59.220000	688.54606
59.240000	688.56180
59.260000	688.90146
59.280000	688.57237
59.300000	688.65143
59.320000	688.64381
59.340000	688.72517
59.360000	688.24181
59.380000	687.93958
59.400000	687.97476
59.420000	688.03473
59.440000	688.01574
59.460000	687.81142
59.480000	687.72710
59.500000	687.74501
59.520000	687.31581
59.540000	687.42777
59.560000	687.27554
59.580000	687.07925
59.600000	687.04854
59.620000	686.84371
59.640000	686.89312
59.660000	686.71678
59.680000	686.33141
59.700000	686.30832
59.720000	686.45372
59.740000	686.19838
59.760000	686.15620
59.780000	685.88988
59.800000	685.95585
59.820000	685.88266
59.840000	686.02864
59.860000	685.75166
59.880000	685.39889
59.900000	685.85005
59.920000	685.64748
59.940000	685.30034
59.960000	685.39402
59.980000	685.19854
60.000000	685.13347
